testingplz 
#domain: 1.200 0.300 0.002 
#dx_dy_dz: 0.002 0.002 0.002 
#time_window: 5.000000e-09 

#excitation_file: mala_source_modified.txt 
#hertzian_dipole: z 0.080 0.250 0 mala_source 
#rx: 0.120 0.250 0.000 
#src_steps: 0.002 0.000 0.000 
#rx_steps: 0.002 0.000 0.000 

#material: 5.000 0.220 1.000 0.000 concrete
#material: 1.000 0.000 1.000 0.000 air
#material: 80.000 0.500 1.000 0.000 water

#material: 1.000 0.000 1.000 0.000 m1
#material: 2.000 0.000 1.000 0.000 m2
#material: 3.000 0.000 1.000 0.000 m3
#material: 4.000 0.000 1.000 0.000 m4
#material: 5.000 0.000 1.000 0.000 m5
#material: 6.000 0.000 1.000 0.000 m6
#material: 7.000 0.000 1.000 0.000 m7
#material: 8.000 0.000 1.000 0.000 m8
#material: 9.000 0.000 1.000 0.000 m9
#material: 10.000 0.000 1.000 0.000 m10
#material: 11.000 0.000 1.000 0.000 m11
#material: 12.000 0.000 1.000 0.000 m12
#material: 13.000 0.000 1.000 0.000 m13
#material: 14.000 0.000 1.000 0.000 m14
#material: 15.000 0.000 1.000 0.000 m15
#material: 16.000 0.000 1.000 0.000 m16
#material: 17.000 0.000 1.000 0.000 m17
#material: 18.000 0.000 1.000 0.000 m18
#material: 19.000 0.000 1.000 0.000 m19
#material: 20.000 0.000 1.000 0.000 m20

#box: 0.000 0.000 0.000 1.200 0.250 0.002 concrete

#cylinder: 0.901 0.112 0.000 0.901 0.112 0.002 0.003 m3
#cylinder: 0.999 0.108 0.000 0.999 0.108 0.002 0.009 m16
#cylinder: 0.475 0.100 0.000 0.475 0.100 0.002 0.004 m5
#cylinder: 0.666 0.207 0.000 0.666 0.207 0.002 0.010 m6
#cylinder: 0.234 0.102 0.000 0.234 0.102 0.002 0.005 m7
#cylinder: 0.587 0.183 0.000 0.587 0.183 0.002 0.009 m5
#cylinder: 0.096 0.175 0.000 0.096 0.175 0.002 0.008 m19
#cylinder: 0.550 0.158 0.000 0.550 0.158 0.002 0.008 m3
#cylinder: 0.904 0.105 0.000 0.904 0.105 0.002 0.004 m9
#cylinder: 0.871 0.124 0.000 0.871 0.124 0.002 0.010 m8
#cylinder: 0.416 0.156 0.000 0.416 0.156 0.002 0.005 m20
#cylinder: 0.619 0.104 0.000 0.619 0.104 0.002 0.002 m3
#cylinder: 0.490 0.129 0.000 0.490 0.129 0.002 0.008 m4
#cylinder: 0.761 0.110 0.000 0.761 0.110 0.002 0.005 m15
#cylinder: 0.879 0.155 0.000 0.879 0.155 0.002 0.004 m7
#cylinder: 0.427 0.149 0.000 0.427 0.149 0.002 0.006 m3
#cylinder: 0.012 0.191 0.000 0.012 0.191 0.002 0.006 m4
#cylinder: 0.283 0.202 0.000 0.283 0.202 0.002 0.009 m11
#cylinder: 0.154 0.154 0.000 0.154 0.154 0.002 0.004 m9
#cylinder: 0.484 0.125 0.000 0.484 0.125 0.002 0.004 m13
#cylinder: 0.579 0.160 0.000 0.579 0.160 0.002 0.004 m19
#cylinder: 0.752 0.109 0.000 0.752 0.109 0.002 0.004 m8
#cylinder: 0.615 0.147 0.000 0.615 0.147 0.002 0.007 m7
#cylinder: 0.889 0.175 0.000 0.889 0.175 0.002 0.004 m13
#cylinder: 0.018 0.112 0.000 0.018 0.112 0.002 0.002 m7
#cylinder: 0.863 0.164 0.000 0.863 0.164 0.002 0.010 m2
#cylinder: 0.323 0.146 0.000 0.323 0.146 0.002 0.003 m1
#cylinder: 0.302 0.220 0.000 0.302 0.220 0.002 0.002 m20
#cylinder: 1.017 0.175 0.000 1.017 0.175 0.002 0.005 m17
#cylinder: 0.020 0.175 0.000 0.020 0.175 0.002 0.007 m13
#cylinder: 0.700 0.166 0.000 0.700 0.166 0.002 0.005 m4
#cylinder: 0.720 0.113 0.000 0.720 0.113 0.002 0.007 m1
#cylinder: 1.015 0.155 0.000 1.015 0.155 0.002 0.009 m9
#cylinder: 0.533 0.159 0.000 0.533 0.159 0.002 0.006 m5
#cylinder: 0.074 0.103 0.000 0.074 0.103 0.002 0.005 m9
#cylinder: 0.193 0.134 0.000 0.193 0.134 0.002 0.007 m13
#cylinder: 0.007 0.176 0.000 0.007 0.176 0.002 0.005 m20
#cylinder: 0.776 0.136 0.000 0.776 0.136 0.002 0.007 m10
#cylinder: 0.594 0.104 0.000 0.594 0.104 0.002 0.009 m2
#cylinder: 1.035 0.206 0.000 1.035 0.206 0.002 0.006 m20
#cylinder: 0.422 0.118 0.000 0.422 0.118 0.002 0.005 m16
#cylinder: 0.146 0.213 0.000 0.146 0.213 0.002 0.004 m8
#cylinder: 0.089 0.116 0.000 0.089 0.116 0.002 0.004 m3
#cylinder: 0.387 0.194 0.000 0.387 0.194 0.002 0.010 m11
#cylinder: 0.913 0.175 0.000 0.913 0.175 0.002 0.010 m11
#cylinder: 0.133 0.176 0.000 0.133 0.176 0.002 0.009 m16
#cylinder: 1.027 0.201 0.000 1.027 0.201 0.002 0.006 m6
#cylinder: 0.266 0.157 0.000 0.266 0.157 0.002 0.006 m1
#cylinder: 0.808 0.209 0.000 0.808 0.209 0.002 0.007 m7
#cylinder: 0.319 0.191 0.000 0.319 0.191 0.002 0.004 m17
#cylinder: 0.338 0.101 0.000 0.338 0.101 0.002 0.008 m4
#cylinder: 0.322 0.165 0.000 0.322 0.165 0.002 0.009 m6
#cylinder: 0.312 0.208 0.000 0.312 0.208 0.002 0.006 m13
#cylinder: 0.659 0.215 0.000 0.659 0.215 0.002 0.005 m6
#cylinder: 0.821 0.184 0.000 0.821 0.184 0.002 0.006 m4
#cylinder: 0.659 0.120 0.000 0.659 0.120 0.002 0.003 m3
#cylinder: 0.709 0.220 0.000 0.709 0.220 0.002 0.009 m18
#cylinder: 0.891 0.149 0.000 0.891 0.149 0.002 0.009 m17
#cylinder: 0.686 0.190 0.000 0.686 0.190 0.002 0.004 m11
#cylinder: 1.026 0.159 0.000 1.026 0.159 0.002 0.007 m12
#cylinder: 0.901 0.142 0.000 0.901 0.142 0.002 0.009 m11
#cylinder: 0.047 0.139 0.000 0.047 0.139 0.002 0.009 m7
#cylinder: 0.062 0.186 0.000 0.062 0.186 0.002 0.008 m12
#cylinder: 0.720 0.183 0.000 0.720 0.183 0.002 0.004 m7
#cylinder: 0.827 0.206 0.000 0.827 0.206 0.002 0.009 m2
#cylinder: 0.238 0.196 0.000 0.238 0.196 0.002 0.004 m16
#cylinder: 0.436 0.179 0.000 0.436 0.179 0.002 0.009 m19
#cylinder: 1.012 0.212 0.000 1.012 0.212 0.002 0.003 m3
#cylinder: 1.001 0.124 0.000 1.001 0.124 0.002 0.003 m7
#cylinder: 0.457 0.120 0.000 0.457 0.120 0.002 0.008 m14
#cylinder: 1.083 0.198 0.000 1.083 0.198 0.002 0.010 m15
#cylinder: 0.328 0.105 0.000 0.328 0.105 0.002 0.009 m20
#cylinder: 0.142 0.126 0.000 0.142 0.126 0.002 0.003 m6
#cylinder: 0.482 0.184 0.000 0.482 0.184 0.002 0.003 m9
#cylinder: 0.336 0.196 0.000 0.336 0.196 0.002 0.003 m9
#cylinder: 0.748 0.151 0.000 0.748 0.151 0.002 0.008 m2
#cylinder: 0.184 0.220 0.000 0.184 0.220 0.002 0.007 m2
#cylinder: 0.122 0.106 0.000 0.122 0.106 0.002 0.007 m12
#cylinder: 1.031 0.126 0.000 1.031 0.126 0.002 0.004 m13
#cylinder: 0.984 0.126 0.000 0.984 0.126 0.002 0.009 m15
#cylinder: 0.672 0.175 0.000 0.672 0.175 0.002 0.009 m8
#cylinder: 0.602 0.124 0.000 0.602 0.124 0.002 0.005 m4
#cylinder: 0.272 0.120 0.000 0.272 0.120 0.002 0.007 m14
#cylinder: 0.180 0.120 0.000 0.180 0.120 0.002 0.004 m13
#cylinder: 0.671 0.205 0.000 0.671 0.205 0.002 0.005 m15
#cylinder: 0.968 0.144 0.000 0.968 0.144 0.002 0.002 m20
#cylinder: 0.030 0.184 0.000 0.030 0.184 0.002 0.004 m16
#cylinder: 0.800 0.182 0.000 0.800 0.182 0.002 0.009 m11
#cylinder: 0.238 0.118 0.000 0.238 0.118 0.002 0.003 m13
#cylinder: 0.787 0.146 0.000 0.787 0.146 0.002 0.004 m19
#cylinder: 0.177 0.182 0.000 0.177 0.182 0.002 0.006 m17
#cylinder: 0.653 0.130 0.000 0.653 0.130 0.002 0.006 m20
#cylinder: 0.576 0.196 0.000 0.576 0.196 0.002 0.006 m12
#cylinder: 0.876 0.211 0.000 0.876 0.211 0.002 0.004 m1
#cylinder: 0.624 0.199 0.000 0.624 0.199 0.002 0.010 m7
#cylinder: 1.036 0.124 0.000 1.036 0.124 0.002 0.006 m19
#cylinder: 0.091 0.199 0.000 0.091 0.199 0.002 0.005 m7
#cylinder: 0.435 0.137 0.000 0.435 0.137 0.002 0.005 m12
#cylinder: 0.456 0.160 0.000 0.456 0.160 0.002 0.006 m20
#cylinder: 0.441 0.203 0.000 0.441 0.203 0.002 0.005 m7
#cylinder: 0.911 0.155 0.000 0.911 0.155 0.002 0.010 m17
#cylinder: 0.651 0.161 0.000 0.651 0.161 0.002 0.002 m6
#cylinder: 0.107 0.180 0.000 0.107 0.180 0.002 0.003 m16
#cylinder: 0.011 0.220 0.000 0.011 0.220 0.002 0.004 m4
#cylinder: 0.108 0.209 0.000 0.108 0.209 0.002 0.009 m6
#cylinder: 0.137 0.217 0.000 0.137 0.217 0.002 0.004 m18
#cylinder: 0.364 0.187 0.000 0.364 0.187 0.002 0.008 m14
#cylinder: 1.066 0.198 0.000 1.066 0.198 0.002 0.005 m15
#cylinder: 1.070 0.207 0.000 1.070 0.207 0.002 0.005 m20
#cylinder: 0.519 0.116 0.000 0.519 0.116 0.002 0.004 m20
#cylinder: 0.015 0.210 0.000 0.015 0.210 0.002 0.005 m10
#cylinder: 0.339 0.160 0.000 0.339 0.160 0.002 0.005 m1
#cylinder: 0.990 0.143 0.000 0.990 0.143 0.002 0.007 m18
#cylinder: 0.297 0.187 0.000 0.297 0.187 0.002 0.007 m4
#cylinder: 0.089 0.115 0.000 0.089 0.115 0.002 0.009 m1
#cylinder: 0.019 0.153 0.000 0.019 0.153 0.002 0.009 m4
#cylinder: 0.207 0.144 0.000 0.207 0.144 0.002 0.009 m8
#cylinder: 0.418 0.173 0.000 0.418 0.173 0.002 0.004 m14
#cylinder: 0.573 0.138 0.000 0.573 0.138 0.002 0.010 m9
#cylinder: 0.861 0.133 0.000 0.861 0.133 0.002 0.009 m16
#cylinder: 1.052 0.201 0.000 1.052 0.201 0.002 0.002 m7
#cylinder: 0.906 0.212 0.000 0.906 0.212 0.002 0.005 m12
#cylinder: 0.061 0.131 0.000 0.061 0.131 0.002 0.003 m13
#cylinder: 0.845 0.184 0.000 0.845 0.184 0.002 0.004 m17
#cylinder: 0.369 0.187 0.000 0.369 0.187 0.002 0.008 m14
#cylinder: 0.889 0.130 0.000 0.889 0.130 0.002 0.004 m5
#cylinder: 0.262 0.105 0.000 0.262 0.105 0.002 0.004 m1
#cylinder: 0.086 0.140 0.000 0.086 0.140 0.002 0.003 m17
#cylinder: 0.668 0.200 0.000 0.668 0.200 0.002 0.005 m11
#cylinder: 0.650 0.109 0.000 0.650 0.109 0.002 0.004 m6
#cylinder: 0.380 0.144 0.000 0.380 0.144 0.002 0.007 m13
#cylinder: 0.209 0.171 0.000 0.209 0.171 0.002 0.009 m7
#cylinder: 0.476 0.109 0.000 0.476 0.109 0.002 0.005 m12
#cylinder: 0.321 0.205 0.000 0.321 0.205 0.002 0.006 m15
#cylinder: 0.876 0.149 0.000 0.876 0.149 0.002 0.009 m16
#cylinder: 1.024 0.197 0.000 1.024 0.197 0.002 0.008 m15
#cylinder: 0.515 0.120 0.000 0.515 0.120 0.002 0.002 m10
#cylinder: 0.901 0.153 0.000 0.901 0.153 0.002 0.004 m5
#cylinder: 0.064 0.192 0.000 0.064 0.192 0.002 0.007 m18
#cylinder: 0.116 0.124 0.000 0.116 0.124 0.002 0.006 m9
#cylinder: 0.788 0.108 0.000 0.788 0.108 0.002 0.003 m19
#cylinder: 0.571 0.187 0.000 0.571 0.187 0.002 0.009 m6
#cylinder: 0.470 0.168 0.000 0.470 0.168 0.002 0.004 m9
#cylinder: 0.441 0.143 0.000 0.441 0.143 0.002 0.009 m13
#cylinder: 0.013 0.137 0.000 0.013 0.137 0.002 0.005 m6
#cylinder: 0.306 0.165 0.000 0.306 0.165 0.002 0.005 m7
#cylinder: 0.776 0.180 0.000 0.776 0.180 0.002 0.009 m20
#cylinder: 1.041 0.136 0.000 1.041 0.136 0.002 0.008 m20
#cylinder: 1.039 0.202 0.000 1.039 0.202 0.002 0.004 m7
#cylinder: 0.177 0.217 0.000 0.177 0.217 0.002 0.005 m14
#cylinder: 0.004 0.198 0.000 0.004 0.198 0.002 0.003 m7
#cylinder: 0.041 0.188 0.000 0.041 0.188 0.002 0.010 m6
#cylinder: 1.087 0.129 0.000 1.087 0.129 0.002 0.004 m2
#cylinder: 0.734 0.180 0.000 0.734 0.180 0.002 0.009 m3
#cylinder: 0.452 0.194 0.000 0.452 0.194 0.002 0.004 m2
#cylinder: 0.681 0.216 0.000 0.681 0.216 0.002 0.005 m8
#cylinder: 0.691 0.174 0.000 0.691 0.174 0.002 0.004 m12
#cylinder: 0.114 0.165 0.000 0.114 0.165 0.002 0.003 m14
#cylinder: 0.646 0.200 0.000 0.646 0.200 0.002 0.003 m3
#cylinder: 0.757 0.108 0.000 0.757 0.108 0.002 0.009 m17
#cylinder: 0.220 0.163 0.000 0.220 0.163 0.002 0.002 m4
#cylinder: 1.026 0.216 0.000 1.026 0.216 0.002 0.004 m13
#cylinder: 1.058 0.148 0.000 1.058 0.148 0.002 0.005 m12
#cylinder: 0.514 0.173 0.000 0.514 0.173 0.002 0.006 m10
#cylinder: 0.476 0.161 0.000 0.476 0.161 0.002 0.005 m3
#cylinder: 0.525 0.130 0.000 0.525 0.130 0.002 0.007 m11
#cylinder: 0.110 0.140 0.000 0.110 0.140 0.002 0.010 m10
#cylinder: 1.002 0.137 0.000 1.002 0.137 0.002 0.004 m16
#cylinder: 0.928 0.192 0.000 0.928 0.192 0.002 0.004 m20
#cylinder: 0.713 0.210 0.000 0.713 0.210 0.002 0.004 m19
#cylinder: 0.652 0.101 0.000 0.652 0.101 0.002 0.008 m17
#cylinder: 0.771 0.196 0.000 0.771 0.196 0.002 0.005 m19
#cylinder: 0.859 0.179 0.000 0.859 0.179 0.002 0.010 m6
#cylinder: 0.899 0.134 0.000 0.899 0.134 0.002 0.006 m8
#cylinder: 0.507 0.151 0.000 0.507 0.151 0.002 0.008 m1
#cylinder: 0.636 0.164 0.000 0.636 0.164 0.002 0.010 m8
#cylinder: 0.644 0.190 0.000 0.644 0.190 0.002 0.009 m9
#cylinder: 0.281 0.137 0.000 0.281 0.137 0.002 0.008 m8
#cylinder: 0.646 0.137 0.000 0.646 0.137 0.002 0.003 m15
#cylinder: 0.286 0.103 0.000 0.286 0.103 0.002 0.005 m14
#cylinder: 0.917 0.184 0.000 0.917 0.184 0.002 0.009 m7
#cylinder: 0.327 0.216 0.000 0.327 0.216 0.002 0.004 m10
#cylinder: 0.900 0.145 0.000 0.900 0.145 0.002 0.007 m7
#cylinder: 0.314 0.209 0.000 0.314 0.209 0.002 0.003 m19
#cylinder: 0.201 0.183 0.000 0.201 0.183 0.002 0.006 m2
#cylinder: 0.612 0.103 0.000 0.612 0.103 0.002 0.004 m17
#cylinder: 0.914 0.183 0.000 0.914 0.183 0.002 0.010 m9
#cylinder: 1.081 0.161 0.000 1.081 0.161 0.002 0.010 m6
#cylinder: 0.004 0.118 0.000 0.004 0.118 0.002 0.005 m15
#cylinder: 0.266 0.146 0.000 0.266 0.146 0.002 0.003 m20
#cylinder: 0.607 0.149 0.000 0.607 0.149 0.002 0.003 m3
#cylinder: 0.588 0.163 0.000 0.588 0.163 0.002 0.005 m16
#cylinder: 1.021 0.123 0.000 1.021 0.123 0.002 0.006 m10
#cylinder: 0.184 0.113 0.000 0.184 0.113 0.002 0.007 m6
#cylinder: 0.704 0.175 0.000 0.704 0.175 0.002 0.005 m10
#cylinder: 0.181 0.203 0.000 0.181 0.203 0.002 0.005 m9
#cylinder: 0.686 0.119 0.000 0.686 0.119 0.002 0.005 m11
#cylinder: 0.925 0.102 0.000 0.925 0.102 0.002 0.002 m8
#cylinder: 0.044 0.196 0.000 0.044 0.196 0.002 0.005 m18
#cylinder: 1.070 0.149 0.000 1.070 0.149 0.002 0.004 m5
