testingplz 
#domain: 1.200 0.300 0.002 
#dx_dy_dz: 0.002 0.002 0.002 
#time_window: 5.000000e-09 

#excitation_file: mala_source_modified.txt 
#hertzian_dipole: z 0.080 0.250 0 mala_source 
#rx: 0.120 0.250 0.000 
#src_steps: 0.002 0.000 0.000 
#rx_steps: 0.002 0.000 0.000 

#material: 5.000 0.220 1.000 0.000 concrete
#material: 1.000 0.000 1.000 0.000 air
#material: 80.000 0.500 1.000 0.000 water

#material: 1.000 0.000 1.000 0.000 m1
#material: 2.000 0.000 1.000 0.000 m2
#material: 3.000 0.000 1.000 0.000 m3
#material: 4.000 0.000 1.000 0.000 m4
#material: 5.000 0.000 1.000 0.000 m5
#material: 6.000 0.000 1.000 0.000 m6
#material: 7.000 0.000 1.000 0.000 m7
#material: 8.000 0.000 1.000 0.000 m8
#material: 9.000 0.000 1.000 0.000 m9
#material: 10.000 0.000 1.000 0.000 m10
#material: 11.000 0.000 1.000 0.000 m11
#material: 12.000 0.000 1.000 0.000 m12
#material: 13.000 0.000 1.000 0.000 m13
#material: 14.000 0.000 1.000 0.000 m14
#material: 15.000 0.000 1.000 0.000 m15
#material: 16.000 0.000 1.000 0.000 m16
#material: 17.000 0.000 1.000 0.000 m17
#material: 18.000 0.000 1.000 0.000 m18
#material: 19.000 0.000 1.000 0.000 m19
#material: 20.000 0.000 1.000 0.000 m20

#box: 0.000 0.000 0.000 1.200 0.250 0.002 concrete

#cylinder: 0.461 0.179 0.000 0.461 0.179 0.002 0.004 m8
#cylinder: 0.545 0.130 0.000 0.545 0.130 0.002 0.009 m5
#cylinder: 0.317 0.179 0.000 0.317 0.179 0.002 0.005 m1
#cylinder: 0.284 0.186 0.000 0.284 0.186 0.002 0.004 m9
#cylinder: 0.828 0.110 0.000 0.828 0.110 0.002 0.004 m16
#cylinder: 0.501 0.203 0.000 0.501 0.203 0.002 0.002 m14
#cylinder: 1.002 0.160 0.000 1.002 0.160 0.002 0.009 m4
#cylinder: 0.470 0.172 0.000 0.470 0.172 0.002 0.007 m2
#cylinder: 0.771 0.220 0.000 0.771 0.220 0.002 0.009 m3
#cylinder: 1.073 0.125 0.000 1.073 0.125 0.002 0.006 m7
#cylinder: 0.304 0.207 0.000 0.304 0.207 0.002 0.004 m7
#cylinder: 0.031 0.194 0.000 0.031 0.194 0.002 0.003 m19
#cylinder: 0.677 0.195 0.000 0.677 0.195 0.002 0.007 m16
#cylinder: 0.341 0.190 0.000 0.341 0.190 0.002 0.006 m10
#cylinder: 0.717 0.185 0.000 0.717 0.185 0.002 0.004 m6
#cylinder: 0.592 0.143 0.000 0.592 0.143 0.002 0.006 m3
#cylinder: 0.806 0.154 0.000 0.806 0.154 0.002 0.009 m14
#cylinder: 0.807 0.206 0.000 0.807 0.206 0.002 0.004 m18
#cylinder: 0.925 0.180 0.000 0.925 0.180 0.002 0.007 m2
#cylinder: 0.830 0.155 0.000 0.830 0.155 0.002 0.002 m9
#cylinder: 0.606 0.156 0.000 0.606 0.156 0.002 0.007 m7
#cylinder: 0.644 0.160 0.000 0.644 0.160 0.002 0.004 m13
#cylinder: 0.405 0.171 0.000 0.405 0.171 0.002 0.004 m7
#cylinder: 0.167 0.200 0.000 0.167 0.200 0.002 0.003 m17
#cylinder: 0.224 0.189 0.000 0.224 0.189 0.002 0.006 m9
#cylinder: 0.825 0.159 0.000 0.825 0.159 0.002 0.004 m5
#cylinder: 0.832 0.170 0.000 0.832 0.170 0.002 0.007 m7
#cylinder: 0.686 0.180 0.000 0.686 0.180 0.002 0.009 m17
#cylinder: 0.741 0.192 0.000 0.741 0.192 0.002 0.009 m8
#cylinder: 1.088 0.215 0.000 1.088 0.215 0.002 0.009 m3
#cylinder: 0.559 0.209 0.000 0.559 0.209 0.002 0.003 m9
#cylinder: 0.569 0.144 0.000 0.569 0.144 0.002 0.002 m15
#cylinder: 0.860 0.163 0.000 0.860 0.163 0.002 0.003 m9
#cylinder: 0.284 0.220 0.000 0.284 0.220 0.002 0.007 m6
#cylinder: 1.028 0.205 0.000 1.028 0.205 0.002 0.010 m4
#cylinder: 0.193 0.141 0.000 0.193 0.141 0.002 0.004 m14
#cylinder: 0.933 0.177 0.000 0.933 0.177 0.002 0.009 m19
#cylinder: 0.767 0.126 0.000 0.767 0.126 0.002 0.002 m2
#cylinder: 0.745 0.102 0.000 0.745 0.102 0.002 0.003 m13
#cylinder: 0.602 0.170 0.000 0.602 0.170 0.002 0.008 m9
#cylinder: 0.344 0.160 0.000 0.344 0.160 0.002 0.009 m8
#cylinder: 0.003 0.134 0.000 0.003 0.134 0.002 0.009 m18
#cylinder: 0.492 0.212 0.000 0.492 0.212 0.002 0.010 m7
#cylinder: 0.175 0.164 0.000 0.175 0.164 0.002 0.010 m17
#cylinder: 0.696 0.150 0.000 0.696 0.150 0.002 0.005 m10
#cylinder: 0.377 0.107 0.000 0.377 0.107 0.002 0.007 m10
#cylinder: 0.512 0.163 0.000 0.512 0.163 0.002 0.005 m3
#cylinder: 0.329 0.153 0.000 0.329 0.153 0.002 0.003 m10
#cylinder: 0.061 0.175 0.000 0.061 0.175 0.002 0.005 m12
#cylinder: 1.022 0.188 0.000 1.022 0.188 0.002 0.004 m4
#cylinder: 0.215 0.140 0.000 0.215 0.140 0.002 0.006 m12
#cylinder: 0.835 0.117 0.000 0.835 0.117 0.002 0.004 m1
#cylinder: 0.848 0.148 0.000 0.848 0.148 0.002 0.010 m1
#cylinder: 0.227 0.134 0.000 0.227 0.134 0.002 0.004 m2
#cylinder: 0.485 0.119 0.000 0.485 0.119 0.002 0.010 m19
#cylinder: 0.195 0.143 0.000 0.195 0.143 0.002 0.004 m8
#cylinder: 0.431 0.185 0.000 0.431 0.185 0.002 0.003 m3
#cylinder: 0.548 0.177 0.000 0.548 0.177 0.002 0.009 m18
#cylinder: 0.099 0.126 0.000 0.099 0.126 0.002 0.008 m14
#cylinder: 0.317 0.104 0.000 0.317 0.104 0.002 0.007 m17
#cylinder: 0.138 0.137 0.000 0.138 0.137 0.002 0.004 m15
#cylinder: 1.025 0.131 0.000 1.025 0.131 0.002 0.007 m7
#cylinder: 0.223 0.190 0.000 0.223 0.190 0.002 0.008 m5
#cylinder: 0.404 0.199 0.000 0.404 0.199 0.002 0.006 m7
#cylinder: 0.908 0.209 0.000 0.908 0.209 0.002 0.007 m19
#cylinder: 0.962 0.208 0.000 0.962 0.208 0.002 0.004 m1
#cylinder: 1.030 0.128 0.000 1.030 0.128 0.002 0.005 m3
#cylinder: 0.809 0.207 0.000 0.809 0.207 0.002 0.004 m4
#cylinder: 0.227 0.109 0.000 0.227 0.109 0.002 0.010 m10
#cylinder: 0.671 0.118 0.000 0.671 0.118 0.002 0.002 m12
#cylinder: 0.837 0.113 0.000 0.837 0.113 0.002 0.004 m6
#cylinder: 0.095 0.153 0.000 0.095 0.153 0.002 0.004 m11
#cylinder: 0.703 0.138 0.000 0.703 0.138 0.002 0.004 m17
#cylinder: 0.156 0.200 0.000 0.156 0.200 0.002 0.005 m7
#cylinder: 0.264 0.133 0.000 0.264 0.133 0.002 0.007 m18
#cylinder: 0.629 0.130 0.000 0.629 0.130 0.002 0.004 m20
#cylinder: 0.225 0.114 0.000 0.225 0.114 0.002 0.003 m9
#cylinder: 0.816 0.149 0.000 0.816 0.149 0.002 0.005 m19
#cylinder: 0.232 0.219 0.000 0.232 0.219 0.002 0.006 m20
#cylinder: 0.647 0.133 0.000 0.647 0.133 0.002 0.003 m6
#cylinder: 0.020 0.162 0.000 0.020 0.162 0.002 0.009 m1
#cylinder: 0.120 0.179 0.000 0.120 0.179 0.002 0.007 m1
#cylinder: 0.542 0.115 0.000 0.542 0.115 0.002 0.006 m8
#cylinder: 0.751 0.146 0.000 0.751 0.146 0.002 0.007 m19
#cylinder: 0.597 0.167 0.000 0.597 0.167 0.002 0.006 m10
#cylinder: 0.968 0.173 0.000 0.968 0.173 0.002 0.007 m7
#cylinder: 0.341 0.199 0.000 0.341 0.199 0.002 0.009 m3
#cylinder: 0.771 0.152 0.000 0.771 0.152 0.002 0.009 m8
#cylinder: 0.877 0.153 0.000 0.877 0.153 0.002 0.009 m1
#cylinder: 0.953 0.109 0.000 0.953 0.109 0.002 0.005 m18
#cylinder: 0.933 0.168 0.000 0.933 0.168 0.002 0.007 m5
#cylinder: 1.065 0.133 0.000 1.065 0.133 0.002 0.010 m2
#cylinder: 0.581 0.186 0.000 0.581 0.186 0.002 0.007 m18
#cylinder: 0.617 0.183 0.000 0.617 0.183 0.002 0.005 m1
#cylinder: 0.206 0.132 0.000 0.206 0.132 0.002 0.004 m4
#cylinder: 0.589 0.200 0.000 0.589 0.200 0.002 0.004 m13
#cylinder: 0.885 0.188 0.000 0.885 0.188 0.002 0.009 m4
#cylinder: 0.613 0.217 0.000 0.613 0.217 0.002 0.007 m1
#cylinder: 0.700 0.123 0.000 0.700 0.123 0.002 0.004 m4
#cylinder: 0.804 0.142 0.000 0.804 0.142 0.002 0.010 m17
#cylinder: 0.312 0.190 0.000 0.312 0.190 0.002 0.003 m19
#cylinder: 1.026 0.178 0.000 1.026 0.178 0.002 0.004 m1
#cylinder: 0.796 0.155 0.000 0.796 0.155 0.002 0.005 m2
#cylinder: 0.350 0.130 0.000 0.350 0.130 0.002 0.007 m1
#cylinder: 0.241 0.138 0.000 0.241 0.138 0.002 0.002 m9
#cylinder: 0.994 0.131 0.000 0.994 0.131 0.002 0.009 m19
#cylinder: 0.496 0.132 0.000 0.496 0.132 0.002 0.008 m13
#cylinder: 0.387 0.196 0.000 0.387 0.196 0.002 0.004 m14
#cylinder: 0.115 0.190 0.000 0.115 0.190 0.002 0.004 m13
#cylinder: 0.555 0.198 0.000 0.555 0.198 0.002 0.006 m16
#cylinder: 0.273 0.162 0.000 0.273 0.162 0.002 0.009 m15
#cylinder: 0.809 0.157 0.000 0.809 0.157 0.002 0.004 m11
#cylinder: 0.878 0.151 0.000 0.878 0.151 0.002 0.006 m4
#cylinder: 0.989 0.113 0.000 0.989 0.113 0.002 0.009 m14
#cylinder: 0.745 0.192 0.000 0.745 0.192 0.002 0.007 m7
#cylinder: 0.682 0.147 0.000 0.682 0.147 0.002 0.009 m6
#cylinder: 0.702 0.184 0.000 0.702 0.184 0.002 0.009 m6
#cylinder: 0.099 0.128 0.000 0.099 0.128 0.002 0.006 m10
#cylinder: 0.948 0.212 0.000 0.948 0.212 0.002 0.007 m14
#cylinder: 0.123 0.164 0.000 0.123 0.164 0.002 0.006 m10
#cylinder: 0.087 0.154 0.000 0.087 0.154 0.002 0.004 m5
#cylinder: 0.970 0.158 0.000 0.970 0.158 0.002 0.002 m11
#cylinder: 0.463 0.143 0.000 0.463 0.143 0.002 0.005 m19
#cylinder: 0.513 0.198 0.000 0.513 0.198 0.002 0.004 m20
#cylinder: 0.948 0.108 0.000 0.948 0.108 0.002 0.008 m1
#cylinder: 0.445 0.134 0.000 0.445 0.134 0.002 0.005 m3
#cylinder: 0.981 0.191 0.000 0.981 0.191 0.002 0.010 m19
#cylinder: 0.929 0.139 0.000 0.929 0.139 0.002 0.002 m2
#cylinder: 0.459 0.189 0.000 0.459 0.189 0.002 0.006 m19
#cylinder: 0.067 0.133 0.000 0.067 0.133 0.002 0.005 m7
#cylinder: 0.047 0.179 0.000 0.047 0.179 0.002 0.005 m2
#cylinder: 0.461 0.148 0.000 0.461 0.148 0.002 0.009 m3
#cylinder: 0.697 0.175 0.000 0.697 0.175 0.002 0.007 m2
#cylinder: 0.472 0.197 0.000 0.472 0.197 0.002 0.009 m13
#cylinder: 0.491 0.168 0.000 0.491 0.168 0.002 0.005 m10
#cylinder: 0.732 0.157 0.000 0.732 0.157 0.002 0.003 m4
#cylinder: 0.513 0.192 0.000 0.513 0.192 0.002 0.008 m6
#cylinder: 0.563 0.196 0.000 0.563 0.196 0.002 0.009 m10
#cylinder: 0.082 0.102 0.000 0.082 0.102 0.002 0.006 m15
#cylinder: 0.901 0.190 0.000 0.901 0.190 0.002 0.004 m15
#cylinder: 0.885 0.105 0.000 0.885 0.105 0.002 0.003 m19
#cylinder: 0.231 0.108 0.000 0.231 0.108 0.002 0.003 m4
#cylinder: 0.099 0.207 0.000 0.099 0.207 0.002 0.005 m12
#cylinder: 0.065 0.123 0.000 0.065 0.123 0.002 0.004 m10
#cylinder: 0.949 0.147 0.000 0.949 0.147 0.002 0.006 m4
#cylinder: 0.834 0.126 0.000 0.834 0.126 0.002 0.002 m10
#cylinder: 0.280 0.160 0.000 0.280 0.160 0.002 0.004 m1
#cylinder: 0.489 0.200 0.000 0.489 0.200 0.002 0.009 m18
#cylinder: 0.706 0.138 0.000 0.706 0.138 0.002 0.004 m6
#cylinder: 0.626 0.114 0.000 0.626 0.114 0.002 0.004 m13
#cylinder: 0.483 0.128 0.000 0.483 0.128 0.002 0.010 m6
#cylinder: 0.554 0.202 0.000 0.554 0.202 0.002 0.003 m17
#cylinder: 0.380 0.169 0.000 0.380 0.169 0.002 0.009 m7
#cylinder: 0.932 0.167 0.000 0.932 0.167 0.002 0.009 m9
#cylinder: 0.138 0.215 0.000 0.138 0.215 0.002 0.004 m6
#cylinder: 0.291 0.192 0.000 0.291 0.192 0.002 0.005 m12
#cylinder: 0.241 0.106 0.000 0.241 0.106 0.002 0.008 m14
#cylinder: 0.880 0.126 0.000 0.880 0.126 0.002 0.006 m13
#cylinder: 0.889 0.194 0.000 0.889 0.194 0.002 0.004 m8
#cylinder: 0.607 0.154 0.000 0.607 0.154 0.002 0.004 m8
#cylinder: 0.396 0.104 0.000 0.396 0.104 0.002 0.005 m20
#cylinder: 0.711 0.111 0.000 0.711 0.111 0.002 0.004 m2
#cylinder: 0.471 0.212 0.000 0.471 0.212 0.002 0.005 m15
#cylinder: 0.039 0.207 0.000 0.039 0.207 0.002 0.005 m11
#cylinder: 0.485 0.102 0.000 0.485 0.102 0.002 0.006 m17
#cylinder: 0.751 0.117 0.000 0.751 0.117 0.002 0.008 m4
#cylinder: 1.099 0.104 0.000 1.099 0.104 0.002 0.008 m6
#cylinder: 0.043 0.169 0.000 0.043 0.169 0.002 0.009 m11
#cylinder: 0.794 0.102 0.000 0.794 0.102 0.002 0.005 m17
#cylinder: 0.523 0.179 0.000 0.523 0.179 0.002 0.006 m6
#cylinder: 0.595 0.122 0.000 0.595 0.122 0.002 0.007 m1
#cylinder: 0.725 0.115 0.000 0.725 0.115 0.002 0.004 m1
#cylinder: 0.011 0.156 0.000 0.011 0.156 0.002 0.009 m18
#cylinder: 0.768 0.217 0.000 0.768 0.217 0.002 0.002 m19
#cylinder: 0.609 0.170 0.000 0.609 0.170 0.002 0.006 m16
#cylinder: 0.599 0.219 0.000 0.599 0.219 0.002 0.006 m10
#cylinder: 0.131 0.152 0.000 0.131 0.152 0.002 0.002 m18
#cylinder: 1.054 0.125 0.000 1.054 0.125 0.002 0.004 m9
#cylinder: 0.919 0.186 0.000 0.919 0.186 0.002 0.003 m8
#cylinder: 0.129 0.203 0.000 0.129 0.203 0.002 0.004 m15
#cylinder: 0.585 0.178 0.000 0.585 0.178 0.002 0.004 m1
#cylinder: 0.944 0.127 0.000 0.944 0.127 0.002 0.009 m13
#cylinder: 0.529 0.106 0.000 0.529 0.106 0.002 0.004 m20
#cylinder: 1.077 0.167 0.000 1.077 0.167 0.002 0.006 m8
#cylinder: 0.599 0.148 0.000 0.599 0.148 0.002 0.003 m17
#cylinder: 0.602 0.220 0.000 0.602 0.220 0.002 0.007 m9
#cylinder: 0.998 0.212 0.000 0.998 0.212 0.002 0.005 m12
#cylinder: 0.174 0.139 0.000 0.174 0.139 0.002 0.010 m18
#cylinder: 0.378 0.202 0.000 0.378 0.202 0.002 0.004 m9
#cylinder: 0.394 0.147 0.000 0.394 0.147 0.002 0.010 m13
#cylinder: 0.605 0.197 0.000 0.605 0.197 0.002 0.004 m5
#cylinder: 0.854 0.212 0.000 0.854 0.212 0.002 0.004 m17
#cylinder: 0.455 0.135 0.000 0.455 0.135 0.002 0.002 m10
#cylinder: 0.978 0.105 0.000 0.978 0.105 0.002 0.006 m15
#cylinder: 0.076 0.118 0.000 0.076 0.118 0.002 0.006 m2
#cylinder: 0.369 0.181 0.000 0.369 0.181 0.002 0.009 m11
#cylinder: 1.068 0.142 0.000 1.068 0.142 0.002 0.009 m18
#cylinder: 0.818 0.152 0.000 0.818 0.152 0.002 0.005 m5
#cylinder: 0.990 0.219 0.000 0.990 0.219 0.002 0.004 m12
#cylinder: 0.620 0.198 0.000 0.620 0.198 0.002 0.003 m11
