testingplz 
#domain: 1.200 0.300 0.002 
#dx_dy_dz: 0.002 0.002 0.002 
#time_window: 5.000000e-09 

#excitation_file: mala_source_modified.txt 
#hertzian_dipole: z 0.080 0.250 0 mala_source 
#rx: 0.120 0.250 0.000 
#src_steps: 0.002 0.000 0.000 
#rx_steps: 0.002 0.000 0.000 

#material: 5.000 0.220 1.000 0.000 concrete
#material: 1.000 0.000 1.000 0.000 air
#material: 80.000 0.500 1.000 0.000 water

#material: 1.000 0.000 1.000 0.000 m1
#material: 2.000 0.000 1.000 0.000 m2
#material: 3.000 0.000 1.000 0.000 m3
#material: 4.000 0.000 1.000 0.000 m4
#material: 5.000 0.000 1.000 0.000 m5
#material: 6.000 0.000 1.000 0.000 m6
#material: 7.000 0.000 1.000 0.000 m7
#material: 8.000 0.000 1.000 0.000 m8
#material: 9.000 0.000 1.000 0.000 m9
#material: 10.000 0.000 1.000 0.000 m10
#material: 11.000 0.000 1.000 0.000 m11
#material: 12.000 0.000 1.000 0.000 m12
#material: 13.000 0.000 1.000 0.000 m13
#material: 14.000 0.000 1.000 0.000 m14
#material: 15.000 0.000 1.000 0.000 m15
#material: 16.000 0.000 1.000 0.000 m16
#material: 17.000 0.000 1.000 0.000 m17
#material: 18.000 0.000 1.000 0.000 m18
#material: 19.000 0.000 1.000 0.000 m19
#material: 20.000 0.000 1.000 0.000 m20

#box: 0.000 0.000 0.000 1.200 0.250 0.002 concrete

#cylinder: 0.537 0.194 0.000 0.537 0.194 0.002 0.007 m12
#cylinder: 0.943 0.191 0.000 0.943 0.191 0.002 0.003 m19
#cylinder: 0.986 0.196 0.000 0.986 0.196 0.002 0.005 m14
#cylinder: 0.646 0.125 0.000 0.646 0.125 0.002 0.008 m8
#cylinder: 0.868 0.151 0.000 0.868 0.151 0.002 0.008 m13
#cylinder: 0.699 0.170 0.000 0.699 0.170 0.002 0.002 m2
#cylinder: 0.471 0.189 0.000 0.471 0.189 0.002 0.002 m19
#cylinder: 0.991 0.156 0.000 0.991 0.156 0.002 0.004 m17
#cylinder: 1.044 0.177 0.000 1.044 0.177 0.002 0.004 m14
#cylinder: 0.662 0.218 0.000 0.662 0.218 0.002 0.008 m10
#cylinder: 0.224 0.142 0.000 0.224 0.142 0.002 0.005 m8
#cylinder: 0.223 0.162 0.000 0.223 0.162 0.002 0.006 m16
#cylinder: 0.055 0.214 0.000 0.055 0.214 0.002 0.004 m3
#cylinder: 1.059 0.156 0.000 1.059 0.156 0.002 0.009 m2
#cylinder: 0.511 0.210 0.000 0.511 0.210 0.002 0.004 m10
#cylinder: 0.879 0.113 0.000 0.879 0.113 0.002 0.003 m9
#cylinder: 0.308 0.143 0.000 0.308 0.143 0.002 0.009 m17
#cylinder: 0.048 0.216 0.000 0.048 0.216 0.002 0.009 m3
#cylinder: 0.175 0.154 0.000 0.175 0.154 0.002 0.008 m9
#cylinder: 0.452 0.120 0.000 0.452 0.120 0.002 0.008 m14
#cylinder: 0.782 0.110 0.000 0.782 0.110 0.002 0.003 m19
#cylinder: 0.433 0.172 0.000 0.433 0.172 0.002 0.003 m6
#cylinder: 0.079 0.103 0.000 0.079 0.103 0.002 0.004 m4
#cylinder: 0.547 0.201 0.000 0.547 0.201 0.002 0.009 m5
#cylinder: 0.486 0.116 0.000 0.486 0.116 0.002 0.009 m13
#cylinder: 0.358 0.210 0.000 0.358 0.210 0.002 0.009 m9
#cylinder: 0.797 0.186 0.000 0.797 0.186 0.002 0.005 m15
#cylinder: 0.861 0.137 0.000 0.861 0.137 0.002 0.003 m8
#cylinder: 0.754 0.133 0.000 0.754 0.133 0.002 0.006 m5
#cylinder: 0.579 0.140 0.000 0.579 0.140 0.002 0.005 m10
#cylinder: 0.388 0.174 0.000 0.388 0.174 0.002 0.009 m8
#cylinder: 0.584 0.136 0.000 0.584 0.136 0.002 0.004 m13
#cylinder: 0.900 0.204 0.000 0.900 0.204 0.002 0.007 m11
#cylinder: 0.311 0.139 0.000 0.311 0.139 0.002 0.003 m18
#cylinder: 0.816 0.180 0.000 0.816 0.180 0.002 0.004 m15
#cylinder: 0.014 0.190 0.000 0.014 0.190 0.002 0.004 m13
#cylinder: 0.185 0.131 0.000 0.185 0.131 0.002 0.004 m18
#cylinder: 0.604 0.102 0.000 0.604 0.102 0.002 0.007 m5
#cylinder: 0.487 0.146 0.000 0.487 0.146 0.002 0.006 m3
#cylinder: 0.905 0.141 0.000 0.905 0.141 0.002 0.009 m6
#cylinder: 0.580 0.177 0.000 0.580 0.177 0.002 0.009 m1
#cylinder: 0.575 0.207 0.000 0.575 0.207 0.002 0.007 m18
#cylinder: 0.644 0.214 0.000 0.644 0.214 0.002 0.009 m1
#cylinder: 0.277 0.105 0.000 0.277 0.105 0.002 0.004 m8
#cylinder: 0.442 0.113 0.000 0.442 0.113 0.002 0.006 m3
#cylinder: 0.967 0.109 0.000 0.967 0.109 0.002 0.006 m16
#cylinder: 0.623 0.180 0.000 0.623 0.180 0.002 0.009 m1
#cylinder: 0.316 0.199 0.000 0.316 0.199 0.002 0.004 m3
#cylinder: 0.519 0.111 0.000 0.519 0.111 0.002 0.002 m6
#cylinder: 0.294 0.137 0.000 0.294 0.137 0.002 0.005 m8
#cylinder: 0.725 0.220 0.000 0.725 0.220 0.002 0.003 m3
#cylinder: 0.701 0.147 0.000 0.701 0.147 0.002 0.004 m10
#cylinder: 0.580 0.194 0.000 0.580 0.194 0.002 0.009 m16
#cylinder: 0.795 0.125 0.000 0.795 0.125 0.002 0.005 m19
#cylinder: 0.238 0.191 0.000 0.238 0.191 0.002 0.004 m19
#cylinder: 0.557 0.212 0.000 0.557 0.212 0.002 0.007 m13
#cylinder: 0.954 0.215 0.000 0.954 0.215 0.002 0.004 m4
#cylinder: 0.555 0.155 0.000 0.555 0.155 0.002 0.005 m3
#cylinder: 0.071 0.140 0.000 0.071 0.140 0.002 0.004 m19
#cylinder: 0.292 0.195 0.000 0.292 0.195 0.002 0.004 m4
#cylinder: 1.088 0.171 0.000 1.088 0.171 0.002 0.009 m2
#cylinder: 0.113 0.142 0.000 0.113 0.142 0.002 0.008 m3
#cylinder: 0.663 0.183 0.000 0.663 0.183 0.002 0.002 m6
#cylinder: 0.964 0.141 0.000 0.964 0.141 0.002 0.006 m12
#cylinder: 0.218 0.194 0.000 0.218 0.194 0.002 0.006 m16
#cylinder: 0.733 0.137 0.000 0.733 0.137 0.002 0.006 m4
#cylinder: 0.747 0.194 0.000 0.747 0.194 0.002 0.003 m17
#cylinder: 0.332 0.211 0.000 0.332 0.211 0.002 0.005 m1
#cylinder: 0.892 0.187 0.000 0.892 0.187 0.002 0.007 m14
#cylinder: 0.034 0.190 0.000 0.034 0.190 0.002 0.009 m12
#cylinder: 0.453 0.105 0.000 0.453 0.105 0.002 0.010 m12
#cylinder: 0.766 0.100 0.000 0.766 0.100 0.002 0.003 m8
#cylinder: 0.908 0.163 0.000 0.908 0.163 0.002 0.006 m14
#cylinder: 0.477 0.155 0.000 0.477 0.155 0.002 0.003 m16
#cylinder: 0.765 0.182 0.000 0.765 0.182 0.002 0.002 m7
#cylinder: 0.974 0.205 0.000 0.974 0.205 0.002 0.007 m2
#cylinder: 0.012 0.138 0.000 0.012 0.138 0.002 0.004 m12
#cylinder: 0.223 0.168 0.000 0.223 0.168 0.002 0.003 m20
#cylinder: 0.298 0.126 0.000 0.298 0.126 0.002 0.009 m14
#cylinder: 0.441 0.166 0.000 0.441 0.166 0.002 0.003 m11
#cylinder: 0.890 0.207 0.000 0.890 0.207 0.002 0.008 m13
#cylinder: 0.892 0.153 0.000 0.892 0.153 0.002 0.004 m5
#cylinder: 0.120 0.135 0.000 0.120 0.135 0.002 0.004 m11
#cylinder: 1.040 0.110 0.000 1.040 0.110 0.002 0.006 m5
#cylinder: 1.074 0.133 0.000 1.074 0.133 0.002 0.008 m12
#cylinder: 0.946 0.137 0.000 0.946 0.137 0.002 0.006 m8
#cylinder: 0.528 0.142 0.000 0.528 0.142 0.002 0.009 m17
#cylinder: 0.160 0.120 0.000 0.160 0.120 0.002 0.009 m4
#cylinder: 0.479 0.133 0.000 0.479 0.133 0.002 0.003 m2
#cylinder: 0.995 0.220 0.000 0.995 0.220 0.002 0.003 m20
#cylinder: 0.811 0.214 0.000 0.811 0.214 0.002 0.005 m6
#cylinder: 0.827 0.134 0.000 0.827 0.134 0.002 0.004 m13
#cylinder: 0.857 0.203 0.000 0.857 0.203 0.002 0.004 m10
#cylinder: 0.487 0.112 0.000 0.487 0.112 0.002 0.003 m20
#cylinder: 0.192 0.137 0.000 0.192 0.137 0.002 0.008 m17
#cylinder: 0.413 0.113 0.000 0.413 0.113 0.002 0.007 m18
#cylinder: 1.045 0.143 0.000 1.045 0.143 0.002 0.009 m11
#cylinder: 0.935 0.152 0.000 0.935 0.152 0.002 0.007 m18
#cylinder: 0.223 0.108 0.000 0.223 0.108 0.002 0.004 m7
#cylinder: 0.930 0.113 0.000 0.930 0.113 0.002 0.007 m20
#cylinder: 0.418 0.106 0.000 0.418 0.106 0.002 0.003 m14
#cylinder: 0.313 0.153 0.000 0.313 0.153 0.002 0.003 m6
#cylinder: 0.556 0.194 0.000 0.556 0.194 0.002 0.002 m6
#cylinder: 0.640 0.122 0.000 0.640 0.122 0.002 0.009 m8
#cylinder: 0.531 0.154 0.000 0.531 0.154 0.002 0.010 m11
#cylinder: 0.937 0.146 0.000 0.937 0.146 0.002 0.003 m5
#cylinder: 0.364 0.110 0.000 0.364 0.110 0.002 0.003 m17
#cylinder: 0.709 0.140 0.000 0.709 0.140 0.002 0.008 m15
#cylinder: 0.991 0.213 0.000 0.991 0.213 0.002 0.006 m17
#cylinder: 0.946 0.123 0.000 0.946 0.123 0.002 0.010 m10
#cylinder: 0.277 0.117 0.000 0.277 0.117 0.002 0.008 m1
#cylinder: 0.130 0.215 0.000 0.130 0.215 0.002 0.009 m9
#cylinder: 0.997 0.211 0.000 0.997 0.211 0.002 0.004 m15
#cylinder: 0.058 0.142 0.000 0.058 0.142 0.002 0.009 m9
#cylinder: 0.209 0.155 0.000 0.209 0.155 0.002 0.002 m8
#cylinder: 0.098 0.204 0.000 0.098 0.204 0.002 0.008 m20
#cylinder: 0.182 0.198 0.000 0.182 0.198 0.002 0.009 m19
#cylinder: 0.595 0.160 0.000 0.595 0.160 0.002 0.004 m9
#cylinder: 0.700 0.184 0.000 0.700 0.184 0.002 0.009 m11
#cylinder: 0.025 0.143 0.000 0.025 0.143 0.002 0.003 m20
#cylinder: 0.464 0.207 0.000 0.464 0.207 0.002 0.005 m10
#cylinder: 0.071 0.211 0.000 0.071 0.211 0.002 0.010 m4
#cylinder: 0.534 0.197 0.000 0.534 0.197 0.002 0.006 m19
#cylinder: 0.942 0.204 0.000 0.942 0.204 0.002 0.004 m7
#cylinder: 0.285 0.169 0.000 0.285 0.169 0.002 0.008 m4
#cylinder: 0.123 0.122 0.000 0.123 0.122 0.002 0.005 m11
#cylinder: 0.313 0.142 0.000 0.313 0.142 0.002 0.002 m3
#cylinder: 1.053 0.145 0.000 1.053 0.145 0.002 0.006 m7
#cylinder: 0.124 0.203 0.000 0.124 0.203 0.002 0.003 m5
#cylinder: 0.289 0.151 0.000 0.289 0.151 0.002 0.009 m6
#cylinder: 0.527 0.112 0.000 0.527 0.112 0.002 0.003 m10
#cylinder: 0.845 0.206 0.000 0.845 0.206 0.002 0.006 m13
#cylinder: 0.985 0.171 0.000 0.985 0.171 0.002 0.009 m18
#cylinder: 0.104 0.134 0.000 0.104 0.134 0.002 0.009 m16
#cylinder: 0.125 0.119 0.000 0.125 0.119 0.002 0.005 m4
#cylinder: 0.553 0.179 0.000 0.553 0.179 0.002 0.007 m15
#cylinder: 0.088 0.130 0.000 0.088 0.130 0.002 0.005 m12
#cylinder: 0.868 0.167 0.000 0.868 0.167 0.002 0.006 m4
#cylinder: 0.966 0.193 0.000 0.966 0.193 0.002 0.004 m6
#cylinder: 0.093 0.186 0.000 0.093 0.186 0.002 0.008 m9
#cylinder: 0.732 0.213 0.000 0.732 0.213 0.002 0.004 m20
#cylinder: 0.676 0.205 0.000 0.676 0.205 0.002 0.007 m7
#cylinder: 0.683 0.167 0.000 0.683 0.167 0.002 0.009 m9
#cylinder: 0.173 0.170 0.000 0.173 0.170 0.002 0.005 m10
#cylinder: 0.889 0.205 0.000 0.889 0.205 0.002 0.010 m1
#cylinder: 0.741 0.120 0.000 0.741 0.120 0.002 0.008 m4
#cylinder: 0.474 0.174 0.000 0.474 0.174 0.002 0.002 m14
#cylinder: 0.369 0.211 0.000 0.369 0.211 0.002 0.004 m17
#cylinder: 0.141 0.137 0.000 0.141 0.137 0.002 0.004 m17
#cylinder: 0.065 0.197 0.000 0.065 0.197 0.002 0.004 m18
#cylinder: 0.345 0.201 0.000 0.345 0.201 0.002 0.009 m4
#cylinder: 0.432 0.110 0.000 0.432 0.110 0.002 0.003 m18
#cylinder: 0.768 0.209 0.000 0.768 0.209 0.002 0.007 m3
#cylinder: 0.645 0.190 0.000 0.645 0.190 0.002 0.008 m6
#cylinder: 1.064 0.152 0.000 1.064 0.152 0.002 0.008 m9
#cylinder: 0.937 0.193 0.000 0.937 0.193 0.002 0.008 m7
#cylinder: 1.064 0.181 0.000 1.064 0.181 0.002 0.008 m7
#cylinder: 0.854 0.188 0.000 0.854 0.188 0.002 0.002 m9
#cylinder: 0.734 0.108 0.000 0.734 0.108 0.002 0.007 m7
#cylinder: 0.201 0.183 0.000 0.201 0.183 0.002 0.005 m19
#cylinder: 1.012 0.121 0.000 1.012 0.121 0.002 0.009 m4
#cylinder: 0.773 0.108 0.000 0.773 0.108 0.002 0.003 m3
#cylinder: 0.606 0.202 0.000 0.606 0.202 0.002 0.009 m8
#cylinder: 0.752 0.176 0.000 0.752 0.176 0.002 0.009 m15
#cylinder: 0.675 0.129 0.000 0.675 0.129 0.002 0.006 m4
#cylinder: 0.418 0.145 0.000 0.418 0.145 0.002 0.007 m4
#cylinder: 0.198 0.180 0.000 0.198 0.180 0.002 0.008 m18
#cylinder: 0.305 0.127 0.000 0.305 0.127 0.002 0.007 m12
#cylinder: 0.810 0.210 0.000 0.810 0.210 0.002 0.009 m19
#cylinder: 0.478 0.120 0.000 0.478 0.120 0.002 0.004 m1
#cylinder: 0.918 0.201 0.000 0.918 0.201 0.002 0.003 m20
#cylinder: 0.610 0.103 0.000 0.610 0.103 0.002 0.009 m10
#cylinder: 0.670 0.195 0.000 0.670 0.195 0.002 0.008 m2
#cylinder: 0.598 0.127 0.000 0.598 0.127 0.002 0.004 m6
#cylinder: 0.143 0.170 0.000 0.143 0.170 0.002 0.004 m16
#cylinder: 0.757 0.159 0.000 0.757 0.159 0.002 0.009 m5
#cylinder: 0.117 0.191 0.000 0.117 0.191 0.002 0.002 m9
#cylinder: 0.475 0.206 0.000 0.475 0.206 0.002 0.004 m20
#cylinder: 0.012 0.152 0.000 0.012 0.152 0.002 0.010 m9
#cylinder: 1.064 0.180 0.000 1.064 0.180 0.002 0.006 m12
#cylinder: 0.367 0.141 0.000 0.367 0.141 0.002 0.004 m5
#cylinder: 0.740 0.186 0.000 0.740 0.186 0.002 0.010 m15
#cylinder: 0.757 0.170 0.000 0.757 0.170 0.002 0.003 m13
#cylinder: 0.932 0.134 0.000 0.932 0.134 0.002 0.004 m15
#cylinder: 0.622 0.126 0.000 0.622 0.126 0.002 0.003 m8
#cylinder: 0.959 0.166 0.000 0.959 0.166 0.002 0.008 m5
#cylinder: 0.816 0.198 0.000 0.816 0.198 0.002 0.005 m20
#cylinder: 0.220 0.176 0.000 0.220 0.176 0.002 0.003 m1
#cylinder: 1.098 0.102 0.000 1.098 0.102 0.002 0.005 m20
#cylinder: 1.003 0.206 0.000 1.003 0.206 0.002 0.004 m6
#cylinder: 0.123 0.108 0.000 0.123 0.108 0.002 0.006 m11
#cylinder: 1.092 0.176 0.000 1.092 0.176 0.002 0.004 m6
#cylinder: 0.147 0.147 0.000 0.147 0.147 0.002 0.006 m5
#cylinder: 0.067 0.130 0.000 0.067 0.130 0.002 0.009 m19
#cylinder: 0.468 0.196 0.000 0.468 0.196 0.002 0.005 m19
#cylinder: 1.033 0.173 0.000 1.033 0.173 0.002 0.004 m2
#cylinder: 0.335 0.126 0.000 0.335 0.126 0.002 0.002 m2
#cylinder: 0.812 0.185 0.000 0.812 0.185 0.002 0.007 m13
#cylinder: 0.105 0.157 0.000 0.105 0.157 0.002 0.003 m8
#cylinder: 1.043 0.103 0.000 1.043 0.103 0.002 0.003 m8
