testingplz 
#domain: 1.200 0.300 0.002 
#dx_dy_dz: 0.002 0.002 0.002 
#time_window: 5.000000e-09 

#excitation_file: mala_source_modified.txt 
#hertzian_dipole: z 0.080 0.250 0 mala_source 
#rx: 0.120 0.250 0.000 
#src_steps: 0.002 0.000 0.000 
#rx_steps: 0.002 0.000 0.000 

#material: 5.000 0.220 1.000 0.000 concrete
#material: 1.000 0.000 1.000 0.000 air
#material: 80.000 0.500 1.000 0.000 water

#material: 1.000 0.000 1.000 0.000 m1
#material: 2.000 0.000 1.000 0.000 m2
#material: 3.000 0.000 1.000 0.000 m3
#material: 4.000 0.000 1.000 0.000 m4
#material: 5.000 0.000 1.000 0.000 m5
#material: 6.000 0.000 1.000 0.000 m6
#material: 7.000 0.000 1.000 0.000 m7
#material: 8.000 0.000 1.000 0.000 m8
#material: 9.000 0.000 1.000 0.000 m9
#material: 10.000 0.000 1.000 0.000 m10
#material: 11.000 0.000 1.000 0.000 m11
#material: 12.000 0.000 1.000 0.000 m12
#material: 13.000 0.000 1.000 0.000 m13
#material: 14.000 0.000 1.000 0.000 m14
#material: 15.000 0.000 1.000 0.000 m15
#material: 16.000 0.000 1.000 0.000 m16
#material: 17.000 0.000 1.000 0.000 m17
#material: 18.000 0.000 1.000 0.000 m18
#material: 19.000 0.000 1.000 0.000 m19
#material: 20.000 0.000 1.000 0.000 m20

#box: 0.000 0.000 0.000 1.200 0.250 0.002 concrete

#cylinder: 0.622 0.182 0.000 0.622 0.182 0.002 0.004 m2
#cylinder: 0.354 0.202 0.000 0.354 0.202 0.002 0.004 m12
#cylinder: 1.033 0.122 0.000 1.033 0.122 0.002 0.005 m7
#cylinder: 0.416 0.145 0.000 0.416 0.145 0.002 0.009 m4
#cylinder: 0.242 0.124 0.000 0.242 0.124 0.002 0.004 m18
#cylinder: 0.527 0.171 0.000 0.527 0.171 0.002 0.009 m16
#cylinder: 0.858 0.121 0.000 0.858 0.121 0.002 0.006 m6
#cylinder: 0.283 0.195 0.000 0.283 0.195 0.002 0.005 m9
#cylinder: 0.409 0.175 0.000 0.409 0.175 0.002 0.009 m4
#cylinder: 0.628 0.165 0.000 0.628 0.165 0.002 0.006 m20
#cylinder: 0.068 0.106 0.000 0.068 0.106 0.002 0.004 m19
#cylinder: 0.847 0.166 0.000 0.847 0.166 0.002 0.005 m19
#cylinder: 0.956 0.107 0.000 0.956 0.107 0.002 0.008 m20
#cylinder: 0.863 0.103 0.000 0.863 0.103 0.002 0.003 m19
#cylinder: 0.816 0.178 0.000 0.816 0.178 0.002 0.005 m3
#cylinder: 0.838 0.113 0.000 0.838 0.113 0.002 0.003 m5
#cylinder: 0.429 0.214 0.000 0.429 0.214 0.002 0.005 m5
#cylinder: 0.674 0.175 0.000 0.674 0.175 0.002 0.003 m17
#cylinder: 0.973 0.220 0.000 0.973 0.220 0.002 0.009 m14
#cylinder: 0.531 0.112 0.000 0.531 0.112 0.002 0.004 m5
#cylinder: 0.117 0.151 0.000 0.117 0.151 0.002 0.004 m13
#cylinder: 1.095 0.141 0.000 1.095 0.141 0.002 0.010 m14
#cylinder: 0.883 0.181 0.000 0.883 0.181 0.002 0.009 m12
#cylinder: 0.009 0.214 0.000 0.009 0.214 0.002 0.002 m4
#cylinder: 0.240 0.129 0.000 0.240 0.129 0.002 0.009 m1
#cylinder: 1.011 0.132 0.000 1.011 0.132 0.002 0.009 m14
#cylinder: 1.028 0.121 0.000 1.028 0.121 0.002 0.003 m20
#cylinder: 0.796 0.122 0.000 0.796 0.122 0.002 0.006 m10
#cylinder: 0.973 0.184 0.000 0.973 0.184 0.002 0.009 m2
#cylinder: 0.444 0.156 0.000 0.444 0.156 0.002 0.006 m9
#cylinder: 1.021 0.104 0.000 1.021 0.104 0.002 0.009 m2
#cylinder: 0.964 0.143 0.000 0.964 0.143 0.002 0.004 m10
#cylinder: 0.960 0.166 0.000 0.960 0.166 0.002 0.006 m3
#cylinder: 0.752 0.213 0.000 0.752 0.213 0.002 0.007 m8
#cylinder: 0.518 0.154 0.000 0.518 0.154 0.002 0.007 m12
#cylinder: 0.660 0.211 0.000 0.660 0.211 0.002 0.005 m2
#cylinder: 0.538 0.191 0.000 0.538 0.191 0.002 0.010 m13
#cylinder: 0.685 0.202 0.000 0.685 0.202 0.002 0.005 m4
#cylinder: 0.285 0.134 0.000 0.285 0.134 0.002 0.003 m8
#cylinder: 0.454 0.128 0.000 0.454 0.128 0.002 0.009 m9
#cylinder: 1.049 0.143 0.000 1.049 0.143 0.002 0.002 m19
#cylinder: 0.415 0.175 0.000 0.415 0.175 0.002 0.003 m2
#cylinder: 0.312 0.139 0.000 0.312 0.139 0.002 0.004 m11
#cylinder: 0.645 0.115 0.000 0.645 0.115 0.002 0.004 m9
#cylinder: 0.053 0.119 0.000 0.053 0.119 0.002 0.004 m6
#cylinder: 0.926 0.107 0.000 0.926 0.107 0.002 0.007 m5
#cylinder: 0.356 0.124 0.000 0.356 0.124 0.002 0.007 m16
#cylinder: 0.922 0.183 0.000 0.922 0.183 0.002 0.009 m8
#cylinder: 0.445 0.158 0.000 0.445 0.158 0.002 0.004 m3
#cylinder: 0.539 0.171 0.000 0.539 0.171 0.002 0.009 m19
#cylinder: 0.935 0.187 0.000 0.935 0.187 0.002 0.004 m2
#cylinder: 1.034 0.140 0.000 1.034 0.140 0.002 0.010 m9
#cylinder: 0.722 0.177 0.000 0.722 0.177 0.002 0.006 m5
#cylinder: 0.806 0.204 0.000 0.806 0.204 0.002 0.009 m8
#cylinder: 1.033 0.169 0.000 1.033 0.169 0.002 0.006 m7
#cylinder: 0.778 0.123 0.000 0.778 0.123 0.002 0.009 m2
#cylinder: 0.465 0.150 0.000 0.465 0.150 0.002 0.007 m5
#cylinder: 0.506 0.143 0.000 0.506 0.143 0.002 0.004 m12
#cylinder: 0.173 0.214 0.000 0.173 0.214 0.002 0.009 m7
#cylinder: 0.799 0.206 0.000 0.799 0.206 0.002 0.007 m1
#cylinder: 0.148 0.199 0.000 0.148 0.199 0.002 0.009 m3
#cylinder: 0.514 0.148 0.000 0.514 0.148 0.002 0.005 m6
#cylinder: 0.999 0.132 0.000 0.999 0.132 0.002 0.009 m8
#cylinder: 0.374 0.122 0.000 0.374 0.122 0.002 0.006 m6
#cylinder: 0.120 0.164 0.000 0.120 0.164 0.002 0.004 m4
#cylinder: 0.000 0.111 0.000 0.000 0.111 0.002 0.002 m10
#cylinder: 0.663 0.209 0.000 0.663 0.209 0.002 0.005 m11
#cylinder: 0.850 0.110 0.000 0.850 0.110 0.002 0.005 m11
#cylinder: 0.620 0.218 0.000 0.620 0.218 0.002 0.007 m17
#cylinder: 0.144 0.103 0.000 0.144 0.103 0.002 0.006 m2
#cylinder: 0.831 0.192 0.000 0.831 0.192 0.002 0.006 m7
#cylinder: 0.648 0.207 0.000 0.648 0.207 0.002 0.003 m15
#cylinder: 0.634 0.145 0.000 0.634 0.145 0.002 0.007 m14
#cylinder: 0.209 0.191 0.000 0.209 0.191 0.002 0.004 m15
#cylinder: 0.834 0.128 0.000 0.834 0.128 0.002 0.007 m13
#cylinder: 0.942 0.194 0.000 0.942 0.194 0.002 0.009 m20
#cylinder: 0.076 0.216 0.000 0.076 0.216 0.002 0.004 m17
#cylinder: 1.044 0.130 0.000 1.044 0.130 0.002 0.010 m18
#cylinder: 0.397 0.141 0.000 0.397 0.141 0.002 0.006 m10
#cylinder: 1.096 0.177 0.000 1.096 0.177 0.002 0.006 m11
#cylinder: 0.178 0.201 0.000 0.178 0.201 0.002 0.009 m3
#cylinder: 0.186 0.207 0.000 0.186 0.207 0.002 0.007 m14
#cylinder: 0.863 0.145 0.000 0.863 0.145 0.002 0.009 m3
#cylinder: 0.179 0.145 0.000 0.179 0.145 0.002 0.006 m15
#cylinder: 0.485 0.124 0.000 0.485 0.124 0.002 0.004 m6
#cylinder: 0.966 0.143 0.000 0.966 0.143 0.002 0.007 m5
#cylinder: 0.140 0.161 0.000 0.140 0.161 0.002 0.007 m5
#cylinder: 0.664 0.150 0.000 0.664 0.150 0.002 0.007 m9
#cylinder: 0.860 0.220 0.000 0.860 0.220 0.002 0.009 m3
#cylinder: 0.768 0.212 0.000 0.768 0.212 0.002 0.008 m9
#cylinder: 0.296 0.185 0.000 0.296 0.185 0.002 0.009 m10
#cylinder: 0.088 0.125 0.000 0.088 0.125 0.002 0.009 m14
#cylinder: 0.264 0.119 0.000 0.264 0.119 0.002 0.004 m5
#cylinder: 0.768 0.178 0.000 0.768 0.178 0.002 0.004 m19
#cylinder: 0.392 0.152 0.000 0.392 0.152 0.002 0.004 m3
#cylinder: 0.799 0.130 0.000 0.799 0.130 0.002 0.007 m16
#cylinder: 0.236 0.169 0.000 0.236 0.169 0.002 0.004 m6
#cylinder: 0.724 0.107 0.000 0.724 0.107 0.002 0.008 m15
#cylinder: 0.226 0.130 0.000 0.226 0.130 0.002 0.004 m8
#cylinder: 0.349 0.160 0.000 0.349 0.160 0.002 0.009 m19
#cylinder: 0.081 0.106 0.000 0.081 0.106 0.002 0.004 m12
#cylinder: 0.096 0.143 0.000 0.096 0.143 0.002 0.003 m6
#cylinder: 0.657 0.100 0.000 0.657 0.100 0.002 0.006 m18
#cylinder: 0.229 0.155 0.000 0.229 0.155 0.002 0.009 m5
#cylinder: 0.483 0.179 0.000 0.483 0.179 0.002 0.008 m16
#cylinder: 0.202 0.197 0.000 0.202 0.197 0.002 0.003 m9
#cylinder: 0.432 0.217 0.000 0.432 0.217 0.002 0.004 m18
#cylinder: 0.736 0.189 0.000 0.736 0.189 0.002 0.002 m18
#cylinder: 0.031 0.163 0.000 0.031 0.163 0.002 0.010 m10
#cylinder: 0.890 0.217 0.000 0.890 0.217 0.002 0.003 m14
#cylinder: 1.028 0.154 0.000 1.028 0.154 0.002 0.005 m10
#cylinder: 1.069 0.168 0.000 1.069 0.168 0.002 0.002 m8
#cylinder: 0.063 0.180 0.000 0.063 0.180 0.002 0.007 m6
#cylinder: 0.883 0.219 0.000 0.883 0.219 0.002 0.004 m18
#cylinder: 0.485 0.209 0.000 0.485 0.209 0.002 0.007 m10
#cylinder: 0.796 0.191 0.000 0.796 0.191 0.002 0.005 m18
#cylinder: 0.516 0.206 0.000 0.516 0.206 0.002 0.007 m9
#cylinder: 0.517 0.179 0.000 0.517 0.179 0.002 0.006 m3
#cylinder: 0.514 0.120 0.000 0.514 0.120 0.002 0.010 m13
#cylinder: 0.254 0.195 0.000 0.254 0.195 0.002 0.007 m14
#cylinder: 0.825 0.120 0.000 0.825 0.120 0.002 0.007 m20
#cylinder: 0.788 0.123 0.000 0.788 0.123 0.002 0.006 m17
#cylinder: 1.017 0.178 0.000 1.017 0.178 0.002 0.009 m7
#cylinder: 0.221 0.174 0.000 0.221 0.174 0.002 0.005 m17
#cylinder: 0.879 0.100 0.000 0.879 0.100 0.002 0.004 m16
#cylinder: 0.153 0.109 0.000 0.153 0.109 0.002 0.005 m5
#cylinder: 0.664 0.135 0.000 0.664 0.135 0.002 0.002 m3
#cylinder: 0.862 0.157 0.000 0.862 0.157 0.002 0.006 m12
#cylinder: 0.384 0.200 0.000 0.384 0.200 0.002 0.006 m5
#cylinder: 0.024 0.166 0.000 0.024 0.166 0.002 0.007 m8
#cylinder: 0.788 0.145 0.000 0.788 0.145 0.002 0.003 m13
#cylinder: 0.740 0.207 0.000 0.740 0.207 0.002 0.004 m15
#cylinder: 0.327 0.217 0.000 0.327 0.217 0.002 0.004 m8
#cylinder: 0.530 0.134 0.000 0.530 0.134 0.002 0.002 m1
#cylinder: 0.704 0.183 0.000 0.704 0.183 0.002 0.007 m5
#cylinder: 0.967 0.133 0.000 0.967 0.133 0.002 0.007 m16
#cylinder: 0.876 0.163 0.000 0.876 0.163 0.002 0.004 m14
#cylinder: 0.848 0.148 0.000 0.848 0.148 0.002 0.007 m7
#cylinder: 0.945 0.120 0.000 0.945 0.120 0.002 0.005 m19
#cylinder: 0.025 0.198 0.000 0.025 0.198 0.002 0.007 m18
#cylinder: 0.504 0.215 0.000 0.504 0.215 0.002 0.009 m20
#cylinder: 0.877 0.162 0.000 0.877 0.162 0.002 0.004 m19
#cylinder: 0.397 0.118 0.000 0.397 0.118 0.002 0.007 m17
#cylinder: 0.042 0.168 0.000 0.042 0.168 0.002 0.004 m7
#cylinder: 0.343 0.154 0.000 0.343 0.154 0.002 0.006 m9
#cylinder: 0.148 0.208 0.000 0.148 0.208 0.002 0.007 m15
#cylinder: 0.696 0.186 0.000 0.696 0.186 0.002 0.006 m15
#cylinder: 0.103 0.142 0.000 0.103 0.142 0.002 0.005 m2
#cylinder: 0.296 0.108 0.000 0.296 0.108 0.002 0.010 m17
#cylinder: 0.605 0.154 0.000 0.605 0.154 0.002 0.005 m11
#cylinder: 0.527 0.120 0.000 0.527 0.120 0.002 0.009 m19
#cylinder: 0.276 0.120 0.000 0.276 0.120 0.002 0.006 m18
#cylinder: 0.980 0.161 0.000 0.980 0.161 0.002 0.009 m17
#cylinder: 0.517 0.121 0.000 0.517 0.121 0.002 0.006 m1
#cylinder: 0.887 0.178 0.000 0.887 0.178 0.002 0.005 m18
#cylinder: 0.393 0.212 0.000 0.393 0.212 0.002 0.007 m17
#cylinder: 0.850 0.109 0.000 0.850 0.109 0.002 0.005 m12
#cylinder: 0.336 0.129 0.000 0.336 0.129 0.002 0.005 m8
#cylinder: 0.084 0.145 0.000 0.084 0.145 0.002 0.007 m16
#cylinder: 0.566 0.121 0.000 0.566 0.121 0.002 0.002 m16
#cylinder: 0.577 0.118 0.000 0.577 0.118 0.002 0.007 m1
#cylinder: 0.001 0.145 0.000 0.001 0.145 0.002 0.006 m9
#cylinder: 0.661 0.119 0.000 0.661 0.119 0.002 0.006 m11
#cylinder: 0.489 0.209 0.000 0.489 0.209 0.002 0.003 m2
#cylinder: 0.470 0.154 0.000 0.470 0.154 0.002 0.006 m12
#cylinder: 0.151 0.138 0.000 0.151 0.138 0.002 0.009 m12
#cylinder: 0.378 0.175 0.000 0.378 0.175 0.002 0.009 m20
#cylinder: 1.019 0.206 0.000 1.019 0.206 0.002 0.004 m2
#cylinder: 0.359 0.179 0.000 0.359 0.179 0.002 0.003 m8
#cylinder: 0.239 0.189 0.000 0.239 0.189 0.002 0.009 m4
#cylinder: 0.031 0.141 0.000 0.031 0.141 0.002 0.004 m17
#cylinder: 0.259 0.200 0.000 0.259 0.200 0.002 0.010 m2
#cylinder: 0.871 0.220 0.000 0.871 0.220 0.002 0.006 m3
#cylinder: 0.560 0.166 0.000 0.560 0.166 0.002 0.007 m16
#cylinder: 0.257 0.138 0.000 0.257 0.138 0.002 0.005 m19
#cylinder: 0.202 0.198 0.000 0.202 0.198 0.002 0.009 m6
#cylinder: 0.573 0.120 0.000 0.573 0.120 0.002 0.009 m17
#cylinder: 1.021 0.174 0.000 1.021 0.174 0.002 0.005 m19
#cylinder: 0.263 0.175 0.000 0.263 0.175 0.002 0.004 m12
#cylinder: 0.871 0.117 0.000 0.871 0.117 0.002 0.007 m1
#cylinder: 0.005 0.213 0.000 0.005 0.213 0.002 0.002 m9
#cylinder: 0.816 0.110 0.000 0.816 0.110 0.002 0.007 m17
#cylinder: 0.594 0.110 0.000 0.594 0.110 0.002 0.006 m18
#cylinder: 0.411 0.147 0.000 0.411 0.147 0.002 0.009 m10
#cylinder: 0.502 0.129 0.000 0.502 0.129 0.002 0.005 m12
#cylinder: 0.892 0.148 0.000 0.892 0.148 0.002 0.009 m10
#cylinder: 0.879 0.176 0.000 0.879 0.176 0.002 0.006 m3
#cylinder: 0.051 0.166 0.000 0.051 0.166 0.002 0.004 m16
#cylinder: 0.585 0.121 0.000 0.585 0.121 0.002 0.005 m5
#cylinder: 0.216 0.125 0.000 0.216 0.125 0.002 0.004 m13
#cylinder: 1.036 0.127 0.000 1.036 0.127 0.002 0.004 m16
#cylinder: 0.498 0.151 0.000 0.498 0.151 0.002 0.007 m6
#cylinder: 0.283 0.118 0.000 0.283 0.118 0.002 0.007 m17
#cylinder: 0.134 0.108 0.000 0.134 0.108 0.002 0.007 m2
#cylinder: 0.337 0.123 0.000 0.337 0.123 0.002 0.008 m7
#cylinder: 1.044 0.117 0.000 1.044 0.117 0.002 0.006 m20
#cylinder: 0.122 0.115 0.000 0.122 0.115 0.002 0.007 m6
#cylinder: 0.825 0.193 0.000 0.825 0.193 0.002 0.002 m19
#cylinder: 0.785 0.139 0.000 0.785 0.139 0.002 0.008 m15
#cylinder: 0.313 0.154 0.000 0.313 0.154 0.002 0.009 m9
