testingplz 
#domain: 10.200 0.300 0.002 
#dx_dy_dz: 0.002 0.002 0.002 
#time_window: 5.000000e-09 

#excitation_file: mala_source_modified.txt 
#hertzian_dipole: z 0.080 0.250 0 mala_source 
#rx: 0.120 0.250 0.000 
#src_steps: 0.002 0.000 0.000 
#rx_steps: 0.002 0.000 0.000 

#material: 5.000 0.220 1.000 0.000 concrete
#material: 1.000 0.000 1.000 0.000 air
#material: 80.000 0.500 1.000 0.000 water

#material: 1.000 0.000 1.000 0.000 m1
#material: 2.000 0.000 1.000 0.000 m2
#material: 3.000 0.000 1.000 0.000 m3
#material: 4.000 0.000 1.000 0.000 m4
#material: 5.000 0.000 1.000 0.000 m5
#material: 6.000 0.000 1.000 0.000 m6
#material: 7.000 0.000 1.000 0.000 m7
#material: 8.000 0.000 1.000 0.000 m8
#material: 9.000 0.000 1.000 0.000 m9
#material: 10.000 0.000 1.000 0.000 m10
#material: 11.000 0.000 1.000 0.000 m11
#material: 12.000 0.000 1.000 0.000 m12
#material: 13.000 0.000 1.000 0.000 m13
#material: 14.000 0.000 1.000 0.000 m14
#material: 15.000 0.000 1.000 0.000 m15
#material: 16.000 0.000 1.000 0.000 m16
#material: 17.000 0.000 1.000 0.000 m17
#material: 18.000 0.000 1.000 0.000 m18
#material: 19.000 0.000 1.000 0.000 m19
#material: 20.000 0.000 1.000 0.000 m20

#box: 0.000 0.000 0.000 10.200 0.250 0.002 concrete

#cylinder: 2.336 0.108 0.000 2.336 0.108 0.002 0.003 m10
#cylinder: 2.328 0.218 0.000 2.328 0.218 0.002 0.004 m1
#cylinder: 3.437 0.168 0.000 3.437 0.168 0.002 0.006 m16
#cylinder: 6.669 0.101 0.000 6.669 0.101 0.002 0.006 m17
#cylinder: 4.558 0.146 0.000 4.558 0.146 0.002 0.007 m1
#cylinder: 6.642 0.114 0.000 6.642 0.114 0.002 0.009 m12
#cylinder: 5.429 0.169 0.000 5.429 0.169 0.002 0.008 m17
#cylinder: 4.587 0.107 0.000 4.587 0.107 0.002 0.009 m13
#cylinder: 2.712 0.114 0.000 2.712 0.114 0.002 0.005 m7
#cylinder: 0.415 0.134 0.000 0.415 0.134 0.002 0.003 m6
#cylinder: 7.655 0.146 0.000 7.655 0.146 0.002 0.004 m2
#cylinder: 1.157 0.135 0.000 1.157 0.135 0.002 0.006 m5
#cylinder: 0.678 0.156 0.000 0.678 0.156 0.002 0.008 m17
#cylinder: 4.551 0.120 0.000 4.551 0.120 0.002 0.002 m11
#cylinder: 4.735 0.108 0.000 4.735 0.108 0.002 0.008 m12
#cylinder: 5.938 0.199 0.000 5.938 0.199 0.002 0.005 m18
#cylinder: 4.731 0.122 0.000 4.731 0.122 0.002 0.006 m8
#cylinder: 2.143 0.187 0.000 2.143 0.187 0.002 0.004 m17
#cylinder: 2.353 0.219 0.000 2.353 0.219 0.002 0.005 m1
#cylinder: 6.756 0.151 0.000 6.756 0.151 0.002 0.010 m7
#cylinder: 4.962 0.128 0.000 4.962 0.128 0.002 0.005 m1
#cylinder: 8.342 0.193 0.000 8.342 0.193 0.002 0.010 m13
#cylinder: 1.043 0.172 0.000 1.043 0.172 0.002 0.004 m19
#cylinder: 5.380 0.217 0.000 5.380 0.217 0.002 0.009 m9
#cylinder: 9.233 0.101 0.000 9.233 0.101 0.002 0.008 m14
#cylinder: 6.663 0.204 0.000 6.663 0.204 0.002 0.009 m20
#cylinder: 8.408 0.150 0.000 8.408 0.150 0.002 0.006 m11
#cylinder: 5.151 0.217 0.000 5.151 0.217 0.002 0.007 m18
#cylinder: 8.373 0.174 0.000 8.373 0.174 0.002 0.005 m2
#cylinder: 4.136 0.197 0.000 4.136 0.197 0.002 0.010 m10
#cylinder: 3.948 0.117 0.000 3.948 0.117 0.002 0.006 m9
#cylinder: 4.415 0.157 0.000 4.415 0.157 0.002 0.006 m14
#cylinder: 5.892 0.202 0.000 5.892 0.202 0.002 0.005 m5
#cylinder: 2.098 0.132 0.000 2.098 0.132 0.002 0.005 m7
#cylinder: 2.816 0.119 0.000 2.816 0.119 0.002 0.007 m15
#cylinder: 0.420 0.157 0.000 0.420 0.157 0.002 0.009 m9
#cylinder: 6.968 0.106 0.000 6.968 0.106 0.002 0.006 m11
#cylinder: 1.887 0.138 0.000 1.887 0.138 0.002 0.008 m16
#cylinder: 8.996 0.200 0.000 8.996 0.200 0.002 0.010 m11
#cylinder: 1.163 0.148 0.000 1.163 0.148 0.002 0.004 m13
#cylinder: 0.759 0.132 0.000 0.759 0.132 0.002 0.003 m20
#cylinder: 9.133 0.126 0.000 9.133 0.126 0.002 0.006 m20
#cylinder: 2.932 0.153 0.000 2.932 0.153 0.002 0.004 m16
#cylinder: 7.672 0.119 0.000 7.672 0.119 0.002 0.008 m18
#cylinder: 2.033 0.194 0.000 2.033 0.194 0.002 0.006 m3
#cylinder: 3.877 0.132 0.000 3.877 0.132 0.002 0.004 m9
#cylinder: 6.095 0.198 0.000 6.095 0.198 0.002 0.007 m4
#cylinder: 9.680 0.160 0.000 9.680 0.160 0.002 0.009 m9
#cylinder: 3.165 0.219 0.000 3.165 0.219 0.002 0.007 m13
#cylinder: 5.022 0.131 0.000 5.022 0.131 0.002 0.004 m12
#cylinder: 3.779 0.127 0.000 3.779 0.127 0.002 0.007 m18
#cylinder: 2.648 0.138 0.000 2.648 0.138 0.002 0.003 m17
#cylinder: 3.985 0.187 0.000 3.985 0.187 0.002 0.003 m15
#cylinder: 5.170 0.209 0.000 5.170 0.209 0.002 0.009 m3
#cylinder: 3.528 0.144 0.000 3.528 0.144 0.002 0.009 m11
#cylinder: 7.927 0.160 0.000 7.927 0.160 0.002 0.006 m5
#cylinder: 6.229 0.123 0.000 6.229 0.123 0.002 0.009 m9
#cylinder: 8.848 0.186 0.000 8.848 0.186 0.002 0.005 m17
#cylinder: 8.397 0.214 0.000 8.397 0.214 0.002 0.003 m14
#cylinder: 6.904 0.191 0.000 6.904 0.191 0.002 0.008 m20
#cylinder: 3.990 0.155 0.000 3.990 0.155 0.002 0.003 m8
#cylinder: 5.772 0.170 0.000 5.772 0.170 0.002 0.007 m16
#cylinder: 3.017 0.128 0.000 3.017 0.128 0.002 0.010 m2
#cylinder: 8.443 0.158 0.000 8.443 0.158 0.002 0.007 m13
#cylinder: 7.905 0.138 0.000 7.905 0.138 0.002 0.004 m9
#cylinder: 6.604 0.219 0.000 6.604 0.219 0.002 0.006 m2
#cylinder: 4.469 0.201 0.000 4.469 0.201 0.002 0.009 m20
#cylinder: 4.103 0.145 0.000 4.103 0.145 0.002 0.009 m8
#cylinder: 1.957 0.119 0.000 1.957 0.119 0.002 0.009 m16
#cylinder: 9.173 0.123 0.000 9.173 0.123 0.002 0.006 m17
#cylinder: 3.513 0.153 0.000 3.513 0.153 0.002 0.004 m12
#cylinder: 6.396 0.167 0.000 6.396 0.167 0.002 0.004 m13
#cylinder: 0.209 0.196 0.000 0.209 0.196 0.002 0.008 m4
#cylinder: 9.233 0.198 0.000 9.233 0.198 0.002 0.009 m2
#cylinder: 6.003 0.198 0.000 6.003 0.198 0.002 0.006 m4
#cylinder: 3.120 0.110 0.000 3.120 0.110 0.002 0.009 m6
#cylinder: 7.570 0.217 0.000 7.570 0.217 0.002 0.006 m6
#cylinder: 1.314 0.202 0.000 1.314 0.202 0.002 0.003 m4
#cylinder: 7.253 0.137 0.000 7.253 0.137 0.002 0.003 m5
#cylinder: 5.986 0.205 0.000 5.986 0.205 0.002 0.009 m15
#cylinder: 3.170 0.152 0.000 3.170 0.152 0.002 0.004 m14
#cylinder: 9.111 0.168 0.000 9.111 0.168 0.002 0.006 m17
#cylinder: 7.463 0.220 0.000 7.463 0.220 0.002 0.009 m19
#cylinder: 3.354 0.131 0.000 3.354 0.131 0.002 0.002 m18
#cylinder: 9.599 0.128 0.000 9.599 0.128 0.002 0.004 m10
#cylinder: 9.996 0.129 0.000 9.996 0.129 0.002 0.003 m1
#cylinder: 4.119 0.110 0.000 4.119 0.110 0.002 0.008 m9
#cylinder: 6.469 0.155 0.000 6.469 0.155 0.002 0.009 m17
#cylinder: 3.469 0.107 0.000 3.469 0.107 0.002 0.007 m20
#cylinder: 1.254 0.157 0.000 1.254 0.157 0.002 0.010 m8
#cylinder: 9.881 0.128 0.000 9.881 0.128 0.002 0.007 m17
#cylinder: 6.598 0.145 0.000 6.598 0.145 0.002 0.006 m10
#cylinder: 1.647 0.202 0.000 1.647 0.202 0.002 0.004 m16
#cylinder: 2.958 0.131 0.000 2.958 0.131 0.002 0.010 m17
#cylinder: 8.783 0.150 0.000 8.783 0.150 0.002 0.004 m10
#cylinder: 2.454 0.175 0.000 2.454 0.175 0.002 0.003 m14
#cylinder: 6.142 0.178 0.000 6.142 0.178 0.002 0.004 m4
#cylinder: 8.559 0.149 0.000 8.559 0.149 0.002 0.009 m2
#cylinder: 4.792 0.134 0.000 4.792 0.134 0.002 0.010 m8
#cylinder: 2.457 0.157 0.000 2.457 0.157 0.002 0.004 m16
#cylinder: 5.056 0.149 0.000 5.056 0.149 0.002 0.009 m20
#cylinder: 7.288 0.201 0.000 7.288 0.201 0.002 0.004 m15
#cylinder: 9.659 0.167 0.000 9.659 0.167 0.002 0.005 m19
#cylinder: 2.133 0.176 0.000 2.133 0.176 0.002 0.008 m18
#cylinder: 9.035 0.160 0.000 9.035 0.160 0.002 0.008 m1
#cylinder: 0.043 0.172 0.000 0.043 0.172 0.002 0.007 m11
#cylinder: 5.592 0.107 0.000 5.592 0.107 0.002 0.002 m10
#cylinder: 6.922 0.218 0.000 6.922 0.218 0.002 0.004 m3
#cylinder: 2.265 0.151 0.000 2.265 0.151 0.002 0.004 m3
#cylinder: 4.719 0.214 0.000 4.719 0.214 0.002 0.003 m16
#cylinder: 5.568 0.155 0.000 5.568 0.155 0.002 0.004 m13
#cylinder: 0.040 0.217 0.000 0.040 0.217 0.002 0.004 m4
#cylinder: 8.874 0.138 0.000 8.874 0.138 0.002 0.002 m14
#cylinder: 7.261 0.162 0.000 7.261 0.162 0.002 0.009 m17
#cylinder: 5.009 0.112 0.000 5.009 0.112 0.002 0.008 m2
#cylinder: 5.099 0.108 0.000 5.099 0.108 0.002 0.009 m10
#cylinder: 6.279 0.124 0.000 6.279 0.124 0.002 0.007 m12
#cylinder: 2.211 0.103 0.000 2.211 0.103 0.002 0.004 m8
#cylinder: 4.224 0.174 0.000 4.224 0.174 0.002 0.004 m11
#cylinder: 3.324 0.101 0.000 3.324 0.101 0.002 0.007 m1
#cylinder: 9.561 0.115 0.000 9.561 0.115 0.002 0.004 m12
#cylinder: 4.126 0.113 0.000 4.126 0.113 0.002 0.010 m3
#cylinder: 1.047 0.161 0.000 1.047 0.161 0.002 0.004 m1
#cylinder: 6.997 0.108 0.000 6.997 0.108 0.002 0.006 m6
#cylinder: 9.949 0.196 0.000 9.949 0.196 0.002 0.007 m14
#cylinder: 8.284 0.110 0.000 8.284 0.110 0.002 0.009 m11
#cylinder: 9.983 0.206 0.000 9.983 0.206 0.002 0.004 m1
#cylinder: 5.619 0.152 0.000 5.619 0.152 0.002 0.006 m17
#cylinder: 1.005 0.176 0.000 1.005 0.176 0.002 0.003 m7
#cylinder: 3.373 0.209 0.000 3.373 0.209 0.002 0.004 m5
#cylinder: 6.011 0.134 0.000 6.011 0.134 0.002 0.010 m17
#cylinder: 5.967 0.179 0.000 5.967 0.179 0.002 0.005 m8
#cylinder: 9.027 0.100 0.000 9.027 0.100 0.002 0.007 m18
#cylinder: 0.153 0.116 0.000 0.153 0.116 0.002 0.008 m14
#cylinder: 0.578 0.131 0.000 0.578 0.131 0.002 0.003 m8
#cylinder: 9.567 0.146 0.000 9.567 0.146 0.002 0.005 m11
#cylinder: 0.118 0.134 0.000 0.118 0.134 0.002 0.007 m2
#cylinder: 8.934 0.191 0.000 8.934 0.191 0.002 0.007 m2
#cylinder: 6.510 0.101 0.000 6.510 0.101 0.002 0.004 m7
#cylinder: 3.470 0.204 0.000 3.470 0.204 0.002 0.003 m16
#cylinder: 1.622 0.191 0.000 1.622 0.191 0.002 0.003 m19
#cylinder: 2.992 0.122 0.000 2.992 0.122 0.002 0.005 m1
#cylinder: 1.326 0.209 0.000 1.326 0.209 0.002 0.009 m16
#cylinder: 9.253 0.170 0.000 9.253 0.170 0.002 0.010 m15
#cylinder: 1.780 0.128 0.000 1.780 0.128 0.002 0.006 m3
#cylinder: 4.611 0.120 0.000 4.611 0.120 0.002 0.002 m17
#cylinder: 1.308 0.118 0.000 1.308 0.118 0.002 0.007 m9
#cylinder: 6.298 0.189 0.000 6.298 0.189 0.002 0.007 m6
#cylinder: 7.160 0.145 0.000 7.160 0.145 0.002 0.008 m8
#cylinder: 7.258 0.137 0.000 7.258 0.137 0.002 0.010 m20
#cylinder: 9.622 0.163 0.000 9.622 0.163 0.002 0.003 m4
#cylinder: 7.338 0.185 0.000 7.338 0.185 0.002 0.007 m4
#cylinder: 8.733 0.130 0.000 8.733 0.130 0.002 0.010 m5
#cylinder: 2.400 0.157 0.000 2.400 0.157 0.002 0.009 m7
#cylinder: 7.785 0.191 0.000 7.785 0.191 0.002 0.009 m11
#cylinder: 1.441 0.160 0.000 1.441 0.160 0.002 0.005 m8
#cylinder: 6.085 0.185 0.000 6.085 0.185 0.002 0.009 m9
#cylinder: 3.596 0.100 0.000 3.596 0.100 0.002 0.002 m17
#cylinder: 9.971 0.208 0.000 9.971 0.208 0.002 0.010 m3
#cylinder: 0.584 0.201 0.000 0.584 0.201 0.002 0.004 m14
#cylinder: 9.206 0.200 0.000 9.206 0.200 0.002 0.003 m1
#cylinder: 3.204 0.215 0.000 3.204 0.215 0.002 0.003 m12
#cylinder: 9.458 0.173 0.000 9.458 0.173 0.002 0.005 m11
#cylinder: 4.632 0.197 0.000 4.632 0.197 0.002 0.004 m14
#cylinder: 8.290 0.201 0.000 8.290 0.201 0.002 0.007 m7
#cylinder: 3.152 0.126 0.000 3.152 0.126 0.002 0.002 m11
#cylinder: 9.175 0.178 0.000 9.175 0.178 0.002 0.009 m15
#cylinder: 0.965 0.130 0.000 0.965 0.130 0.002 0.004 m18
#cylinder: 6.665 0.168 0.000 6.665 0.168 0.002 0.004 m20
#cylinder: 8.446 0.105 0.000 8.446 0.105 0.002 0.009 m14
#cylinder: 5.239 0.213 0.000 5.239 0.213 0.002 0.009 m6
#cylinder: 5.313 0.100 0.000 5.313 0.100 0.002 0.009 m18
#cylinder: 4.975 0.170 0.000 4.975 0.170 0.002 0.003 m18
#cylinder: 9.365 0.170 0.000 9.365 0.170 0.002 0.008 m10
#cylinder: 4.330 0.180 0.000 4.330 0.180 0.002 0.007 m11
#cylinder: 3.425 0.211 0.000 3.425 0.211 0.002 0.008 m16
#cylinder: 9.629 0.219 0.000 9.629 0.219 0.002 0.004 m13
#cylinder: 3.024 0.145 0.000 3.024 0.145 0.002 0.010 m4
#cylinder: 9.090 0.206 0.000 9.090 0.206 0.002 0.008 m5
#cylinder: 9.361 0.168 0.000 9.361 0.168 0.002 0.006 m18
#cylinder: 3.762 0.101 0.000 3.762 0.101 0.002 0.007 m13
#cylinder: 9.007 0.170 0.000 9.007 0.170 0.002 0.009 m10
#cylinder: 4.426 0.125 0.000 4.426 0.125 0.002 0.005 m18
#cylinder: 7.061 0.121 0.000 7.061 0.121 0.002 0.004 m10
#cylinder: 6.519 0.145 0.000 6.519 0.145 0.002 0.006 m19
#cylinder: 2.833 0.106 0.000 2.833 0.106 0.002 0.009 m16
#cylinder: 5.945 0.119 0.000 5.945 0.119 0.002 0.003 m19
#cylinder: 9.920 0.169 0.000 9.920 0.169 0.002 0.009 m18
#cylinder: 4.093 0.218 0.000 4.093 0.218 0.002 0.006 m19
#cylinder: 2.775 0.156 0.000 2.775 0.156 0.002 0.003 m6
#cylinder: 4.354 0.178 0.000 4.354 0.178 0.002 0.009 m14
#cylinder: 2.445 0.136 0.000 2.445 0.136 0.002 0.009 m15
#cylinder: 8.308 0.103 0.000 8.308 0.103 0.002 0.003 m18
#cylinder: 1.000 0.158 0.000 1.000 0.158 0.002 0.010 m1
#cylinder: 3.133 0.121 0.000 3.133 0.121 0.002 0.005 m8
#cylinder: 3.140 0.106 0.000 3.140 0.106 0.002 0.007 m9
#cylinder: 2.405 0.176 0.000 2.405 0.176 0.002 0.009 m3
#cylinder: 9.020 0.202 0.000 9.020 0.202 0.002 0.010 m15
#cylinder: 9.905 0.129 0.000 9.905 0.129 0.002 0.005 m14
#cylinder: 5.151 0.179 0.000 5.151 0.179 0.002 0.004 m9
