testingplz 
#domain: 1.200 0.300 0.002 
#dx_dy_dz: 0.002 0.002 0.002 
#time_window: 5.000000e-09 

#excitation_file: mala_source_modified.txt 
#hertzian_dipole: z 0.080 0.250 0 mala_source 
#rx: 0.120 0.250 0.000 
#src_steps: 0.002 0.000 0.000 
#rx_steps: 0.002 0.000 0.000 

#material: 5.000 0.220 1.000 0.000 concrete
#material: 1.000 0.000 1.000 0.000 air
#material: 80.000 0.500 1.000 0.000 water

#material: 1.000 0.000 1.000 0.000 m1
#material: 2.000 0.000 1.000 0.000 m2
#material: 3.000 0.000 1.000 0.000 m3
#material: 4.000 0.000 1.000 0.000 m4
#material: 5.000 0.000 1.000 0.000 m5
#material: 6.000 0.000 1.000 0.000 m6
#material: 7.000 0.000 1.000 0.000 m7
#material: 8.000 0.000 1.000 0.000 m8
#material: 9.000 0.000 1.000 0.000 m9
#material: 10.000 0.000 1.000 0.000 m10
#material: 11.000 0.000 1.000 0.000 m11
#material: 12.000 0.000 1.000 0.000 m12
#material: 13.000 0.000 1.000 0.000 m13
#material: 14.000 0.000 1.000 0.000 m14
#material: 15.000 0.000 1.000 0.000 m15
#material: 16.000 0.000 1.000 0.000 m16
#material: 17.000 0.000 1.000 0.000 m17
#material: 18.000 0.000 1.000 0.000 m18
#material: 19.000 0.000 1.000 0.000 m19
#material: 20.000 0.000 1.000 0.000 m20

#box: 0.000 0.000 0.000 1.200 0.250 0.002 concrete

#cylinder: 0.740 0.119 0.000 0.740 0.119 0.002 0.007 m9
#cylinder: 0.058 0.191 0.000 0.058 0.191 0.002 0.003 m15
#cylinder: 0.253 0.202 0.000 0.253 0.202 0.002 0.009 m14
#cylinder: 0.698 0.123 0.000 0.698 0.123 0.002 0.005 m15
#cylinder: 0.131 0.113 0.000 0.131 0.113 0.002 0.006 m1
#cylinder: 0.732 0.123 0.000 0.732 0.123 0.002 0.004 m17
#cylinder: 0.058 0.200 0.000 0.058 0.200 0.002 0.007 m16
#cylinder: 0.179 0.180 0.000 0.179 0.180 0.002 0.008 m18
#cylinder: 0.830 0.145 0.000 0.830 0.145 0.002 0.009 m4
#cylinder: 0.373 0.164 0.000 0.373 0.164 0.002 0.004 m13
#cylinder: 0.609 0.207 0.000 0.609 0.207 0.002 0.009 m11
#cylinder: 0.722 0.132 0.000 0.722 0.132 0.002 0.004 m15
#cylinder: 0.075 0.165 0.000 0.075 0.165 0.002 0.006 m20
#cylinder: 0.833 0.220 0.000 0.833 0.220 0.002 0.007 m9
#cylinder: 0.551 0.128 0.000 0.551 0.128 0.002 0.006 m14
#cylinder: 0.992 0.214 0.000 0.992 0.214 0.002 0.005 m13
#cylinder: 0.332 0.205 0.000 0.332 0.205 0.002 0.002 m6
#cylinder: 0.561 0.214 0.000 0.561 0.214 0.002 0.006 m10
#cylinder: 0.008 0.152 0.000 0.008 0.152 0.002 0.008 m15
#cylinder: 0.478 0.155 0.000 0.478 0.155 0.002 0.003 m15
#cylinder: 0.194 0.155 0.000 0.194 0.155 0.002 0.004 m19
#cylinder: 1.095 0.217 0.000 1.095 0.217 0.002 0.006 m8
#cylinder: 0.632 0.153 0.000 0.632 0.153 0.002 0.009 m9
#cylinder: 0.633 0.162 0.000 0.633 0.162 0.002 0.009 m20
#cylinder: 0.772 0.187 0.000 0.772 0.187 0.002 0.004 m19
#cylinder: 0.093 0.135 0.000 0.093 0.135 0.002 0.006 m20
#cylinder: 0.543 0.116 0.000 0.543 0.116 0.002 0.006 m1
#cylinder: 0.279 0.121 0.000 0.279 0.121 0.002 0.005 m20
#cylinder: 0.239 0.139 0.000 0.239 0.139 0.002 0.005 m18
#cylinder: 1.088 0.196 0.000 1.088 0.196 0.002 0.002 m10
#cylinder: 0.351 0.114 0.000 0.351 0.114 0.002 0.007 m5
#cylinder: 0.193 0.195 0.000 0.193 0.195 0.002 0.004 m17
#cylinder: 0.451 0.169 0.000 0.451 0.169 0.002 0.004 m14
#cylinder: 0.484 0.213 0.000 0.484 0.213 0.002 0.007 m18
#cylinder: 0.533 0.185 0.000 0.533 0.185 0.002 0.007 m7
#cylinder: 0.797 0.169 0.000 0.797 0.169 0.002 0.008 m13
#cylinder: 1.072 0.114 0.000 1.072 0.114 0.002 0.009 m10
#cylinder: 0.394 0.126 0.000 0.394 0.126 0.002 0.007 m11
#cylinder: 0.497 0.137 0.000 0.497 0.137 0.002 0.004 m1
#cylinder: 0.276 0.152 0.000 0.276 0.152 0.002 0.009 m12
#cylinder: 0.988 0.146 0.000 0.988 0.146 0.002 0.009 m18
#cylinder: 0.314 0.160 0.000 0.314 0.160 0.002 0.007 m20
#cylinder: 0.605 0.120 0.000 0.605 0.120 0.002 0.009 m20
#cylinder: 0.629 0.192 0.000 0.629 0.192 0.002 0.004 m20
#cylinder: 0.931 0.147 0.000 0.931 0.147 0.002 0.003 m19
#cylinder: 0.851 0.178 0.000 0.851 0.178 0.002 0.006 m6
#cylinder: 0.240 0.218 0.000 0.240 0.218 0.002 0.007 m16
#cylinder: 0.723 0.143 0.000 0.723 0.143 0.002 0.004 m15
#cylinder: 0.950 0.180 0.000 0.950 0.180 0.002 0.002 m5
#cylinder: 0.369 0.214 0.000 0.369 0.214 0.002 0.005 m15
#cylinder: 0.134 0.146 0.000 0.134 0.146 0.002 0.009 m1
#cylinder: 0.684 0.161 0.000 0.684 0.161 0.002 0.005 m20
#cylinder: 0.486 0.155 0.000 0.486 0.155 0.002 0.010 m15
#cylinder: 0.347 0.145 0.000 0.347 0.145 0.002 0.010 m2
#cylinder: 0.956 0.121 0.000 0.956 0.121 0.002 0.004 m17
#cylinder: 0.417 0.181 0.000 0.417 0.181 0.002 0.010 m11
#cylinder: 1.065 0.133 0.000 1.065 0.133 0.002 0.009 m8
#cylinder: 0.002 0.100 0.000 0.002 0.100 0.002 0.005 m17
#cylinder: 0.773 0.136 0.000 0.773 0.136 0.002 0.007 m16
#cylinder: 0.302 0.214 0.000 0.302 0.214 0.002 0.004 m7
#cylinder: 0.557 0.143 0.000 0.557 0.143 0.002 0.004 m4
#cylinder: 0.391 0.116 0.000 0.391 0.116 0.002 0.010 m20
#cylinder: 0.172 0.116 0.000 0.172 0.116 0.002 0.010 m6
#cylinder: 1.057 0.200 0.000 1.057 0.200 0.002 0.004 m11
#cylinder: 0.168 0.212 0.000 0.168 0.212 0.002 0.003 m11
#cylinder: 1.033 0.202 0.000 1.033 0.202 0.002 0.008 m19
#cylinder: 0.240 0.188 0.000 0.240 0.188 0.002 0.004 m15
#cylinder: 0.075 0.144 0.000 0.075 0.144 0.002 0.010 m4
#cylinder: 0.645 0.181 0.000 0.645 0.181 0.002 0.008 m1
#cylinder: 0.527 0.199 0.000 0.527 0.199 0.002 0.006 m6
#cylinder: 0.676 0.197 0.000 0.676 0.197 0.002 0.010 m12
#cylinder: 0.273 0.129 0.000 0.273 0.129 0.002 0.009 m8
#cylinder: 0.683 0.146 0.000 0.683 0.146 0.002 0.008 m14
#cylinder: 0.440 0.147 0.000 0.440 0.147 0.002 0.007 m20
#cylinder: 0.138 0.172 0.000 0.138 0.172 0.002 0.006 m3
#cylinder: 0.084 0.210 0.000 0.084 0.210 0.002 0.003 m14
#cylinder: 0.069 0.189 0.000 0.069 0.189 0.002 0.003 m8
#cylinder: 0.868 0.106 0.000 0.868 0.106 0.002 0.009 m12
#cylinder: 0.881 0.215 0.000 0.881 0.215 0.002 0.004 m8
#cylinder: 0.784 0.181 0.000 0.784 0.181 0.002 0.007 m20
#cylinder: 0.984 0.155 0.000 0.984 0.155 0.002 0.009 m15
#cylinder: 0.260 0.105 0.000 0.260 0.105 0.002 0.003 m11
#cylinder: 0.202 0.123 0.000 0.202 0.123 0.002 0.010 m19
#cylinder: 0.374 0.155 0.000 0.374 0.155 0.002 0.005 m9
#cylinder: 0.668 0.110 0.000 0.668 0.110 0.002 0.007 m2
#cylinder: 1.025 0.141 0.000 1.025 0.141 0.002 0.002 m13
#cylinder: 0.062 0.131 0.000 0.062 0.131 0.002 0.004 m9
#cylinder: 0.816 0.193 0.000 0.816 0.193 0.002 0.003 m17
#cylinder: 0.683 0.146 0.000 0.683 0.146 0.002 0.003 m11
#cylinder: 0.704 0.216 0.000 0.704 0.216 0.002 0.008 m6
#cylinder: 0.845 0.125 0.000 0.845 0.125 0.002 0.010 m1
#cylinder: 0.905 0.176 0.000 0.905 0.176 0.002 0.003 m1
#cylinder: 0.292 0.166 0.000 0.292 0.166 0.002 0.006 m20
#cylinder: 0.995 0.215 0.000 0.995 0.215 0.002 0.004 m14
#cylinder: 0.041 0.103 0.000 0.041 0.103 0.002 0.008 m17
#cylinder: 0.040 0.204 0.000 0.040 0.204 0.002 0.008 m14
#cylinder: 0.278 0.120 0.000 0.278 0.120 0.002 0.003 m1
#cylinder: 0.196 0.159 0.000 0.196 0.159 0.002 0.005 m12
#cylinder: 0.552 0.133 0.000 0.552 0.133 0.002 0.004 m7
#cylinder: 0.063 0.119 0.000 0.063 0.119 0.002 0.006 m9
#cylinder: 0.616 0.164 0.000 0.616 0.164 0.002 0.005 m14
#cylinder: 0.928 0.155 0.000 0.928 0.155 0.002 0.006 m6
#cylinder: 0.353 0.125 0.000 0.353 0.125 0.002 0.005 m4
#cylinder: 0.226 0.169 0.000 0.226 0.169 0.002 0.007 m16
#cylinder: 0.122 0.148 0.000 0.122 0.148 0.002 0.005 m1
#cylinder: 0.403 0.126 0.000 0.403 0.126 0.002 0.004 m17
#cylinder: 0.147 0.103 0.000 0.147 0.103 0.002 0.004 m6
#cylinder: 0.894 0.181 0.000 0.894 0.181 0.002 0.007 m8
#cylinder: 0.371 0.187 0.000 0.371 0.187 0.002 0.009 m5
#cylinder: 0.624 0.171 0.000 0.624 0.171 0.002 0.009 m9
#cylinder: 0.798 0.119 0.000 0.798 0.119 0.002 0.006 m19
#cylinder: 0.485 0.114 0.000 0.485 0.114 0.002 0.003 m7
#cylinder: 0.695 0.113 0.000 0.695 0.113 0.002 0.003 m4
#cylinder: 0.778 0.178 0.000 0.778 0.178 0.002 0.004 m12
#cylinder: 1.087 0.160 0.000 1.087 0.160 0.002 0.004 m20
#cylinder: 0.989 0.120 0.000 0.989 0.120 0.002 0.009 m7
#cylinder: 0.499 0.191 0.000 0.499 0.191 0.002 0.010 m14
#cylinder: 0.124 0.157 0.000 0.124 0.157 0.002 0.006 m19
#cylinder: 0.881 0.131 0.000 0.881 0.131 0.002 0.008 m2
#cylinder: 0.099 0.142 0.000 0.099 0.142 0.002 0.010 m1
#cylinder: 1.063 0.162 0.000 1.063 0.162 0.002 0.004 m12
#cylinder: 0.787 0.159 0.000 0.787 0.159 0.002 0.006 m7
#cylinder: 0.002 0.156 0.000 0.002 0.156 0.002 0.010 m16
#cylinder: 0.372 0.119 0.000 0.372 0.119 0.002 0.006 m18
#cylinder: 0.789 0.213 0.000 0.789 0.213 0.002 0.006 m13
#cylinder: 0.266 0.180 0.000 0.266 0.180 0.002 0.003 m5
#cylinder: 0.662 0.137 0.000 0.662 0.137 0.002 0.005 m18
#cylinder: 0.233 0.111 0.000 0.233 0.111 0.002 0.005 m13
#cylinder: 0.637 0.152 0.000 0.637 0.152 0.002 0.007 m3
#cylinder: 0.488 0.107 0.000 0.488 0.107 0.002 0.004 m10
#cylinder: 0.028 0.102 0.000 0.028 0.102 0.002 0.005 m10
#cylinder: 0.644 0.183 0.000 0.644 0.183 0.002 0.005 m13
#cylinder: 0.983 0.206 0.000 0.983 0.206 0.002 0.009 m5
#cylinder: 0.570 0.163 0.000 0.570 0.163 0.002 0.003 m2
#cylinder: 0.198 0.149 0.000 0.198 0.149 0.002 0.008 m18
#cylinder: 0.592 0.161 0.000 0.592 0.161 0.002 0.002 m18
#cylinder: 0.717 0.182 0.000 0.717 0.182 0.002 0.006 m5
#cylinder: 0.936 0.139 0.000 0.936 0.139 0.002 0.004 m13
#cylinder: 0.590 0.108 0.000 0.590 0.108 0.002 0.009 m9
#cylinder: 0.745 0.170 0.000 0.745 0.170 0.002 0.008 m17
#cylinder: 0.762 0.160 0.000 0.762 0.160 0.002 0.003 m5
#cylinder: 0.262 0.204 0.000 0.262 0.204 0.002 0.007 m6
#cylinder: 0.054 0.191 0.000 0.054 0.191 0.002 0.005 m20
#cylinder: 0.481 0.167 0.000 0.481 0.167 0.002 0.009 m11
#cylinder: 0.736 0.143 0.000 0.736 0.143 0.002 0.008 m16
#cylinder: 0.410 0.197 0.000 0.410 0.197 0.002 0.007 m8
#cylinder: 0.020 0.210 0.000 0.020 0.210 0.002 0.005 m7
#cylinder: 0.170 0.178 0.000 0.170 0.178 0.002 0.003 m7
#cylinder: 0.466 0.177 0.000 0.466 0.177 0.002 0.005 m13
#cylinder: 1.074 0.140 0.000 1.074 0.140 0.002 0.005 m20
#cylinder: 0.963 0.129 0.000 0.963 0.129 0.002 0.006 m2
#cylinder: 0.579 0.162 0.000 0.579 0.162 0.002 0.004 m7
#cylinder: 1.016 0.151 0.000 1.016 0.151 0.002 0.006 m8
#cylinder: 0.788 0.157 0.000 0.788 0.157 0.002 0.009 m7
#cylinder: 0.330 0.146 0.000 0.330 0.146 0.002 0.007 m18
#cylinder: 0.515 0.100 0.000 0.515 0.100 0.002 0.005 m14
#cylinder: 0.521 0.110 0.000 0.521 0.110 0.002 0.009 m7
#cylinder: 0.221 0.214 0.000 0.221 0.214 0.002 0.010 m4
#cylinder: 0.231 0.142 0.000 0.231 0.142 0.002 0.004 m9
#cylinder: 0.794 0.206 0.000 0.794 0.206 0.002 0.009 m12
#cylinder: 1.045 0.191 0.000 1.045 0.191 0.002 0.003 m7
#cylinder: 0.623 0.165 0.000 0.623 0.165 0.002 0.009 m5
#cylinder: 0.324 0.209 0.000 0.324 0.209 0.002 0.004 m16
#cylinder: 0.222 0.116 0.000 0.222 0.116 0.002 0.007 m2
#cylinder: 0.025 0.184 0.000 0.025 0.184 0.002 0.004 m11
#cylinder: 0.595 0.142 0.000 0.595 0.142 0.002 0.003 m17
#cylinder: 0.214 0.124 0.000 0.214 0.124 0.002 0.007 m9
#cylinder: 0.725 0.122 0.000 0.725 0.122 0.002 0.004 m16
#cylinder: 0.729 0.139 0.000 0.729 0.139 0.002 0.004 m4
#cylinder: 0.410 0.118 0.000 0.410 0.118 0.002 0.003 m11
#cylinder: 0.378 0.114 0.000 0.378 0.114 0.002 0.004 m1
#cylinder: 0.429 0.144 0.000 0.429 0.144 0.002 0.006 m1
#cylinder: 0.633 0.129 0.000 0.633 0.129 0.002 0.009 m7
#cylinder: 1.054 0.104 0.000 1.054 0.104 0.002 0.003 m4
#cylinder: 1.043 0.162 0.000 1.043 0.162 0.002 0.009 m1
#cylinder: 0.245 0.115 0.000 0.245 0.115 0.002 0.004 m17
#cylinder: 0.638 0.158 0.000 0.638 0.158 0.002 0.010 m14
#cylinder: 0.390 0.190 0.000 0.390 0.190 0.002 0.002 m4
#cylinder: 0.245 0.133 0.000 0.245 0.133 0.002 0.008 m17
#cylinder: 0.954 0.220 0.000 0.954 0.220 0.002 0.010 m12
#cylinder: 0.610 0.130 0.000 0.610 0.130 0.002 0.002 m12
#cylinder: 0.738 0.165 0.000 0.738 0.165 0.002 0.003 m15
#cylinder: 0.553 0.154 0.000 0.553 0.154 0.002 0.005 m19
#cylinder: 0.468 0.189 0.000 0.468 0.189 0.002 0.009 m8
#cylinder: 0.734 0.206 0.000 0.734 0.206 0.002 0.007 m20
#cylinder: 0.853 0.176 0.000 0.853 0.176 0.002 0.008 m20
#cylinder: 0.023 0.216 0.000 0.023 0.216 0.002 0.004 m4
#cylinder: 0.618 0.152 0.000 0.618 0.152 0.002 0.007 m10
#cylinder: 0.253 0.167 0.000 0.253 0.167 0.002 0.005 m8
#cylinder: 0.576 0.202 0.000 0.576 0.202 0.002 0.009 m1
#cylinder: 0.255 0.174 0.000 0.255 0.174 0.002 0.004 m12
#cylinder: 0.872 0.151 0.000 0.872 0.151 0.002 0.009 m5
#cylinder: 0.726 0.101 0.000 0.726 0.101 0.002 0.002 m1
#cylinder: 0.290 0.175 0.000 0.290 0.175 0.002 0.007 m20
#cylinder: 0.368 0.163 0.000 0.368 0.163 0.002 0.005 m11
#cylinder: 0.968 0.100 0.000 0.968 0.100 0.002 0.008 m12
#cylinder: 0.907 0.183 0.000 0.907 0.183 0.002 0.003 m19
#cylinder: 0.515 0.190 0.000 0.515 0.190 0.002 0.009 m16
#cylinder: 0.652 0.188 0.000 0.652 0.188 0.002 0.004 m6
#cylinder: 0.476 0.189 0.000 0.476 0.189 0.002 0.008 m5
