testingplz 
#domain: 1.200 0.300 0.002 
#dx_dy_dz: 0.002 0.002 0.002 
#time_window: 5.000000e-09 

#excitation_file: mala_source_modified.txt 
#hertzian_dipole: z 0.080 0.250 0 mala_source 
#rx: 0.120 0.250 0.000 
#src_steps: 0.002 0.000 0.000 
#rx_steps: 0.002 0.000 0.000 

#material: 5.000 0.220 1.000 0.000 concrete
#material: 1.000 0.000 1.000 0.000 air
#material: 80.000 0.500 1.000 0.000 water

#material: 1.000 0.000 1.000 0.000 m1
#material: 2.000 0.000 1.000 0.000 m2
#material: 3.000 0.000 1.000 0.000 m3
#material: 4.000 0.000 1.000 0.000 m4
#material: 5.000 0.000 1.000 0.000 m5
#material: 6.000 0.000 1.000 0.000 m6
#material: 7.000 0.000 1.000 0.000 m7
#material: 8.000 0.000 1.000 0.000 m8
#material: 9.000 0.000 1.000 0.000 m9
#material: 10.000 0.000 1.000 0.000 m10
#material: 11.000 0.000 1.000 0.000 m11
#material: 12.000 0.000 1.000 0.000 m12
#material: 13.000 0.000 1.000 0.000 m13
#material: 14.000 0.000 1.000 0.000 m14
#material: 15.000 0.000 1.000 0.000 m15
#material: 16.000 0.000 1.000 0.000 m16
#material: 17.000 0.000 1.000 0.000 m17
#material: 18.000 0.000 1.000 0.000 m18
#material: 19.000 0.000 1.000 0.000 m19
#material: 20.000 0.000 1.000 0.000 m20

#box: 0.000 0.000 0.000 1.200 0.250 0.002 concrete

#cylinder: 0.315 0.217 0.000 0.315 0.217 0.002 0.009 m10
#cylinder: 0.190 0.152 0.000 0.190 0.152 0.002 0.002 m5
#cylinder: 0.705 0.172 0.000 0.705 0.172 0.002 0.008 m19
#cylinder: 1.099 0.119 0.000 1.099 0.119 0.002 0.003 m19
#cylinder: 0.300 0.176 0.000 0.300 0.176 0.002 0.009 m19
#cylinder: 0.321 0.201 0.000 0.321 0.201 0.002 0.010 m4
#cylinder: 0.256 0.171 0.000 0.256 0.171 0.002 0.003 m19
#cylinder: 0.378 0.122 0.000 0.378 0.122 0.002 0.009 m6
#cylinder: 0.486 0.199 0.000 0.486 0.199 0.002 0.003 m18
#cylinder: 0.759 0.210 0.000 0.759 0.210 0.002 0.009 m1
#cylinder: 0.240 0.145 0.000 0.240 0.145 0.002 0.010 m7
#cylinder: 0.849 0.202 0.000 0.849 0.202 0.002 0.006 m6
#cylinder: 0.552 0.133 0.000 0.552 0.133 0.002 0.009 m5
#cylinder: 0.260 0.141 0.000 0.260 0.141 0.002 0.005 m16
#cylinder: 0.859 0.115 0.000 0.859 0.115 0.002 0.003 m17
#cylinder: 0.538 0.137 0.000 0.538 0.137 0.002 0.009 m11
#cylinder: 0.913 0.220 0.000 0.913 0.220 0.002 0.010 m5
#cylinder: 0.402 0.214 0.000 0.402 0.214 0.002 0.007 m20
#cylinder: 0.435 0.103 0.000 0.435 0.103 0.002 0.004 m20
#cylinder: 0.181 0.175 0.000 0.181 0.175 0.002 0.004 m5
#cylinder: 0.473 0.184 0.000 0.473 0.184 0.002 0.007 m2
#cylinder: 0.033 0.186 0.000 0.033 0.186 0.002 0.007 m18
#cylinder: 0.425 0.107 0.000 0.425 0.107 0.002 0.010 m3
#cylinder: 0.975 0.138 0.000 0.975 0.138 0.002 0.004 m18
#cylinder: 0.315 0.136 0.000 0.315 0.136 0.002 0.007 m12
#cylinder: 0.088 0.172 0.000 0.088 0.172 0.002 0.003 m14
#cylinder: 0.859 0.194 0.000 0.859 0.194 0.002 0.004 m11
#cylinder: 1.073 0.161 0.000 1.073 0.161 0.002 0.003 m17
#cylinder: 0.118 0.174 0.000 0.118 0.174 0.002 0.008 m4
#cylinder: 0.946 0.220 0.000 0.946 0.220 0.002 0.006 m8
#cylinder: 0.245 0.218 0.000 0.245 0.218 0.002 0.009 m6
#cylinder: 0.816 0.187 0.000 0.816 0.187 0.002 0.002 m1
#cylinder: 0.014 0.110 0.000 0.014 0.110 0.002 0.009 m17
#cylinder: 0.412 0.111 0.000 0.412 0.111 0.002 0.007 m15
#cylinder: 0.830 0.119 0.000 0.830 0.119 0.002 0.009 m15
#cylinder: 0.371 0.112 0.000 0.371 0.112 0.002 0.006 m1
#cylinder: 0.102 0.119 0.000 0.102 0.119 0.002 0.009 m12
#cylinder: 0.528 0.191 0.000 0.528 0.191 0.002 0.006 m5
#cylinder: 0.512 0.110 0.000 0.512 0.110 0.002 0.005 m13
#cylinder: 0.409 0.148 0.000 0.409 0.148 0.002 0.006 m4
#cylinder: 1.040 0.146 0.000 1.040 0.146 0.002 0.009 m16
#cylinder: 0.172 0.172 0.000 0.172 0.172 0.002 0.010 m20
#cylinder: 0.094 0.132 0.000 0.094 0.132 0.002 0.006 m19
#cylinder: 0.725 0.176 0.000 0.725 0.176 0.002 0.004 m12
#cylinder: 0.747 0.133 0.000 0.747 0.133 0.002 0.002 m13
#cylinder: 0.725 0.150 0.000 0.725 0.150 0.002 0.007 m9
#cylinder: 0.575 0.119 0.000 0.575 0.119 0.002 0.010 m10
#cylinder: 0.637 0.166 0.000 0.637 0.166 0.002 0.006 m20
#cylinder: 0.362 0.160 0.000 0.362 0.160 0.002 0.006 m16
#cylinder: 0.875 0.141 0.000 0.875 0.141 0.002 0.010 m11
#cylinder: 0.730 0.124 0.000 0.730 0.124 0.002 0.009 m7
#cylinder: 0.462 0.152 0.000 0.462 0.152 0.002 0.006 m12
#cylinder: 0.984 0.168 0.000 0.984 0.168 0.002 0.003 m9
#cylinder: 1.009 0.113 0.000 1.009 0.113 0.002 0.009 m1
#cylinder: 0.296 0.128 0.000 0.296 0.128 0.002 0.005 m10
#cylinder: 0.106 0.148 0.000 0.106 0.148 0.002 0.007 m9
#cylinder: 0.793 0.208 0.000 0.793 0.208 0.002 0.004 m3
#cylinder: 0.387 0.164 0.000 0.387 0.164 0.002 0.010 m16
#cylinder: 0.261 0.219 0.000 0.261 0.219 0.002 0.006 m12
#cylinder: 0.883 0.172 0.000 0.883 0.172 0.002 0.009 m11
#cylinder: 0.270 0.188 0.000 0.270 0.188 0.002 0.005 m19
#cylinder: 0.247 0.149 0.000 0.247 0.149 0.002 0.009 m10
#cylinder: 0.853 0.157 0.000 0.853 0.157 0.002 0.003 m8
#cylinder: 0.451 0.177 0.000 0.451 0.177 0.002 0.004 m7
#cylinder: 0.757 0.170 0.000 0.757 0.170 0.002 0.003 m2
#cylinder: 0.038 0.183 0.000 0.038 0.183 0.002 0.003 m9
#cylinder: 0.684 0.153 0.000 0.684 0.153 0.002 0.008 m16
#cylinder: 0.765 0.116 0.000 0.765 0.116 0.002 0.007 m17
#cylinder: 0.214 0.212 0.000 0.214 0.212 0.002 0.006 m7
#cylinder: 0.685 0.112 0.000 0.685 0.112 0.002 0.005 m17
#cylinder: 0.817 0.166 0.000 0.817 0.166 0.002 0.007 m18
#cylinder: 0.566 0.147 0.000 0.566 0.147 0.002 0.004 m4
#cylinder: 0.655 0.163 0.000 0.655 0.163 0.002 0.005 m14
#cylinder: 1.027 0.136 0.000 1.027 0.136 0.002 0.002 m16
#cylinder: 0.364 0.135 0.000 0.364 0.135 0.002 0.004 m6
#cylinder: 0.423 0.131 0.000 0.423 0.131 0.002 0.005 m20
#cylinder: 0.918 0.135 0.000 0.918 0.135 0.002 0.004 m10
#cylinder: 0.919 0.189 0.000 0.919 0.189 0.002 0.004 m8
#cylinder: 0.485 0.174 0.000 0.485 0.174 0.002 0.005 m14
#cylinder: 0.140 0.188 0.000 0.140 0.188 0.002 0.007 m5
#cylinder: 0.067 0.112 0.000 0.067 0.112 0.002 0.007 m3
#cylinder: 0.758 0.148 0.000 0.758 0.148 0.002 0.010 m20
#cylinder: 0.860 0.146 0.000 0.860 0.146 0.002 0.007 m2
#cylinder: 0.585 0.179 0.000 0.585 0.179 0.002 0.007 m9
#cylinder: 1.047 0.207 0.000 1.047 0.207 0.002 0.003 m15
#cylinder: 0.119 0.183 0.000 0.119 0.183 0.002 0.005 m4
#cylinder: 0.094 0.175 0.000 0.094 0.175 0.002 0.005 m17
#cylinder: 0.432 0.196 0.000 0.432 0.196 0.002 0.004 m2
#cylinder: 0.967 0.104 0.000 0.967 0.104 0.002 0.004 m13
#cylinder: 0.481 0.205 0.000 0.481 0.205 0.002 0.003 m4
#cylinder: 0.654 0.211 0.000 0.654 0.211 0.002 0.004 m3
#cylinder: 1.042 0.114 0.000 1.042 0.114 0.002 0.009 m18
#cylinder: 0.914 0.149 0.000 0.914 0.149 0.002 0.006 m11
#cylinder: 0.037 0.108 0.000 0.037 0.108 0.002 0.005 m4
#cylinder: 0.615 0.111 0.000 0.615 0.111 0.002 0.005 m8
#cylinder: 1.023 0.205 0.000 1.023 0.205 0.002 0.004 m6
#cylinder: 0.769 0.130 0.000 0.769 0.130 0.002 0.004 m1
#cylinder: 0.819 0.163 0.000 0.819 0.163 0.002 0.007 m12
#cylinder: 0.165 0.131 0.000 0.165 0.131 0.002 0.007 m8
#cylinder: 0.132 0.159 0.000 0.132 0.159 0.002 0.002 m2
#cylinder: 0.810 0.202 0.000 0.810 0.202 0.002 0.007 m7
#cylinder: 0.217 0.170 0.000 0.217 0.170 0.002 0.003 m3
#cylinder: 0.584 0.165 0.000 0.584 0.165 0.002 0.009 m8
#cylinder: 0.462 0.205 0.000 0.462 0.205 0.002 0.005 m13
#cylinder: 0.326 0.134 0.000 0.326 0.134 0.002 0.004 m1
#cylinder: 0.766 0.186 0.000 0.766 0.186 0.002 0.003 m7
#cylinder: 1.086 0.101 0.000 1.086 0.101 0.002 0.006 m9
#cylinder: 0.578 0.138 0.000 0.578 0.138 0.002 0.009 m17
#cylinder: 0.570 0.183 0.000 0.570 0.183 0.002 0.002 m10
#cylinder: 0.894 0.132 0.000 0.894 0.132 0.002 0.008 m11
#cylinder: 0.021 0.118 0.000 0.021 0.118 0.002 0.005 m18
#cylinder: 0.069 0.145 0.000 0.069 0.145 0.002 0.004 m16
#cylinder: 0.875 0.140 0.000 0.875 0.140 0.002 0.007 m19
#cylinder: 0.805 0.164 0.000 0.805 0.164 0.002 0.004 m4
#cylinder: 0.426 0.165 0.000 0.426 0.165 0.002 0.009 m18
#cylinder: 0.446 0.173 0.000 0.446 0.173 0.002 0.008 m16
#cylinder: 0.054 0.125 0.000 0.054 0.125 0.002 0.003 m10
#cylinder: 0.720 0.147 0.000 0.720 0.147 0.002 0.010 m8
#cylinder: 0.540 0.206 0.000 0.540 0.206 0.002 0.006 m18
#cylinder: 0.037 0.182 0.000 0.037 0.182 0.002 0.009 m16
#cylinder: 1.072 0.118 0.000 1.072 0.118 0.002 0.007 m7
#cylinder: 0.315 0.170 0.000 0.315 0.170 0.002 0.005 m11
#cylinder: 1.036 0.192 0.000 1.036 0.192 0.002 0.004 m18
#cylinder: 1.018 0.212 0.000 1.018 0.212 0.002 0.010 m2
#cylinder: 0.015 0.218 0.000 0.015 0.218 0.002 0.004 m13
#cylinder: 0.082 0.140 0.000 0.082 0.140 0.002 0.006 m13
#cylinder: 0.229 0.120 0.000 0.229 0.120 0.002 0.009 m1
#cylinder: 0.462 0.146 0.000 0.462 0.146 0.002 0.004 m1
#cylinder: 0.591 0.217 0.000 0.591 0.217 0.002 0.006 m1
#cylinder: 0.434 0.219 0.000 0.434 0.219 0.002 0.007 m18
#cylinder: 0.231 0.153 0.000 0.231 0.153 0.002 0.004 m20
#cylinder: 0.858 0.123 0.000 0.858 0.123 0.002 0.007 m4
#cylinder: 0.757 0.113 0.000 0.757 0.113 0.002 0.009 m13
#cylinder: 0.368 0.124 0.000 0.368 0.124 0.002 0.007 m4
#cylinder: 0.632 0.119 0.000 0.632 0.119 0.002 0.002 m6
#cylinder: 0.902 0.120 0.000 0.902 0.120 0.002 0.008 m7
#cylinder: 0.458 0.206 0.000 0.458 0.206 0.002 0.009 m16
#cylinder: 1.060 0.140 0.000 1.060 0.140 0.002 0.006 m19
#cylinder: 0.378 0.149 0.000 0.378 0.149 0.002 0.009 m1
#cylinder: 0.080 0.112 0.000 0.080 0.112 0.002 0.007 m18
#cylinder: 0.353 0.138 0.000 0.353 0.138 0.002 0.003 m11
#cylinder: 0.807 0.103 0.000 0.807 0.103 0.002 0.004 m10
#cylinder: 0.117 0.184 0.000 0.117 0.184 0.002 0.005 m13
#cylinder: 0.571 0.215 0.000 0.571 0.215 0.002 0.007 m14
#cylinder: 0.530 0.198 0.000 0.530 0.198 0.002 0.006 m12
#cylinder: 0.794 0.107 0.000 0.794 0.107 0.002 0.009 m2
#cylinder: 0.918 0.169 0.000 0.918 0.169 0.002 0.004 m6
#cylinder: 0.593 0.150 0.000 0.593 0.150 0.002 0.009 m20
#cylinder: 0.773 0.129 0.000 0.773 0.129 0.002 0.005 m15
#cylinder: 0.310 0.119 0.000 0.310 0.119 0.002 0.009 m8
#cylinder: 0.027 0.123 0.000 0.027 0.123 0.002 0.003 m3
#cylinder: 0.484 0.145 0.000 0.484 0.145 0.002 0.006 m12
#cylinder: 0.027 0.172 0.000 0.027 0.172 0.002 0.002 m4
#cylinder: 0.711 0.213 0.000 0.711 0.213 0.002 0.007 m19
#cylinder: 0.384 0.179 0.000 0.384 0.179 0.002 0.007 m9
#cylinder: 0.373 0.112 0.000 0.373 0.112 0.002 0.007 m19
#cylinder: 0.493 0.135 0.000 0.493 0.135 0.002 0.010 m14
#cylinder: 0.952 0.151 0.000 0.952 0.151 0.002 0.009 m5
#cylinder: 0.552 0.217 0.000 0.552 0.217 0.002 0.002 m8
#cylinder: 0.945 0.142 0.000 0.945 0.142 0.002 0.004 m8
#cylinder: 0.209 0.217 0.000 0.209 0.217 0.002 0.010 m3
#cylinder: 0.434 0.151 0.000 0.434 0.151 0.002 0.003 m6
#cylinder: 0.439 0.128 0.000 0.439 0.128 0.002 0.003 m5
#cylinder: 0.967 0.210 0.000 0.967 0.210 0.002 0.003 m17
#cylinder: 1.043 0.105 0.000 1.043 0.105 0.002 0.009 m19
#cylinder: 1.014 0.155 0.000 1.014 0.155 0.002 0.004 m18
#cylinder: 0.376 0.216 0.000 0.376 0.216 0.002 0.008 m11
#cylinder: 0.687 0.139 0.000 0.687 0.139 0.002 0.007 m4
#cylinder: 0.747 0.196 0.000 0.747 0.196 0.002 0.004 m4
#cylinder: 0.279 0.154 0.000 0.279 0.154 0.002 0.005 m2
#cylinder: 0.274 0.164 0.000 0.274 0.164 0.002 0.009 m15
#cylinder: 0.112 0.125 0.000 0.112 0.125 0.002 0.007 m18
#cylinder: 0.952 0.101 0.000 0.952 0.101 0.002 0.003 m13
#cylinder: 0.700 0.171 0.000 0.700 0.171 0.002 0.007 m12
#cylinder: 0.097 0.139 0.000 0.097 0.139 0.002 0.003 m13
#cylinder: 0.553 0.217 0.000 0.553 0.217 0.002 0.006 m11
#cylinder: 0.011 0.150 0.000 0.011 0.150 0.002 0.009 m8
#cylinder: 0.009 0.189 0.000 0.009 0.189 0.002 0.004 m4
#cylinder: 0.483 0.185 0.000 0.483 0.185 0.002 0.004 m16
#cylinder: 0.563 0.136 0.000 0.563 0.136 0.002 0.010 m1
#cylinder: 0.405 0.150 0.000 0.405 0.150 0.002 0.005 m9
#cylinder: 0.142 0.191 0.000 0.142 0.191 0.002 0.003 m15
#cylinder: 0.961 0.185 0.000 0.961 0.185 0.002 0.009 m7
#cylinder: 0.419 0.151 0.000 0.419 0.151 0.002 0.006 m12
#cylinder: 0.891 0.199 0.000 0.891 0.199 0.002 0.009 m12
#cylinder: 0.691 0.218 0.000 0.691 0.218 0.002 0.006 m20
#cylinder: 1.033 0.154 0.000 1.033 0.154 0.002 0.005 m7
#cylinder: 0.979 0.159 0.000 0.979 0.159 0.002 0.008 m19
#cylinder: 0.009 0.218 0.000 0.009 0.218 0.002 0.008 m11
#cylinder: 0.028 0.185 0.000 0.028 0.185 0.002 0.002 m1
#cylinder: 0.926 0.172 0.000 0.926 0.172 0.002 0.004 m19
#cylinder: 0.491 0.215 0.000 0.491 0.215 0.002 0.006 m5
#cylinder: 0.202 0.133 0.000 0.202 0.133 0.002 0.003 m15
#cylinder: 0.179 0.137 0.000 0.179 0.137 0.002 0.009 m20
#cylinder: 0.167 0.127 0.000 0.167 0.127 0.002 0.004 m20
#cylinder: 0.384 0.100 0.000 0.384 0.100 0.002 0.006 m13
#cylinder: 1.087 0.215 0.000 1.087 0.215 0.002 0.007 m8
#cylinder: 0.451 0.171 0.000 0.451 0.171 0.002 0.004 m10
#cylinder: 0.862 0.174 0.000 0.862 0.174 0.002 0.010 m8
#cylinder: 0.595 0.199 0.000 0.595 0.199 0.002 0.009 m17
