testingplz 
#domain: 1.200 0.300 0.002 
#dx_dy_dz: 0.002 0.002 0.002 
#time_window: 5.000000e-09 

#excitation_file: mala_source_modified.txt 
#hertzian_dipole: z 0.080 0.250 0 mala_source 
#rx: 0.120 0.250 0.000 
#src_steps: 0.002 0.000 0.000 
#rx_steps: 0.002 0.000 0.000 

#material: 5.000 0.220 1.000 0.000 concrete
#material: 1.000 0.000 1.000 0.000 air
#material: 80.000 0.500 1.000 0.000 water

#material: 1.000 0.000 1.000 0.000 m1
#material: 2.000 0.000 1.000 0.000 m2
#material: 3.000 0.000 1.000 0.000 m3
#material: 4.000 0.000 1.000 0.000 m4
#material: 5.000 0.000 1.000 0.000 m5
#material: 6.000 0.000 1.000 0.000 m6
#material: 7.000 0.000 1.000 0.000 m7
#material: 8.000 0.000 1.000 0.000 m8
#material: 9.000 0.000 1.000 0.000 m9
#material: 10.000 0.000 1.000 0.000 m10
#material: 11.000 0.000 1.000 0.000 m11
#material: 12.000 0.000 1.000 0.000 m12
#material: 13.000 0.000 1.000 0.000 m13
#material: 14.000 0.000 1.000 0.000 m14
#material: 15.000 0.000 1.000 0.000 m15
#material: 16.000 0.000 1.000 0.000 m16
#material: 17.000 0.000 1.000 0.000 m17
#material: 18.000 0.000 1.000 0.000 m18
#material: 19.000 0.000 1.000 0.000 m19
#material: 20.000 0.000 1.000 0.000 m20

#box: 0.000 0.000 0.000 1.200 0.250 0.002 concrete

#cylinder: 0.053 0.108 0.000 0.053 0.108 0.002 0.004 m13
#cylinder: 0.815 0.105 0.000 0.815 0.105 0.002 0.004 m5
#cylinder: 0.969 0.126 0.000 0.969 0.126 0.002 0.009 m8
#cylinder: 0.738 0.193 0.000 0.738 0.193 0.002 0.005 m10
#cylinder: 0.077 0.219 0.000 0.077 0.219 0.002 0.007 m6
#cylinder: 0.358 0.151 0.000 0.358 0.151 0.002 0.009 m13
#cylinder: 0.969 0.135 0.000 0.969 0.135 0.002 0.009 m12
#cylinder: 0.707 0.158 0.000 0.707 0.158 0.002 0.003 m7
#cylinder: 0.556 0.149 0.000 0.556 0.149 0.002 0.004 m19
#cylinder: 0.768 0.175 0.000 0.768 0.175 0.002 0.004 m14
#cylinder: 0.910 0.201 0.000 0.910 0.201 0.002 0.004 m16
#cylinder: 0.951 0.124 0.000 0.951 0.124 0.002 0.008 m9
#cylinder: 1.032 0.220 0.000 1.032 0.220 0.002 0.009 m4
#cylinder: 0.886 0.114 0.000 0.886 0.114 0.002 0.002 m3
#cylinder: 0.881 0.172 0.000 0.881 0.172 0.002 0.006 m19
#cylinder: 0.770 0.205 0.000 0.770 0.205 0.002 0.004 m4
#cylinder: 0.442 0.166 0.000 0.442 0.166 0.002 0.009 m10
#cylinder: 0.035 0.207 0.000 0.035 0.207 0.002 0.010 m13
#cylinder: 1.007 0.189 0.000 1.007 0.189 0.002 0.003 m11
#cylinder: 0.939 0.157 0.000 0.939 0.157 0.002 0.006 m18
#cylinder: 0.236 0.192 0.000 0.236 0.192 0.002 0.003 m5
#cylinder: 0.989 0.135 0.000 0.989 0.135 0.002 0.008 m5
#cylinder: 0.753 0.128 0.000 0.753 0.128 0.002 0.004 m7
#cylinder: 1.056 0.153 0.000 1.056 0.153 0.002 0.006 m6
#cylinder: 0.314 0.101 0.000 0.314 0.101 0.002 0.009 m18
#cylinder: 1.065 0.159 0.000 1.065 0.159 0.002 0.002 m11
#cylinder: 1.079 0.100 0.000 1.079 0.100 0.002 0.005 m13
#cylinder: 0.157 0.120 0.000 0.157 0.120 0.002 0.005 m4
#cylinder: 0.147 0.108 0.000 0.147 0.108 0.002 0.003 m2
#cylinder: 0.964 0.105 0.000 0.964 0.105 0.002 0.007 m3
#cylinder: 0.125 0.155 0.000 0.125 0.155 0.002 0.005 m1
#cylinder: 0.311 0.107 0.000 0.311 0.107 0.002 0.006 m15
#cylinder: 0.723 0.195 0.000 0.723 0.195 0.002 0.003 m19
#cylinder: 0.122 0.204 0.000 0.122 0.204 0.002 0.008 m16
#cylinder: 1.065 0.145 0.000 1.065 0.145 0.002 0.010 m3
#cylinder: 0.063 0.155 0.000 0.063 0.155 0.002 0.003 m1
#cylinder: 0.433 0.195 0.000 0.433 0.195 0.002 0.003 m10
#cylinder: 1.086 0.175 0.000 1.086 0.175 0.002 0.009 m5
#cylinder: 0.726 0.167 0.000 0.726 0.167 0.002 0.004 m1
#cylinder: 0.947 0.139 0.000 0.947 0.139 0.002 0.008 m17
#cylinder: 0.774 0.135 0.000 0.774 0.135 0.002 0.009 m15
#cylinder: 0.952 0.153 0.000 0.952 0.153 0.002 0.002 m1
#cylinder: 0.219 0.113 0.000 0.219 0.113 0.002 0.002 m16
#cylinder: 0.953 0.175 0.000 0.953 0.175 0.002 0.008 m11
#cylinder: 1.041 0.161 0.000 1.041 0.161 0.002 0.007 m11
#cylinder: 0.001 0.190 0.000 0.001 0.190 0.002 0.007 m17
#cylinder: 0.075 0.204 0.000 0.075 0.204 0.002 0.006 m4
#cylinder: 0.254 0.127 0.000 0.254 0.127 0.002 0.006 m9
#cylinder: 1.011 0.131 0.000 1.011 0.131 0.002 0.003 m12
#cylinder: 0.934 0.151 0.000 0.934 0.151 0.002 0.003 m15
#cylinder: 0.536 0.207 0.000 0.536 0.207 0.002 0.007 m14
#cylinder: 0.913 0.102 0.000 0.913 0.102 0.002 0.004 m1
#cylinder: 0.029 0.114 0.000 0.029 0.114 0.002 0.004 m7
#cylinder: 0.541 0.203 0.000 0.541 0.203 0.002 0.006 m3
#cylinder: 0.604 0.143 0.000 0.604 0.143 0.002 0.009 m9
#cylinder: 0.769 0.190 0.000 0.769 0.190 0.002 0.005 m13
#cylinder: 0.076 0.121 0.000 0.076 0.121 0.002 0.006 m9
#cylinder: 0.572 0.125 0.000 0.572 0.125 0.002 0.004 m17
#cylinder: 0.722 0.177 0.000 0.722 0.177 0.002 0.006 m5
#cylinder: 0.521 0.207 0.000 0.521 0.207 0.002 0.009 m7
#cylinder: 0.968 0.102 0.000 0.968 0.102 0.002 0.005 m10
#cylinder: 0.411 0.135 0.000 0.411 0.135 0.002 0.010 m5
#cylinder: 0.971 0.110 0.000 0.971 0.110 0.002 0.003 m4
#cylinder: 0.943 0.150 0.000 0.943 0.150 0.002 0.007 m3
#cylinder: 0.345 0.173 0.000 0.345 0.173 0.002 0.007 m6
#cylinder: 0.325 0.158 0.000 0.325 0.158 0.002 0.005 m7
#cylinder: 0.431 0.201 0.000 0.431 0.201 0.002 0.003 m10
#cylinder: 0.705 0.118 0.000 0.705 0.118 0.002 0.002 m4
#cylinder: 0.977 0.145 0.000 0.977 0.145 0.002 0.004 m9
#cylinder: 0.155 0.182 0.000 0.155 0.182 0.002 0.009 m17
#cylinder: 0.558 0.198 0.000 0.558 0.198 0.002 0.003 m9
#cylinder: 0.113 0.185 0.000 0.113 0.185 0.002 0.004 m18
#cylinder: 0.844 0.105 0.000 0.844 0.105 0.002 0.004 m16
#cylinder: 0.331 0.183 0.000 0.331 0.183 0.002 0.005 m4
#cylinder: 0.094 0.123 0.000 0.094 0.123 0.002 0.006 m9
#cylinder: 1.077 0.116 0.000 1.077 0.116 0.002 0.002 m9
#cylinder: 0.320 0.206 0.000 0.320 0.206 0.002 0.007 m20
#cylinder: 0.011 0.169 0.000 0.011 0.169 0.002 0.003 m18
#cylinder: 1.067 0.125 0.000 1.067 0.125 0.002 0.006 m6
#cylinder: 0.336 0.173 0.000 0.336 0.173 0.002 0.003 m6
#cylinder: 0.773 0.130 0.000 0.773 0.130 0.002 0.005 m7
#cylinder: 0.911 0.218 0.000 0.911 0.218 0.002 0.007 m5
#cylinder: 0.634 0.157 0.000 0.634 0.157 0.002 0.004 m6
#cylinder: 0.827 0.142 0.000 0.827 0.142 0.002 0.004 m19
#cylinder: 0.125 0.126 0.000 0.125 0.126 0.002 0.004 m12
#cylinder: 0.252 0.132 0.000 0.252 0.132 0.002 0.004 m13
#cylinder: 0.781 0.205 0.000 0.781 0.205 0.002 0.005 m8
#cylinder: 0.775 0.193 0.000 0.775 0.193 0.002 0.005 m9
#cylinder: 1.034 0.106 0.000 1.034 0.106 0.002 0.006 m3
#cylinder: 0.711 0.146 0.000 0.711 0.146 0.002 0.006 m17
#cylinder: 0.081 0.169 0.000 0.081 0.169 0.002 0.009 m1
#cylinder: 0.428 0.115 0.000 0.428 0.115 0.002 0.005 m16
#cylinder: 0.248 0.169 0.000 0.248 0.169 0.002 0.009 m19
#cylinder: 0.927 0.133 0.000 0.927 0.133 0.002 0.004 m15
#cylinder: 0.819 0.111 0.000 0.819 0.111 0.002 0.010 m3
#cylinder: 0.961 0.111 0.000 0.961 0.111 0.002 0.003 m11
#cylinder: 0.347 0.178 0.000 0.347 0.178 0.002 0.006 m2
#cylinder: 0.052 0.170 0.000 0.052 0.170 0.002 0.010 m10
#cylinder: 0.965 0.125 0.000 0.965 0.125 0.002 0.008 m14
#cylinder: 0.404 0.135 0.000 0.404 0.135 0.002 0.006 m4
#cylinder: 0.333 0.214 0.000 0.333 0.214 0.002 0.009 m18
#cylinder: 0.771 0.176 0.000 0.771 0.176 0.002 0.007 m1
#cylinder: 1.071 0.160 0.000 1.071 0.160 0.002 0.009 m8
#cylinder: 0.021 0.155 0.000 0.021 0.155 0.002 0.003 m20
#cylinder: 0.608 0.141 0.000 0.608 0.141 0.002 0.004 m2
#cylinder: 1.093 0.193 0.000 1.093 0.193 0.002 0.003 m4
#cylinder: 0.692 0.220 0.000 0.692 0.220 0.002 0.006 m7
#cylinder: 0.190 0.171 0.000 0.190 0.171 0.002 0.002 m20
#cylinder: 0.341 0.216 0.000 0.341 0.216 0.002 0.009 m18
#cylinder: 0.605 0.134 0.000 0.605 0.134 0.002 0.009 m16
#cylinder: 0.533 0.100 0.000 0.533 0.100 0.002 0.006 m7
#cylinder: 0.255 0.210 0.000 0.255 0.210 0.002 0.007 m9
#cylinder: 0.092 0.146 0.000 0.092 0.146 0.002 0.003 m14
#cylinder: 0.247 0.219 0.000 0.247 0.219 0.002 0.005 m16
#cylinder: 0.123 0.142 0.000 0.123 0.142 0.002 0.009 m18
#cylinder: 0.094 0.169 0.000 0.094 0.169 0.002 0.009 m13
#cylinder: 0.247 0.147 0.000 0.247 0.147 0.002 0.005 m18
#cylinder: 0.450 0.181 0.000 0.450 0.181 0.002 0.005 m13
#cylinder: 0.960 0.216 0.000 0.960 0.216 0.002 0.006 m12
#cylinder: 0.738 0.200 0.000 0.738 0.200 0.002 0.004 m1
#cylinder: 0.653 0.159 0.000 0.653 0.159 0.002 0.008 m14
#cylinder: 0.698 0.141 0.000 0.698 0.141 0.002 0.007 m1
#cylinder: 0.928 0.125 0.000 0.928 0.125 0.002 0.009 m18
#cylinder: 0.935 0.113 0.000 0.935 0.113 0.002 0.007 m1
#cylinder: 0.207 0.188 0.000 0.207 0.188 0.002 0.009 m9
#cylinder: 0.277 0.118 0.000 0.277 0.118 0.002 0.008 m11
#cylinder: 0.479 0.218 0.000 0.479 0.218 0.002 0.009 m8
#cylinder: 0.278 0.124 0.000 0.278 0.124 0.002 0.008 m14
#cylinder: 0.400 0.209 0.000 0.400 0.209 0.002 0.005 m7
#cylinder: 0.002 0.197 0.000 0.002 0.197 0.002 0.004 m4
#cylinder: 0.546 0.156 0.000 0.546 0.156 0.002 0.010 m4
#cylinder: 0.101 0.198 0.000 0.101 0.198 0.002 0.004 m1
#cylinder: 0.559 0.199 0.000 0.559 0.199 0.002 0.009 m11
#cylinder: 0.210 0.199 0.000 0.210 0.199 0.002 0.007 m1
#cylinder: 0.461 0.105 0.000 0.461 0.105 0.002 0.007 m13
#cylinder: 0.954 0.136 0.000 0.954 0.136 0.002 0.009 m14
#cylinder: 0.214 0.192 0.000 0.214 0.192 0.002 0.004 m11
#cylinder: 0.221 0.137 0.000 0.221 0.137 0.002 0.006 m16
#cylinder: 0.795 0.143 0.000 0.795 0.143 0.002 0.009 m15
#cylinder: 0.225 0.133 0.000 0.225 0.133 0.002 0.005 m13
#cylinder: 0.623 0.160 0.000 0.623 0.160 0.002 0.007 m9
#cylinder: 0.638 0.188 0.000 0.638 0.188 0.002 0.002 m17
#cylinder: 0.978 0.163 0.000 0.978 0.163 0.002 0.007 m3
#cylinder: 0.208 0.211 0.000 0.208 0.211 0.002 0.005 m8
#cylinder: 0.250 0.114 0.000 0.250 0.114 0.002 0.005 m17
#cylinder: 1.057 0.212 0.000 1.057 0.212 0.002 0.006 m5
#cylinder: 0.745 0.108 0.000 0.745 0.108 0.002 0.004 m10
#cylinder: 0.608 0.126 0.000 0.608 0.126 0.002 0.005 m8
#cylinder: 0.259 0.219 0.000 0.259 0.219 0.002 0.005 m4
#cylinder: 0.581 0.138 0.000 0.581 0.138 0.002 0.004 m9
#cylinder: 0.066 0.197 0.000 0.066 0.197 0.002 0.008 m12
#cylinder: 0.684 0.129 0.000 0.684 0.129 0.002 0.009 m16
#cylinder: 0.293 0.127 0.000 0.293 0.127 0.002 0.006 m11
#cylinder: 0.885 0.161 0.000 0.885 0.161 0.002 0.009 m15
#cylinder: 0.867 0.213 0.000 0.867 0.213 0.002 0.010 m3
#cylinder: 0.939 0.190 0.000 0.939 0.190 0.002 0.004 m14
#cylinder: 0.778 0.131 0.000 0.778 0.131 0.002 0.007 m1
#cylinder: 0.145 0.139 0.000 0.145 0.139 0.002 0.010 m13
#cylinder: 0.246 0.107 0.000 0.246 0.107 0.002 0.007 m10
#cylinder: 0.838 0.136 0.000 0.838 0.136 0.002 0.007 m16
#cylinder: 0.380 0.149 0.000 0.380 0.149 0.002 0.004 m20
#cylinder: 0.413 0.185 0.000 0.413 0.185 0.002 0.004 m17
#cylinder: 1.079 0.175 0.000 1.079 0.175 0.002 0.005 m10
#cylinder: 0.818 0.195 0.000 0.818 0.195 0.002 0.005 m11
#cylinder: 0.165 0.130 0.000 0.165 0.130 0.002 0.003 m7
#cylinder: 0.368 0.203 0.000 0.368 0.203 0.002 0.005 m4
#cylinder: 0.505 0.197 0.000 0.505 0.197 0.002 0.009 m5
#cylinder: 0.441 0.123 0.000 0.441 0.123 0.002 0.010 m6
#cylinder: 1.084 0.191 0.000 1.084 0.191 0.002 0.009 m2
#cylinder: 0.210 0.165 0.000 0.210 0.165 0.002 0.009 m14
#cylinder: 0.865 0.137 0.000 0.865 0.137 0.002 0.005 m2
#cylinder: 1.096 0.216 0.000 1.096 0.216 0.002 0.002 m4
#cylinder: 0.030 0.100 0.000 0.030 0.100 0.002 0.003 m4
#cylinder: 0.174 0.133 0.000 0.174 0.133 0.002 0.010 m11
#cylinder: 0.230 0.140 0.000 0.230 0.140 0.002 0.009 m12
#cylinder: 0.654 0.126 0.000 0.654 0.126 0.002 0.006 m5
#cylinder: 0.398 0.129 0.000 0.398 0.129 0.002 0.005 m13
#cylinder: 1.057 0.111 0.000 1.057 0.111 0.002 0.007 m4
#cylinder: 0.959 0.102 0.000 0.959 0.102 0.002 0.009 m3
#cylinder: 0.513 0.173 0.000 0.513 0.173 0.002 0.009 m10
#cylinder: 0.596 0.101 0.000 0.596 0.101 0.002 0.010 m20
#cylinder: 0.599 0.104 0.000 0.599 0.104 0.002 0.007 m6
#cylinder: 0.407 0.215 0.000 0.407 0.215 0.002 0.009 m10
#cylinder: 0.880 0.128 0.000 0.880 0.128 0.002 0.003 m6
#cylinder: 0.498 0.132 0.000 0.498 0.132 0.002 0.006 m17
#cylinder: 0.005 0.122 0.000 0.005 0.122 0.002 0.004 m15
#cylinder: 0.800 0.211 0.000 0.800 0.211 0.002 0.007 m12
#cylinder: 0.587 0.159 0.000 0.587 0.159 0.002 0.009 m12
#cylinder: 0.840 0.168 0.000 0.840 0.168 0.002 0.009 m11
#cylinder: 0.037 0.171 0.000 0.037 0.171 0.002 0.006 m9
#cylinder: 0.807 0.207 0.000 0.807 0.207 0.002 0.008 m5
#cylinder: 0.224 0.127 0.000 0.224 0.127 0.002 0.008 m20
#cylinder: 0.565 0.169 0.000 0.565 0.169 0.002 0.007 m14
#cylinder: 0.411 0.162 0.000 0.411 0.162 0.002 0.006 m16
#cylinder: 0.458 0.215 0.000 0.458 0.215 0.002 0.005 m7
#cylinder: 0.354 0.112 0.000 0.354 0.112 0.002 0.004 m4
#cylinder: 0.730 0.200 0.000 0.730 0.200 0.002 0.005 m7
#cylinder: 0.638 0.101 0.000 0.638 0.101 0.002 0.004 m18
#cylinder: 0.149 0.212 0.000 0.149 0.212 0.002 0.004 m8
#cylinder: 0.886 0.138 0.000 0.886 0.138 0.002 0.010 m10
