testingplz 
#domain: 1.200 0.300 0.002 
#dx_dy_dz: 0.002 0.002 0.002 
#time_window: 5.000000e-09 

#excitation_file: mala_source_modified.txt 
#hertzian_dipole: z 0.080 0.250 0 mala_source 
#rx: 0.120 0.250 0.000 
#src_steps: 0.002 0.000 0.000 
#rx_steps: 0.002 0.000 0.000 

#material: 5.000 0.220 1.000 0.000 concrete
#material: 1.000 0.000 1.000 0.000 air
#material: 80.000 0.500 1.000 0.000 water

#material: 1.000 0.000 1.000 0.000 m1
#material: 2.000 0.000 1.000 0.000 m2
#material: 3.000 0.000 1.000 0.000 m3
#material: 4.000 0.000 1.000 0.000 m4
#material: 5.000 0.000 1.000 0.000 m5
#material: 6.000 0.000 1.000 0.000 m6
#material: 7.000 0.000 1.000 0.000 m7
#material: 8.000 0.000 1.000 0.000 m8
#material: 9.000 0.000 1.000 0.000 m9
#material: 10.000 0.000 1.000 0.000 m10
#material: 11.000 0.000 1.000 0.000 m11
#material: 12.000 0.000 1.000 0.000 m12
#material: 13.000 0.000 1.000 0.000 m13
#material: 14.000 0.000 1.000 0.000 m14
#material: 15.000 0.000 1.000 0.000 m15
#material: 16.000 0.000 1.000 0.000 m16
#material: 17.000 0.000 1.000 0.000 m17
#material: 18.000 0.000 1.000 0.000 m18
#material: 19.000 0.000 1.000 0.000 m19
#material: 20.000 0.000 1.000 0.000 m20

#box: 0.000 0.000 0.000 1.200 0.250 0.002 concrete

#cylinder: 0.195 0.170 0.000 0.195 0.170 0.002 0.005 m5
#cylinder: 0.864 0.120 0.000 0.864 0.120 0.002 0.003 m10
#cylinder: 0.704 0.178 0.000 0.704 0.178 0.002 0.009 m12
#cylinder: 0.857 0.107 0.000 0.857 0.107 0.002 0.007 m4
#cylinder: 0.724 0.210 0.000 0.724 0.210 0.002 0.003 m10
#cylinder: 0.495 0.153 0.000 0.495 0.153 0.002 0.007 m18
#cylinder: 0.345 0.212 0.000 0.345 0.212 0.002 0.009 m16
#cylinder: 0.252 0.208 0.000 0.252 0.208 0.002 0.003 m6
#cylinder: 0.043 0.166 0.000 0.043 0.166 0.002 0.006 m15
#cylinder: 0.100 0.167 0.000 0.100 0.167 0.002 0.009 m9
#cylinder: 0.950 0.202 0.000 0.950 0.202 0.002 0.004 m4
#cylinder: 1.025 0.141 0.000 1.025 0.141 0.002 0.002 m7
#cylinder: 0.742 0.185 0.000 0.742 0.185 0.002 0.005 m13
#cylinder: 0.553 0.114 0.000 0.553 0.114 0.002 0.007 m5
#cylinder: 0.591 0.217 0.000 0.591 0.217 0.002 0.005 m19
#cylinder: 0.067 0.124 0.000 0.067 0.124 0.002 0.003 m2
#cylinder: 0.663 0.189 0.000 0.663 0.189 0.002 0.006 m17
#cylinder: 1.007 0.127 0.000 1.007 0.127 0.002 0.009 m11
#cylinder: 0.857 0.200 0.000 0.857 0.200 0.002 0.006 m2
#cylinder: 0.787 0.106 0.000 0.787 0.106 0.002 0.005 m12
#cylinder: 0.125 0.213 0.000 0.125 0.213 0.002 0.004 m16
#cylinder: 0.634 0.101 0.000 0.634 0.101 0.002 0.004 m11
#cylinder: 0.348 0.183 0.000 0.348 0.183 0.002 0.002 m16
#cylinder: 0.515 0.212 0.000 0.515 0.212 0.002 0.007 m3
#cylinder: 0.377 0.137 0.000 0.377 0.137 0.002 0.007 m5
#cylinder: 0.967 0.145 0.000 0.967 0.145 0.002 0.002 m10
#cylinder: 0.324 0.207 0.000 0.324 0.207 0.002 0.008 m5
#cylinder: 0.935 0.106 0.000 0.935 0.106 0.002 0.003 m11
#cylinder: 0.045 0.166 0.000 0.045 0.166 0.002 0.009 m18
#cylinder: 0.199 0.217 0.000 0.199 0.217 0.002 0.004 m12
#cylinder: 0.891 0.190 0.000 0.891 0.190 0.002 0.009 m18
#cylinder: 0.109 0.212 0.000 0.109 0.212 0.002 0.008 m7
#cylinder: 0.323 0.130 0.000 0.323 0.130 0.002 0.002 m12
#cylinder: 0.580 0.141 0.000 0.580 0.141 0.002 0.007 m4
#cylinder: 0.965 0.127 0.000 0.965 0.127 0.002 0.009 m3
#cylinder: 0.674 0.140 0.000 0.674 0.140 0.002 0.006 m12
#cylinder: 0.324 0.216 0.000 0.324 0.216 0.002 0.004 m20
#cylinder: 0.524 0.124 0.000 0.524 0.124 0.002 0.006 m1
#cylinder: 0.538 0.165 0.000 0.538 0.165 0.002 0.003 m5
#cylinder: 0.911 0.115 0.000 0.911 0.115 0.002 0.005 m11
#cylinder: 0.753 0.197 0.000 0.753 0.197 0.002 0.006 m8
#cylinder: 0.563 0.145 0.000 0.563 0.145 0.002 0.009 m10
#cylinder: 0.503 0.114 0.000 0.503 0.114 0.002 0.005 m3
#cylinder: 0.498 0.101 0.000 0.498 0.101 0.002 0.006 m13
#cylinder: 0.763 0.199 0.000 0.763 0.199 0.002 0.004 m19
#cylinder: 0.962 0.163 0.000 0.962 0.163 0.002 0.002 m12
#cylinder: 1.018 0.172 0.000 1.018 0.172 0.002 0.006 m19
#cylinder: 1.043 0.201 0.000 1.043 0.201 0.002 0.005 m15
#cylinder: 0.602 0.198 0.000 0.602 0.198 0.002 0.005 m18
#cylinder: 0.316 0.206 0.000 0.316 0.206 0.002 0.003 m3
#cylinder: 0.248 0.177 0.000 0.248 0.177 0.002 0.004 m4
#cylinder: 0.901 0.193 0.000 0.901 0.193 0.002 0.009 m20
#cylinder: 0.213 0.107 0.000 0.213 0.107 0.002 0.009 m13
#cylinder: 0.044 0.118 0.000 0.044 0.118 0.002 0.004 m15
#cylinder: 0.412 0.143 0.000 0.412 0.143 0.002 0.007 m11
#cylinder: 0.008 0.101 0.000 0.008 0.101 0.002 0.003 m19
#cylinder: 0.627 0.176 0.000 0.627 0.176 0.002 0.005 m12
#cylinder: 0.977 0.151 0.000 0.977 0.151 0.002 0.004 m12
#cylinder: 0.995 0.100 0.000 0.995 0.100 0.002 0.009 m13
#cylinder: 0.569 0.112 0.000 0.569 0.112 0.002 0.009 m1
#cylinder: 0.004 0.199 0.000 0.004 0.199 0.002 0.009 m7
#cylinder: 0.334 0.142 0.000 0.334 0.142 0.002 0.009 m10
#cylinder: 0.106 0.124 0.000 0.106 0.124 0.002 0.006 m7
#cylinder: 0.477 0.172 0.000 0.477 0.172 0.002 0.005 m4
#cylinder: 0.137 0.145 0.000 0.137 0.145 0.002 0.005 m5
#cylinder: 0.734 0.114 0.000 0.734 0.114 0.002 0.009 m6
#cylinder: 0.257 0.184 0.000 0.257 0.184 0.002 0.009 m11
#cylinder: 0.751 0.155 0.000 0.751 0.155 0.002 0.003 m18
#cylinder: 0.234 0.107 0.000 0.234 0.107 0.002 0.009 m15
#cylinder: 0.423 0.114 0.000 0.423 0.114 0.002 0.008 m20
#cylinder: 0.945 0.188 0.000 0.945 0.188 0.002 0.009 m12
#cylinder: 0.421 0.104 0.000 0.421 0.104 0.002 0.007 m1
#cylinder: 0.865 0.161 0.000 0.865 0.161 0.002 0.004 m6
#cylinder: 0.841 0.109 0.000 0.841 0.109 0.002 0.009 m19
#cylinder: 0.177 0.166 0.000 0.177 0.166 0.002 0.003 m12
#cylinder: 0.893 0.174 0.000 0.893 0.174 0.002 0.007 m19
#cylinder: 0.378 0.139 0.000 0.378 0.139 0.002 0.003 m15
#cylinder: 0.572 0.211 0.000 0.572 0.211 0.002 0.007 m2
#cylinder: 0.874 0.151 0.000 0.874 0.151 0.002 0.004 m11
#cylinder: 0.921 0.120 0.000 0.921 0.120 0.002 0.005 m18
#cylinder: 0.972 0.197 0.000 0.972 0.197 0.002 0.003 m19
#cylinder: 0.845 0.181 0.000 0.845 0.181 0.002 0.007 m10
#cylinder: 0.274 0.162 0.000 0.274 0.162 0.002 0.006 m18
#cylinder: 0.284 0.165 0.000 0.284 0.165 0.002 0.009 m20
#cylinder: 0.364 0.118 0.000 0.364 0.118 0.002 0.005 m13
#cylinder: 0.736 0.210 0.000 0.736 0.210 0.002 0.006 m4
#cylinder: 0.537 0.108 0.000 0.537 0.108 0.002 0.010 m9
#cylinder: 0.272 0.146 0.000 0.272 0.146 0.002 0.010 m13
#cylinder: 0.412 0.122 0.000 0.412 0.122 0.002 0.004 m12
#cylinder: 0.483 0.213 0.000 0.483 0.213 0.002 0.004 m11
#cylinder: 0.738 0.211 0.000 0.738 0.211 0.002 0.009 m12
#cylinder: 1.033 0.218 0.000 1.033 0.218 0.002 0.003 m20
#cylinder: 0.607 0.175 0.000 0.607 0.175 0.002 0.009 m18
#cylinder: 1.100 0.124 0.000 1.100 0.124 0.002 0.007 m6
#cylinder: 0.023 0.140 0.000 0.023 0.140 0.002 0.002 m19
#cylinder: 0.600 0.155 0.000 0.600 0.155 0.002 0.008 m11
#cylinder: 0.256 0.162 0.000 0.256 0.162 0.002 0.008 m19
#cylinder: 1.081 0.131 0.000 1.081 0.131 0.002 0.007 m7
#cylinder: 0.515 0.154 0.000 0.515 0.154 0.002 0.007 m6
#cylinder: 1.006 0.204 0.000 1.006 0.204 0.002 0.007 m5
#cylinder: 0.374 0.106 0.000 0.374 0.106 0.002 0.003 m19
#cylinder: 0.845 0.146 0.000 0.845 0.146 0.002 0.005 m11
#cylinder: 0.145 0.194 0.000 0.145 0.194 0.002 0.007 m1
#cylinder: 1.059 0.205 0.000 1.059 0.205 0.002 0.006 m2
#cylinder: 0.956 0.208 0.000 0.956 0.208 0.002 0.003 m3
#cylinder: 0.587 0.140 0.000 0.587 0.140 0.002 0.009 m14
#cylinder: 0.288 0.138 0.000 0.288 0.138 0.002 0.008 m11
#cylinder: 0.308 0.154 0.000 0.308 0.154 0.002 0.004 m8
#cylinder: 0.777 0.174 0.000 0.777 0.174 0.002 0.008 m5
#cylinder: 0.913 0.140 0.000 0.913 0.140 0.002 0.007 m7
#cylinder: 0.320 0.207 0.000 0.320 0.207 0.002 0.006 m15
#cylinder: 0.939 0.153 0.000 0.939 0.153 0.002 0.006 m5
#cylinder: 1.011 0.148 0.000 1.011 0.148 0.002 0.009 m11
#cylinder: 0.570 0.140 0.000 0.570 0.140 0.002 0.010 m16
#cylinder: 0.621 0.188 0.000 0.621 0.188 0.002 0.004 m9
#cylinder: 0.980 0.176 0.000 0.980 0.176 0.002 0.005 m19
#cylinder: 0.946 0.129 0.000 0.946 0.129 0.002 0.003 m14
#cylinder: 0.207 0.145 0.000 0.207 0.145 0.002 0.005 m18
#cylinder: 0.434 0.156 0.000 0.434 0.156 0.002 0.003 m20
#cylinder: 0.943 0.201 0.000 0.943 0.201 0.002 0.007 m19
#cylinder: 0.453 0.136 0.000 0.453 0.136 0.002 0.007 m9
#cylinder: 0.552 0.216 0.000 0.552 0.216 0.002 0.007 m16
#cylinder: 0.463 0.150 0.000 0.463 0.150 0.002 0.004 m8
#cylinder: 0.693 0.112 0.000 0.693 0.112 0.002 0.007 m5
#cylinder: 0.883 0.121 0.000 0.883 0.121 0.002 0.007 m9
#cylinder: 0.206 0.215 0.000 0.206 0.215 0.002 0.009 m13
#cylinder: 0.608 0.216 0.000 0.608 0.216 0.002 0.005 m8
#cylinder: 0.993 0.151 0.000 0.993 0.151 0.002 0.010 m8
#cylinder: 0.438 0.203 0.000 0.438 0.203 0.002 0.005 m11
#cylinder: 0.235 0.115 0.000 0.235 0.115 0.002 0.003 m10
#cylinder: 0.328 0.152 0.000 0.328 0.152 0.002 0.010 m3
#cylinder: 0.315 0.157 0.000 0.315 0.157 0.002 0.006 m6
#cylinder: 0.064 0.217 0.000 0.064 0.217 0.002 0.006 m11
#cylinder: 0.917 0.135 0.000 0.917 0.135 0.002 0.005 m8
#cylinder: 0.852 0.129 0.000 0.852 0.129 0.002 0.003 m8
#cylinder: 0.392 0.117 0.000 0.392 0.117 0.002 0.009 m5
#cylinder: 0.896 0.108 0.000 0.896 0.108 0.002 0.007 m18
#cylinder: 1.071 0.121 0.000 1.071 0.121 0.002 0.005 m5
#cylinder: 0.256 0.209 0.000 0.256 0.209 0.002 0.005 m4
#cylinder: 0.944 0.213 0.000 0.944 0.213 0.002 0.008 m6
#cylinder: 0.318 0.101 0.000 0.318 0.101 0.002 0.003 m14
#cylinder: 0.182 0.200 0.000 0.182 0.200 0.002 0.006 m1
#cylinder: 0.111 0.104 0.000 0.111 0.104 0.002 0.004 m16
#cylinder: 0.123 0.161 0.000 0.123 0.161 0.002 0.002 m17
#cylinder: 1.073 0.217 0.000 1.073 0.217 0.002 0.010 m19
#cylinder: 0.539 0.167 0.000 0.539 0.167 0.002 0.003 m14
#cylinder: 0.726 0.168 0.000 0.726 0.168 0.002 0.010 m9
#cylinder: 0.094 0.214 0.000 0.094 0.214 0.002 0.004 m8
#cylinder: 0.939 0.180 0.000 0.939 0.180 0.002 0.003 m17
#cylinder: 0.626 0.185 0.000 0.626 0.185 0.002 0.002 m8
#cylinder: 0.515 0.203 0.000 0.515 0.203 0.002 0.003 m11
#cylinder: 0.278 0.152 0.000 0.278 0.152 0.002 0.004 m11
#cylinder: 0.015 0.207 0.000 0.015 0.207 0.002 0.005 m18
#cylinder: 0.635 0.136 0.000 0.635 0.136 0.002 0.007 m13
#cylinder: 0.302 0.188 0.000 0.302 0.188 0.002 0.009 m7
#cylinder: 0.903 0.150 0.000 0.903 0.150 0.002 0.009 m18
#cylinder: 0.018 0.102 0.000 0.018 0.102 0.002 0.003 m1
#cylinder: 0.755 0.152 0.000 0.755 0.152 0.002 0.009 m2
#cylinder: 0.443 0.198 0.000 0.443 0.198 0.002 0.003 m7
#cylinder: 0.819 0.112 0.000 0.819 0.112 0.002 0.003 m11
#cylinder: 0.902 0.115 0.000 0.902 0.115 0.002 0.009 m10
#cylinder: 0.930 0.218 0.000 0.930 0.218 0.002 0.006 m13
#cylinder: 0.569 0.137 0.000 0.569 0.137 0.002 0.006 m8
#cylinder: 0.085 0.126 0.000 0.085 0.126 0.002 0.009 m10
#cylinder: 0.131 0.203 0.000 0.131 0.203 0.002 0.007 m16
#cylinder: 0.838 0.179 0.000 0.838 0.179 0.002 0.006 m8
#cylinder: 0.646 0.145 0.000 0.646 0.145 0.002 0.006 m13
#cylinder: 0.462 0.202 0.000 0.462 0.202 0.002 0.004 m17
#cylinder: 0.814 0.171 0.000 0.814 0.171 0.002 0.008 m10
#cylinder: 0.587 0.172 0.000 0.587 0.172 0.002 0.004 m1
#cylinder: 0.565 0.166 0.000 0.565 0.166 0.002 0.006 m15
#cylinder: 0.713 0.192 0.000 0.713 0.192 0.002 0.003 m9
#cylinder: 0.804 0.180 0.000 0.804 0.180 0.002 0.009 m7
#cylinder: 0.530 0.159 0.000 0.530 0.159 0.002 0.003 m7
#cylinder: 0.412 0.196 0.000 0.412 0.196 0.002 0.004 m1
#cylinder: 1.054 0.156 0.000 1.054 0.156 0.002 0.006 m17
#cylinder: 0.275 0.145 0.000 0.275 0.145 0.002 0.004 m13
#cylinder: 1.096 0.131 0.000 1.096 0.131 0.002 0.006 m17
#cylinder: 0.679 0.156 0.000 0.679 0.156 0.002 0.004 m11
#cylinder: 0.317 0.117 0.000 0.317 0.117 0.002 0.005 m11
#cylinder: 0.464 0.162 0.000 0.464 0.162 0.002 0.009 m7
#cylinder: 0.962 0.208 0.000 0.962 0.208 0.002 0.005 m12
#cylinder: 0.155 0.200 0.000 0.155 0.200 0.002 0.006 m8
#cylinder: 0.185 0.108 0.000 0.185 0.108 0.002 0.003 m19
#cylinder: 0.646 0.211 0.000 0.646 0.211 0.002 0.007 m11
#cylinder: 0.215 0.213 0.000 0.215 0.213 0.002 0.004 m7
#cylinder: 0.813 0.100 0.000 0.813 0.100 0.002 0.007 m20
#cylinder: 0.945 0.126 0.000 0.945 0.126 0.002 0.005 m14
#cylinder: 1.009 0.184 0.000 1.009 0.184 0.002 0.004 m9
#cylinder: 0.320 0.103 0.000 0.320 0.103 0.002 0.004 m15
#cylinder: 0.511 0.175 0.000 0.511 0.175 0.002 0.003 m6
#cylinder: 0.350 0.155 0.000 0.350 0.155 0.002 0.007 m8
#cylinder: 0.359 0.121 0.000 0.359 0.121 0.002 0.004 m17
#cylinder: 0.536 0.177 0.000 0.536 0.177 0.002 0.003 m4
#cylinder: 0.786 0.202 0.000 0.786 0.202 0.002 0.009 m19
#cylinder: 0.075 0.219 0.000 0.075 0.219 0.002 0.009 m3
#cylinder: 0.249 0.130 0.000 0.249 0.130 0.002 0.006 m11
#cylinder: 0.330 0.194 0.000 0.330 0.194 0.002 0.006 m6
#cylinder: 0.196 0.155 0.000 0.196 0.155 0.002 0.008 m13
#cylinder: 0.845 0.175 0.000 0.845 0.175 0.002 0.004 m11
