testingplz 
#domain: 1.200 0.300 0.002 
#dx_dy_dz: 0.002 0.002 0.002 
#time_window: 5.000000e-09 

#excitation_file: mala_source_modified.txt 
#hertzian_dipole: z 0.080 0.250 0 mala_source 
#rx: 0.120 0.250 0.000 
#src_steps: 0.002 0.000 0.000 
#rx_steps: 0.002 0.000 0.000 

#material: 5.000 0.220 1.000 0.000 concrete
#material: 1.000 0.000 1.000 0.000 air
#material: 80.000 0.500 1.000 0.000 water

#material: 1.000 0.000 1.000 0.000 m1
#material: 2.000 0.000 1.000 0.000 m2
#material: 3.000 0.000 1.000 0.000 m3
#material: 4.000 0.000 1.000 0.000 m4
#material: 5.000 0.000 1.000 0.000 m5
#material: 6.000 0.000 1.000 0.000 m6
#material: 7.000 0.000 1.000 0.000 m7
#material: 8.000 0.000 1.000 0.000 m8
#material: 9.000 0.000 1.000 0.000 m9
#material: 10.000 0.000 1.000 0.000 m10
#material: 11.000 0.000 1.000 0.000 m11
#material: 12.000 0.000 1.000 0.000 m12
#material: 13.000 0.000 1.000 0.000 m13
#material: 14.000 0.000 1.000 0.000 m14
#material: 15.000 0.000 1.000 0.000 m15
#material: 16.000 0.000 1.000 0.000 m16
#material: 17.000 0.000 1.000 0.000 m17
#material: 18.000 0.000 1.000 0.000 m18
#material: 19.000 0.000 1.000 0.000 m19
#material: 20.000 0.000 1.000 0.000 m20

#box: 0.000 0.000 0.000 1.200 0.250 0.002 concrete

#cylinder: 0.868 0.101 0.000 0.868 0.101 0.002 0.009 m11
#cylinder: 1.092 0.138 0.000 1.092 0.138 0.002 0.004 m16
#cylinder: 0.537 0.179 0.000 0.537 0.179 0.002 0.002 m6
#cylinder: 0.329 0.172 0.000 0.329 0.172 0.002 0.002 m18
#cylinder: 0.671 0.156 0.000 0.671 0.156 0.002 0.003 m16
#cylinder: 0.742 0.189 0.000 0.742 0.189 0.002 0.004 m9
#cylinder: 1.074 0.158 0.000 1.074 0.158 0.002 0.009 m8
#cylinder: 0.113 0.143 0.000 0.113 0.143 0.002 0.009 m18
#cylinder: 0.133 0.145 0.000 0.133 0.145 0.002 0.004 m6
#cylinder: 1.004 0.134 0.000 1.004 0.134 0.002 0.004 m9
#cylinder: 0.052 0.140 0.000 0.052 0.140 0.002 0.004 m6
#cylinder: 0.961 0.212 0.000 0.961 0.212 0.002 0.006 m20
#cylinder: 0.360 0.148 0.000 0.360 0.148 0.002 0.008 m19
#cylinder: 0.385 0.163 0.000 0.385 0.163 0.002 0.004 m8
#cylinder: 0.981 0.166 0.000 0.981 0.166 0.002 0.010 m7
#cylinder: 0.015 0.173 0.000 0.015 0.173 0.002 0.003 m17
#cylinder: 0.180 0.181 0.000 0.180 0.181 0.002 0.002 m11
#cylinder: 0.250 0.155 0.000 0.250 0.155 0.002 0.007 m4
#cylinder: 0.603 0.132 0.000 0.603 0.132 0.002 0.009 m14
#cylinder: 0.020 0.139 0.000 0.020 0.139 0.002 0.009 m20
#cylinder: 0.307 0.111 0.000 0.307 0.111 0.002 0.004 m11
#cylinder: 0.425 0.152 0.000 0.425 0.152 0.002 0.009 m13
#cylinder: 1.063 0.143 0.000 1.063 0.143 0.002 0.004 m17
#cylinder: 0.411 0.176 0.000 0.411 0.176 0.002 0.007 m18
#cylinder: 0.173 0.104 0.000 0.173 0.104 0.002 0.005 m8
#cylinder: 0.039 0.204 0.000 0.039 0.204 0.002 0.008 m13
#cylinder: 0.569 0.147 0.000 0.569 0.147 0.002 0.003 m20
#cylinder: 0.397 0.179 0.000 0.397 0.179 0.002 0.005 m2
#cylinder: 0.583 0.154 0.000 0.583 0.154 0.002 0.002 m13
#cylinder: 0.650 0.201 0.000 0.650 0.201 0.002 0.003 m8
#cylinder: 0.359 0.148 0.000 0.359 0.148 0.002 0.009 m9
#cylinder: 0.148 0.219 0.000 0.148 0.219 0.002 0.006 m10
#cylinder: 0.128 0.142 0.000 0.128 0.142 0.002 0.009 m14
#cylinder: 0.692 0.219 0.000 0.692 0.219 0.002 0.006 m19
#cylinder: 0.743 0.126 0.000 0.743 0.126 0.002 0.007 m5
#cylinder: 0.794 0.123 0.000 0.794 0.123 0.002 0.006 m18
#cylinder: 0.360 0.164 0.000 0.360 0.164 0.002 0.006 m2
#cylinder: 0.356 0.164 0.000 0.356 0.164 0.002 0.004 m8
#cylinder: 0.089 0.128 0.000 0.089 0.128 0.002 0.007 m2
#cylinder: 0.342 0.216 0.000 0.342 0.216 0.002 0.006 m7
#cylinder: 1.091 0.217 0.000 1.091 0.217 0.002 0.002 m10
#cylinder: 0.999 0.182 0.000 0.999 0.182 0.002 0.002 m19
#cylinder: 0.444 0.203 0.000 0.444 0.203 0.002 0.006 m8
#cylinder: 0.138 0.203 0.000 0.138 0.203 0.002 0.008 m1
#cylinder: 0.018 0.138 0.000 0.018 0.138 0.002 0.004 m13
#cylinder: 0.807 0.167 0.000 0.807 0.167 0.002 0.009 m14
#cylinder: 0.763 0.193 0.000 0.763 0.193 0.002 0.007 m13
#cylinder: 0.439 0.167 0.000 0.439 0.167 0.002 0.009 m1
#cylinder: 0.989 0.216 0.000 0.989 0.216 0.002 0.009 m8
#cylinder: 0.696 0.178 0.000 0.696 0.178 0.002 0.005 m9
#cylinder: 0.796 0.218 0.000 0.796 0.218 0.002 0.007 m19
#cylinder: 0.385 0.121 0.000 0.385 0.121 0.002 0.007 m8
#cylinder: 0.367 0.177 0.000 0.367 0.177 0.002 0.003 m5
#cylinder: 0.298 0.189 0.000 0.298 0.189 0.002 0.008 m1
#cylinder: 0.998 0.104 0.000 0.998 0.104 0.002 0.009 m17
#cylinder: 0.913 0.191 0.000 0.913 0.191 0.002 0.009 m10
#cylinder: 0.254 0.170 0.000 0.254 0.170 0.002 0.002 m13
#cylinder: 0.309 0.182 0.000 0.309 0.182 0.002 0.009 m11
#cylinder: 0.958 0.176 0.000 0.958 0.176 0.002 0.009 m16
#cylinder: 0.284 0.141 0.000 0.284 0.141 0.002 0.002 m15
#cylinder: 0.974 0.157 0.000 0.974 0.157 0.002 0.002 m13
#cylinder: 0.862 0.129 0.000 0.862 0.129 0.002 0.008 m18
#cylinder: 0.177 0.214 0.000 0.177 0.214 0.002 0.009 m10
#cylinder: 0.454 0.126 0.000 0.454 0.126 0.002 0.007 m15
#cylinder: 0.392 0.179 0.000 0.392 0.179 0.002 0.009 m6
#cylinder: 1.087 0.141 0.000 1.087 0.141 0.002 0.005 m19
#cylinder: 0.470 0.178 0.000 0.470 0.178 0.002 0.003 m12
#cylinder: 0.457 0.194 0.000 0.457 0.194 0.002 0.005 m14
#cylinder: 0.615 0.136 0.000 0.615 0.136 0.002 0.005 m5
#cylinder: 0.003 0.188 0.000 0.003 0.188 0.002 0.006 m7
#cylinder: 0.918 0.217 0.000 0.918 0.217 0.002 0.006 m2
#cylinder: 0.823 0.156 0.000 0.823 0.156 0.002 0.005 m1
#cylinder: 0.673 0.209 0.000 0.673 0.209 0.002 0.008 m20
#cylinder: 0.240 0.187 0.000 0.240 0.187 0.002 0.004 m5
#cylinder: 0.803 0.124 0.000 0.803 0.124 0.002 0.006 m7
#cylinder: 0.586 0.207 0.000 0.586 0.207 0.002 0.003 m14
#cylinder: 1.060 0.129 0.000 1.060 0.129 0.002 0.002 m11
#cylinder: 0.247 0.171 0.000 0.247 0.171 0.002 0.004 m9
#cylinder: 0.942 0.213 0.000 0.942 0.213 0.002 0.010 m18
#cylinder: 0.304 0.163 0.000 0.304 0.163 0.002 0.003 m13
#cylinder: 0.551 0.114 0.000 0.551 0.114 0.002 0.005 m6
#cylinder: 0.650 0.159 0.000 0.650 0.159 0.002 0.007 m8
#cylinder: 0.618 0.116 0.000 0.618 0.116 0.002 0.008 m12
#cylinder: 0.508 0.162 0.000 0.508 0.162 0.002 0.009 m16
#cylinder: 0.587 0.167 0.000 0.587 0.167 0.002 0.004 m8
#cylinder: 0.938 0.180 0.000 0.938 0.180 0.002 0.009 m8
#cylinder: 0.672 0.115 0.000 0.672 0.115 0.002 0.003 m18
#cylinder: 0.619 0.195 0.000 0.619 0.195 0.002 0.010 m3
#cylinder: 0.595 0.119 0.000 0.595 0.119 0.002 0.006 m15
#cylinder: 1.056 0.220 0.000 1.056 0.220 0.002 0.003 m14
#cylinder: 1.079 0.217 0.000 1.079 0.217 0.002 0.007 m15
#cylinder: 0.165 0.193 0.000 0.165 0.193 0.002 0.010 m16
#cylinder: 0.447 0.128 0.000 0.447 0.128 0.002 0.004 m6
#cylinder: 0.360 0.208 0.000 0.360 0.208 0.002 0.004 m2
#cylinder: 0.187 0.176 0.000 0.187 0.176 0.002 0.005 m19
#cylinder: 0.295 0.123 0.000 0.295 0.123 0.002 0.005 m15
#cylinder: 0.954 0.216 0.000 0.954 0.216 0.002 0.004 m18
#cylinder: 0.778 0.192 0.000 0.778 0.192 0.002 0.004 m18
#cylinder: 0.994 0.116 0.000 0.994 0.116 0.002 0.009 m9
#cylinder: 0.096 0.202 0.000 0.096 0.202 0.002 0.004 m7
#cylinder: 0.091 0.158 0.000 0.091 0.158 0.002 0.007 m5
#cylinder: 0.571 0.154 0.000 0.571 0.154 0.002 0.007 m18
#cylinder: 0.285 0.156 0.000 0.285 0.156 0.002 0.006 m14
#cylinder: 0.453 0.142 0.000 0.453 0.142 0.002 0.003 m2
#cylinder: 0.356 0.135 0.000 0.356 0.135 0.002 0.006 m20
#cylinder: 0.769 0.113 0.000 0.769 0.113 0.002 0.005 m12
#cylinder: 0.950 0.209 0.000 0.950 0.209 0.002 0.003 m8
#cylinder: 0.735 0.131 0.000 0.735 0.131 0.002 0.010 m9
#cylinder: 0.692 0.175 0.000 0.692 0.175 0.002 0.003 m13
#cylinder: 0.837 0.136 0.000 0.837 0.136 0.002 0.009 m9
#cylinder: 0.782 0.188 0.000 0.782 0.188 0.002 0.004 m18
#cylinder: 0.257 0.202 0.000 0.257 0.202 0.002 0.007 m13
#cylinder: 0.202 0.171 0.000 0.202 0.171 0.002 0.005 m15
#cylinder: 0.527 0.108 0.000 0.527 0.108 0.002 0.005 m14
#cylinder: 1.026 0.110 0.000 1.026 0.110 0.002 0.008 m19
#cylinder: 0.768 0.130 0.000 0.768 0.130 0.002 0.007 m14
#cylinder: 0.912 0.195 0.000 0.912 0.195 0.002 0.009 m17
#cylinder: 0.016 0.199 0.000 0.016 0.199 0.002 0.003 m9
#cylinder: 0.140 0.146 0.000 0.140 0.146 0.002 0.009 m16
#cylinder: 1.005 0.103 0.000 1.005 0.103 0.002 0.005 m6
#cylinder: 0.782 0.202 0.000 0.782 0.202 0.002 0.005 m8
#cylinder: 0.937 0.134 0.000 0.937 0.134 0.002 0.005 m8
#cylinder: 1.067 0.205 0.000 1.067 0.205 0.002 0.006 m3
#cylinder: 0.533 0.209 0.000 0.533 0.209 0.002 0.009 m18
#cylinder: 1.085 0.203 0.000 1.085 0.203 0.002 0.005 m2
#cylinder: 0.190 0.219 0.000 0.190 0.219 0.002 0.004 m13
#cylinder: 0.748 0.174 0.000 0.748 0.174 0.002 0.007 m14
#cylinder: 0.772 0.120 0.000 0.772 0.120 0.002 0.009 m1
#cylinder: 1.096 0.174 0.000 1.096 0.174 0.002 0.003 m16
#cylinder: 0.847 0.120 0.000 0.847 0.120 0.002 0.010 m15
#cylinder: 0.288 0.167 0.000 0.288 0.167 0.002 0.007 m15
#cylinder: 0.728 0.189 0.000 0.728 0.189 0.002 0.004 m2
#cylinder: 0.017 0.111 0.000 0.017 0.111 0.002 0.003 m15
#cylinder: 0.163 0.156 0.000 0.163 0.156 0.002 0.004 m18
#cylinder: 0.747 0.105 0.000 0.747 0.105 0.002 0.003 m4
#cylinder: 1.010 0.114 0.000 1.010 0.114 0.002 0.002 m2
#cylinder: 0.544 0.148 0.000 0.544 0.148 0.002 0.008 m16
#cylinder: 0.017 0.164 0.000 0.017 0.164 0.002 0.005 m18
#cylinder: 0.965 0.158 0.000 0.965 0.158 0.002 0.009 m1
#cylinder: 0.064 0.174 0.000 0.064 0.174 0.002 0.010 m4
#cylinder: 0.160 0.172 0.000 0.160 0.172 0.002 0.003 m7
#cylinder: 0.428 0.168 0.000 0.428 0.168 0.002 0.005 m14
#cylinder: 0.041 0.168 0.000 0.041 0.168 0.002 0.009 m18
#cylinder: 0.571 0.118 0.000 0.571 0.118 0.002 0.007 m8
#cylinder: 0.008 0.108 0.000 0.008 0.108 0.002 0.003 m15
#cylinder: 0.330 0.219 0.000 0.330 0.219 0.002 0.009 m5
#cylinder: 1.004 0.115 0.000 1.004 0.115 0.002 0.006 m4
#cylinder: 1.033 0.181 0.000 1.033 0.181 0.002 0.007 m16
#cylinder: 0.370 0.142 0.000 0.370 0.142 0.002 0.004 m9
#cylinder: 0.448 0.183 0.000 0.448 0.183 0.002 0.007 m10
#cylinder: 0.710 0.189 0.000 0.710 0.189 0.002 0.006 m12
#cylinder: 0.164 0.176 0.000 0.164 0.176 0.002 0.004 m13
#cylinder: 0.524 0.136 0.000 0.524 0.136 0.002 0.009 m7
#cylinder: 0.932 0.202 0.000 0.932 0.202 0.002 0.002 m16
#cylinder: 0.742 0.104 0.000 0.742 0.104 0.002 0.003 m1
#cylinder: 0.589 0.108 0.000 0.589 0.108 0.002 0.006 m8
#cylinder: 0.718 0.158 0.000 0.718 0.158 0.002 0.003 m17
#cylinder: 0.607 0.105 0.000 0.607 0.105 0.002 0.002 m15
#cylinder: 0.567 0.192 0.000 0.567 0.192 0.002 0.005 m3
#cylinder: 0.989 0.110 0.000 0.989 0.110 0.002 0.007 m14
#cylinder: 1.014 0.131 0.000 1.014 0.131 0.002 0.004 m12
#cylinder: 0.280 0.169 0.000 0.280 0.169 0.002 0.003 m3
#cylinder: 0.355 0.216 0.000 0.355 0.216 0.002 0.005 m2
#cylinder: 0.650 0.133 0.000 0.650 0.133 0.002 0.002 m11
#cylinder: 0.896 0.218 0.000 0.896 0.218 0.002 0.009 m8
#cylinder: 0.311 0.106 0.000 0.311 0.106 0.002 0.005 m16
#cylinder: 0.695 0.128 0.000 0.695 0.128 0.002 0.004 m5
#cylinder: 1.021 0.114 0.000 1.021 0.114 0.002 0.004 m3
#cylinder: 1.015 0.217 0.000 1.015 0.217 0.002 0.007 m7
#cylinder: 0.637 0.140 0.000 0.637 0.140 0.002 0.003 m15
#cylinder: 0.014 0.175 0.000 0.014 0.175 0.002 0.009 m14
#cylinder: 0.104 0.160 0.000 0.104 0.160 0.002 0.006 m15
#cylinder: 0.640 0.213 0.000 0.640 0.213 0.002 0.009 m11
#cylinder: 0.991 0.207 0.000 0.991 0.207 0.002 0.008 m4
#cylinder: 0.677 0.185 0.000 0.677 0.185 0.002 0.010 m3
#cylinder: 0.367 0.184 0.000 0.367 0.184 0.002 0.003 m6
#cylinder: 0.828 0.122 0.000 0.828 0.122 0.002 0.005 m14
#cylinder: 0.817 0.213 0.000 0.817 0.213 0.002 0.009 m5
#cylinder: 0.485 0.188 0.000 0.485 0.188 0.002 0.006 m13
#cylinder: 0.784 0.128 0.000 0.784 0.128 0.002 0.005 m1
#cylinder: 0.447 0.204 0.000 0.447 0.204 0.002 0.006 m13
#cylinder: 0.916 0.139 0.000 0.916 0.139 0.002 0.005 m10
#cylinder: 0.053 0.214 0.000 0.053 0.214 0.002 0.006 m2
#cylinder: 0.385 0.178 0.000 0.385 0.178 0.002 0.007 m6
#cylinder: 1.071 0.141 0.000 1.071 0.141 0.002 0.003 m2
#cylinder: 0.199 0.115 0.000 0.199 0.115 0.002 0.005 m4
#cylinder: 0.889 0.169 0.000 0.889 0.169 0.002 0.004 m20
#cylinder: 0.385 0.134 0.000 0.385 0.134 0.002 0.007 m3
#cylinder: 0.958 0.217 0.000 0.958 0.217 0.002 0.009 m1
#cylinder: 0.458 0.195 0.000 0.458 0.195 0.002 0.004 m8
#cylinder: 0.772 0.188 0.000 0.772 0.188 0.002 0.009 m12
#cylinder: 0.462 0.188 0.000 0.462 0.188 0.002 0.009 m14
#cylinder: 0.455 0.148 0.000 0.455 0.148 0.002 0.003 m19
#cylinder: 0.601 0.160 0.000 0.601 0.160 0.002 0.007 m13
#cylinder: 1.090 0.220 0.000 1.090 0.220 0.002 0.006 m7
#cylinder: 0.190 0.175 0.000 0.190 0.175 0.002 0.009 m15
#cylinder: 0.839 0.178 0.000 0.839 0.178 0.002 0.009 m7
#cylinder: 1.023 0.134 0.000 1.023 0.134 0.002 0.003 m4
#cylinder: 0.033 0.128 0.000 0.033 0.128 0.002 0.009 m5
#cylinder: 0.793 0.208 0.000 0.793 0.208 0.002 0.009 m11
