testingplz 
#domain: 1.200 0.300 0.002 
#dx_dy_dz: 0.002 0.002 0.002 
#time_window: 5.000000e-09 

#excitation_file: mala_source_modified.txt 
#hertzian_dipole: z 0.080 0.250 0 mala_source 
#rx: 0.120 0.250 0.000 
#src_steps: 0.002 0.000 0.000 
#rx_steps: 0.002 0.000 0.000 

#material: 5.000 0.220 1.000 0.000 concrete
#material: 1.000 0.000 1.000 0.000 air
#material: 80.000 0.500 1.000 0.000 water

#material: 1.000 0.000 1.000 0.000 m1
#material: 2.000 0.000 1.000 0.000 m2
#material: 3.000 0.000 1.000 0.000 m3
#material: 4.000 0.000 1.000 0.000 m4
#material: 5.000 0.000 1.000 0.000 m5
#material: 6.000 0.000 1.000 0.000 m6
#material: 7.000 0.000 1.000 0.000 m7
#material: 8.000 0.000 1.000 0.000 m8
#material: 9.000 0.000 1.000 0.000 m9
#material: 10.000 0.000 1.000 0.000 m10
#material: 11.000 0.000 1.000 0.000 m11
#material: 12.000 0.000 1.000 0.000 m12
#material: 13.000 0.000 1.000 0.000 m13
#material: 14.000 0.000 1.000 0.000 m14
#material: 15.000 0.000 1.000 0.000 m15
#material: 16.000 0.000 1.000 0.000 m16
#material: 17.000 0.000 1.000 0.000 m17
#material: 18.000 0.000 1.000 0.000 m18
#material: 19.000 0.000 1.000 0.000 m19
#material: 20.000 0.000 1.000 0.000 m20

#box: 0.000 0.000 0.000 1.200 0.250 0.002 concrete

#cylinder: 0.218 0.158 0.000 0.218 0.158 0.002 0.009 m19
#cylinder: 0.904 0.117 0.000 0.904 0.117 0.002 0.005 m5
#cylinder: 0.141 0.117 0.000 0.141 0.117 0.002 0.009 m9
#cylinder: 0.898 0.117 0.000 0.898 0.117 0.002 0.007 m19
#cylinder: 0.377 0.118 0.000 0.377 0.118 0.002 0.002 m10
#cylinder: 0.320 0.178 0.000 0.320 0.178 0.002 0.002 m12
#cylinder: 0.515 0.179 0.000 0.515 0.179 0.002 0.007 m10
#cylinder: 0.224 0.166 0.000 0.224 0.166 0.002 0.008 m17
#cylinder: 0.743 0.179 0.000 0.743 0.179 0.002 0.006 m18
#cylinder: 0.204 0.175 0.000 0.204 0.175 0.002 0.007 m2
#cylinder: 0.880 0.161 0.000 0.880 0.161 0.002 0.004 m14
#cylinder: 1.061 0.150 0.000 1.061 0.150 0.002 0.004 m13
#cylinder: 1.011 0.214 0.000 1.011 0.214 0.002 0.006 m6
#cylinder: 0.339 0.220 0.000 0.339 0.220 0.002 0.007 m6
#cylinder: 0.476 0.127 0.000 0.476 0.127 0.002 0.007 m3
#cylinder: 0.096 0.157 0.000 0.096 0.157 0.002 0.005 m18
#cylinder: 0.807 0.135 0.000 0.807 0.135 0.002 0.007 m5
#cylinder: 0.724 0.146 0.000 0.724 0.146 0.002 0.006 m15
#cylinder: 0.667 0.155 0.000 0.667 0.155 0.002 0.009 m2
#cylinder: 0.935 0.122 0.000 0.935 0.122 0.002 0.004 m11
#cylinder: 0.169 0.175 0.000 0.169 0.175 0.002 0.005 m7
#cylinder: 0.998 0.173 0.000 0.998 0.173 0.002 0.010 m7
#cylinder: 1.083 0.183 0.000 1.083 0.183 0.002 0.006 m17
#cylinder: 0.026 0.106 0.000 0.026 0.106 0.002 0.007 m17
#cylinder: 0.987 0.170 0.000 0.987 0.170 0.002 0.008 m4
#cylinder: 0.723 0.115 0.000 0.723 0.115 0.002 0.006 m7
#cylinder: 0.311 0.157 0.000 0.311 0.157 0.002 0.002 m7
#cylinder: 0.829 0.213 0.000 0.829 0.213 0.002 0.002 m20
#cylinder: 0.175 0.130 0.000 0.175 0.130 0.002 0.002 m14
#cylinder: 0.541 0.187 0.000 0.541 0.187 0.002 0.007 m10
#cylinder: 0.613 0.186 0.000 0.613 0.186 0.002 0.009 m7
#cylinder: 0.450 0.115 0.000 0.450 0.115 0.002 0.004 m18
#cylinder: 0.736 0.187 0.000 0.736 0.187 0.002 0.003 m15
#cylinder: 1.043 0.151 0.000 1.043 0.151 0.002 0.009 m20
#cylinder: 0.429 0.172 0.000 0.429 0.172 0.002 0.009 m10
#cylinder: 0.326 0.149 0.000 0.326 0.149 0.002 0.006 m20
#cylinder: 0.296 0.214 0.000 0.296 0.214 0.002 0.009 m11
#cylinder: 0.910 0.184 0.000 0.910 0.184 0.002 0.005 m12
#cylinder: 0.451 0.119 0.000 0.451 0.119 0.002 0.003 m1
#cylinder: 0.488 0.174 0.000 0.488 0.174 0.002 0.008 m8
#cylinder: 0.718 0.122 0.000 0.718 0.122 0.002 0.009 m13
#cylinder: 0.639 0.129 0.000 0.639 0.129 0.002 0.004 m16
#cylinder: 0.302 0.162 0.000 0.302 0.162 0.002 0.007 m7
#cylinder: 0.132 0.152 0.000 0.132 0.152 0.002 0.006 m4
#cylinder: 0.695 0.204 0.000 0.695 0.204 0.002 0.004 m9
#cylinder: 1.072 0.217 0.000 1.072 0.217 0.002 0.007 m5
#cylinder: 0.146 0.177 0.000 0.146 0.177 0.002 0.005 m20
#cylinder: 0.498 0.122 0.000 0.498 0.122 0.002 0.003 m10
#cylinder: 0.894 0.191 0.000 0.894 0.191 0.002 0.006 m18
#cylinder: 0.819 0.163 0.000 0.819 0.163 0.002 0.007 m17
#cylinder: 0.805 0.154 0.000 0.805 0.154 0.002 0.004 m1
#cylinder: 0.665 0.145 0.000 0.665 0.145 0.002 0.009 m11
#cylinder: 0.027 0.100 0.000 0.027 0.100 0.002 0.008 m5
#cylinder: 0.876 0.210 0.000 0.876 0.210 0.002 0.004 m4
#cylinder: 0.772 0.197 0.000 0.772 0.197 0.002 0.006 m15
#cylinder: 0.605 0.161 0.000 0.605 0.161 0.002 0.009 m20
#cylinder: 0.149 0.217 0.000 0.149 0.217 0.002 0.004 m11
#cylinder: 1.067 0.143 0.000 1.067 0.143 0.002 0.009 m19
#cylinder: 0.840 0.213 0.000 0.840 0.213 0.002 0.009 m20
#cylinder: 0.555 0.206 0.000 0.555 0.206 0.002 0.003 m2
#cylinder: 0.139 0.134 0.000 0.139 0.134 0.002 0.008 m8
#cylinder: 0.590 0.214 0.000 0.590 0.214 0.002 0.006 m18
#cylinder: 0.260 0.197 0.000 0.260 0.197 0.002 0.010 m16
#cylinder: 0.522 0.181 0.000 0.522 0.181 0.002 0.010 m8
#cylinder: 0.880 0.117 0.000 0.880 0.117 0.002 0.005 m20
#cylinder: 0.996 0.177 0.000 0.996 0.177 0.002 0.009 m8
#cylinder: 0.152 0.136 0.000 0.152 0.136 0.002 0.009 m8
#cylinder: 0.936 0.104 0.000 0.936 0.104 0.002 0.009 m7
#cylinder: 0.547 0.190 0.000 0.547 0.190 0.002 0.004 m1
#cylinder: 0.736 0.119 0.000 0.736 0.119 0.002 0.009 m4
#cylinder: 0.714 0.194 0.000 0.714 0.194 0.002 0.010 m19
#cylinder: 0.468 0.156 0.000 0.468 0.156 0.002 0.004 m11
#cylinder: 0.502 0.192 0.000 0.502 0.192 0.002 0.008 m5
#cylinder: 0.740 0.220 0.000 0.740 0.220 0.002 0.009 m5
#cylinder: 0.669 0.190 0.000 0.669 0.190 0.002 0.002 m10
#cylinder: 0.648 0.163 0.000 0.648 0.163 0.002 0.005 m10
#cylinder: 0.438 0.169 0.000 0.438 0.169 0.002 0.005 m20
#cylinder: 0.560 0.195 0.000 0.560 0.195 0.002 0.009 m9
#cylinder: 0.815 0.203 0.000 0.815 0.203 0.002 0.002 m5
#cylinder: 0.792 0.125 0.000 0.792 0.125 0.002 0.009 m6
#cylinder: 0.803 0.176 0.000 0.803 0.176 0.002 0.003 m5
#cylinder: 0.492 0.136 0.000 0.492 0.136 0.002 0.004 m5
#cylinder: 0.130 0.208 0.000 0.130 0.208 0.002 0.008 m18
#cylinder: 0.793 0.166 0.000 0.793 0.166 0.002 0.003 m15
#cylinder: 0.174 0.111 0.000 0.174 0.111 0.002 0.004 m8
#cylinder: 0.290 0.173 0.000 0.290 0.173 0.002 0.007 m1
#cylinder: 0.668 0.107 0.000 0.668 0.107 0.002 0.004 m2
#cylinder: 0.961 0.187 0.000 0.961 0.187 0.002 0.003 m16
#cylinder: 0.729 0.127 0.000 0.729 0.127 0.002 0.004 m6
#cylinder: 0.879 0.172 0.000 0.879 0.172 0.002 0.006 m1
#cylinder: 0.151 0.195 0.000 0.151 0.195 0.002 0.006 m1
#cylinder: 0.833 0.148 0.000 0.833 0.148 0.002 0.005 m16
#cylinder: 0.949 0.214 0.000 0.949 0.214 0.002 0.009 m15
#cylinder: 0.825 0.205 0.000 0.825 0.205 0.002 0.010 m4
#cylinder: 0.471 0.200 0.000 0.471 0.200 0.002 0.006 m14
#cylinder: 0.262 0.211 0.000 0.262 0.211 0.002 0.005 m12
#cylinder: 0.221 0.163 0.000 0.221 0.163 0.002 0.006 m11
#cylinder: 1.019 0.110 0.000 1.019 0.110 0.002 0.004 m13
#cylinder: 0.400 0.160 0.000 0.400 0.160 0.002 0.003 m17
#cylinder: 0.796 0.156 0.000 0.796 0.156 0.002 0.005 m12
#cylinder: 1.086 0.148 0.000 1.086 0.148 0.002 0.004 m8
#cylinder: 0.137 0.167 0.000 0.137 0.167 0.002 0.008 m7
#cylinder: 0.956 0.205 0.000 0.956 0.205 0.002 0.008 m2
#cylinder: 0.652 0.189 0.000 0.652 0.189 0.002 0.002 m16
#cylinder: 0.953 0.117 0.000 0.953 0.117 0.002 0.009 m5
#cylinder: 0.730 0.107 0.000 0.730 0.107 0.002 0.004 m17
#cylinder: 0.186 0.124 0.000 0.186 0.124 0.002 0.003 m9
#cylinder: 0.853 0.176 0.000 0.853 0.176 0.002 0.010 m10
#cylinder: 0.002 0.128 0.000 0.002 0.128 0.002 0.007 m15
#cylinder: 0.832 0.120 0.000 0.832 0.120 0.002 0.005 m7
#cylinder: 0.190 0.198 0.000 0.190 0.198 0.002 0.008 m11
#cylinder: 0.616 0.118 0.000 0.616 0.118 0.002 0.003 m15
#cylinder: 0.002 0.220 0.000 0.002 0.220 0.002 0.007 m11
#cylinder: 0.973 0.119 0.000 0.973 0.119 0.002 0.009 m2
#cylinder: 0.310 0.117 0.000 0.310 0.117 0.002 0.004 m15
#cylinder: 0.096 0.100 0.000 0.096 0.100 0.002 0.005 m6
#cylinder: 0.275 0.146 0.000 0.275 0.146 0.002 0.005 m12
#cylinder: 0.688 0.115 0.000 0.688 0.115 0.002 0.006 m18
#cylinder: 0.978 0.191 0.000 0.978 0.191 0.002 0.010 m3
#cylinder: 1.044 0.192 0.000 1.044 0.192 0.002 0.003 m12
#cylinder: 0.898 0.109 0.000 0.898 0.109 0.002 0.004 m7
#cylinder: 0.308 0.150 0.000 0.308 0.150 0.002 0.006 m14
#cylinder: 0.029 0.137 0.000 0.029 0.137 0.002 0.009 m4
#cylinder: 0.087 0.179 0.000 0.087 0.179 0.002 0.008 m20
#cylinder: 0.964 0.107 0.000 0.964 0.107 0.002 0.002 m1
#cylinder: 0.980 0.210 0.000 0.980 0.210 0.002 0.006 m5
#cylinder: 1.031 0.217 0.000 1.031 0.217 0.002 0.004 m18
#cylinder: 1.083 0.181 0.000 1.083 0.181 0.002 0.005 m12
#cylinder: 0.620 0.151 0.000 0.620 0.151 0.002 0.009 m9
#cylinder: 0.500 0.146 0.000 0.500 0.146 0.002 0.006 m3
#cylinder: 0.518 0.209 0.000 0.518 0.209 0.002 0.004 m5
#cylinder: 0.738 0.190 0.000 0.738 0.190 0.002 0.004 m15
#cylinder: 0.127 0.118 0.000 0.127 0.118 0.002 0.006 m18
#cylinder: 1.100 0.122 0.000 1.100 0.122 0.002 0.004 m19
#cylinder: 0.092 0.211 0.000 0.092 0.211 0.002 0.002 m12
#cylinder: 0.205 0.139 0.000 0.205 0.139 0.002 0.009 m13
#cylinder: 0.950 0.139 0.000 0.950 0.139 0.002 0.010 m15
#cylinder: 0.145 0.217 0.000 0.145 0.217 0.002 0.007 m15
#cylinder: 0.183 0.195 0.000 0.183 0.195 0.002 0.005 m1
#cylinder: 0.532 0.141 0.000 0.532 0.141 0.002 0.009 m7
#cylinder: 0.861 0.213 0.000 0.861 0.213 0.002 0.004 m18
#cylinder: 0.305 0.113 0.000 0.305 0.113 0.002 0.009 m7
#cylinder: 0.000 0.143 0.000 0.000 0.143 0.002 0.003 m20
#cylinder: 0.622 0.196 0.000 0.622 0.196 0.002 0.004 m8
#cylinder: 0.187 0.161 0.000 0.187 0.161 0.002 0.009 m7
#cylinder: 0.023 0.198 0.000 0.023 0.198 0.002 0.004 m20
#cylinder: 0.896 0.175 0.000 0.896 0.175 0.002 0.003 m10
#cylinder: 0.423 0.124 0.000 0.423 0.124 0.002 0.008 m16
#cylinder: 0.174 0.199 0.000 0.174 0.199 0.002 0.006 m6
#cylinder: 0.528 0.140 0.000 0.528 0.140 0.002 0.009 m13
#cylinder: 0.599 0.216 0.000 0.599 0.216 0.002 0.005 m6
#cylinder: 0.867 0.158 0.000 0.867 0.158 0.002 0.009 m17
#cylinder: 1.048 0.148 0.000 1.048 0.148 0.002 0.009 m2
#cylinder: 0.374 0.123 0.000 0.374 0.123 0.002 0.007 m15
#cylinder: 0.549 0.167 0.000 0.549 0.167 0.002 0.006 m10
#cylinder: 0.260 0.218 0.000 0.260 0.218 0.002 0.007 m16
#cylinder: 0.318 0.152 0.000 0.318 0.152 0.002 0.009 m11
#cylinder: 0.384 0.163 0.000 0.384 0.163 0.002 0.009 m2
#cylinder: 0.149 0.216 0.000 0.149 0.216 0.002 0.007 m11
#cylinder: 0.695 0.121 0.000 0.695 0.121 0.002 0.010 m20
#cylinder: 1.003 0.199 0.000 1.003 0.199 0.002 0.004 m11
#cylinder: 0.237 0.108 0.000 0.237 0.108 0.002 0.009 m10
#cylinder: 0.897 0.158 0.000 0.897 0.158 0.002 0.003 m2
#cylinder: 0.827 0.110 0.000 0.827 0.110 0.002 0.003 m10
#cylinder: 0.244 0.175 0.000 0.244 0.175 0.002 0.004 m8
#cylinder: 0.994 0.157 0.000 0.994 0.157 0.002 0.004 m11
#cylinder: 0.372 0.133 0.000 0.372 0.133 0.002 0.004 m8
#cylinder: 0.505 0.216 0.000 0.505 0.216 0.002 0.009 m1
#cylinder: 0.688 0.142 0.000 0.688 0.142 0.002 0.005 m15
#cylinder: 0.636 0.129 0.000 0.636 0.129 0.002 0.009 m17
#cylinder: 0.030 0.173 0.000 0.030 0.173 0.002 0.009 m2
#cylinder: 0.476 0.176 0.000 0.476 0.176 0.002 0.007 m10
#cylinder: 0.765 0.205 0.000 0.765 0.205 0.002 0.003 m1
#cylinder: 0.256 0.167 0.000 0.256 0.167 0.002 0.004 m10
#cylinder: 0.848 0.102 0.000 0.848 0.102 0.002 0.007 m6
#cylinder: 1.043 0.186 0.000 1.043 0.186 0.002 0.006 m18
#cylinder: 0.574 0.175 0.000 0.574 0.175 0.002 0.005 m18
#cylinder: 0.736 0.113 0.000 0.736 0.113 0.002 0.009 m18
#cylinder: 0.267 0.217 0.000 0.267 0.217 0.002 0.003 m8
#cylinder: 0.939 0.212 0.000 0.939 0.212 0.002 0.003 m12
#cylinder: 0.950 0.176 0.000 0.950 0.176 0.002 0.003 m5
#cylinder: 0.099 0.214 0.000 0.099 0.214 0.002 0.003 m20
#cylinder: 0.983 0.168 0.000 0.983 0.168 0.002 0.003 m13
#cylinder: 0.726 0.127 0.000 0.726 0.127 0.002 0.009 m17
#cylinder: 0.701 0.200 0.000 0.701 0.200 0.002 0.003 m11
#cylinder: 0.543 0.105 0.000 0.543 0.105 0.002 0.002 m16
#cylinder: 0.773 0.172 0.000 0.773 0.172 0.002 0.009 m14
#cylinder: 0.896 0.118 0.000 0.896 0.118 0.002 0.006 m1
#cylinder: 0.422 0.185 0.000 0.422 0.185 0.002 0.005 m6
#cylinder: 0.346 0.176 0.000 0.346 0.176 0.002 0.005 m3
#cylinder: 1.096 0.133 0.000 1.096 0.133 0.002 0.008 m5
#cylinder: 0.232 0.160 0.000 0.232 0.160 0.002 0.010 m13
#cylinder: 0.668 0.106 0.000 0.668 0.106 0.002 0.003 m3
#cylinder: 0.121 0.182 0.000 0.121 0.182 0.002 0.007 m10
#cylinder: 0.112 0.155 0.000 0.112 0.155 0.002 0.009 m10
#cylinder: 0.980 0.183 0.000 0.980 0.183 0.002 0.005 m20
#cylinder: 0.018 0.210 0.000 0.018 0.210 0.002 0.009 m18
#cylinder: 0.785 0.166 0.000 0.785 0.166 0.002 0.010 m8
#cylinder: 0.530 0.169 0.000 0.530 0.169 0.002 0.010 m3
#cylinder: 0.116 0.119 0.000 0.116 0.119 0.002 0.004 m16
