testingplz 
#domain: 1.200 0.300 0.002 
#dx_dy_dz: 0.002 0.002 0.002 
#time_window: 5.000000e-09 

#excitation_file: mala_source_modified.txt 
#hertzian_dipole: z 0.080 0.250 0 mala_source 
#rx: 0.120 0.250 0.000 
#src_steps: 0.002 0.000 0.000 
#rx_steps: 0.002 0.000 0.000 

#material: 5.000 0.220 1.000 0.000 concrete
#material: 1.000 0.000 1.000 0.000 air
#material: 80.000 0.500 1.000 0.000 water

#material: 1.000 0.000 1.000 0.000 m1
#material: 2.000 0.000 1.000 0.000 m2
#material: 3.000 0.000 1.000 0.000 m3
#material: 4.000 0.000 1.000 0.000 m4
#material: 5.000 0.000 1.000 0.000 m5
#material: 6.000 0.000 1.000 0.000 m6
#material: 7.000 0.000 1.000 0.000 m7
#material: 8.000 0.000 1.000 0.000 m8
#material: 9.000 0.000 1.000 0.000 m9
#material: 10.000 0.000 1.000 0.000 m10
#material: 11.000 0.000 1.000 0.000 m11
#material: 12.000 0.000 1.000 0.000 m12
#material: 13.000 0.000 1.000 0.000 m13
#material: 14.000 0.000 1.000 0.000 m14
#material: 15.000 0.000 1.000 0.000 m15
#material: 16.000 0.000 1.000 0.000 m16
#material: 17.000 0.000 1.000 0.000 m17
#material: 18.000 0.000 1.000 0.000 m18
#material: 19.000 0.000 1.000 0.000 m19
#material: 20.000 0.000 1.000 0.000 m20

#box: 0.000 0.000 0.000 1.200 0.250 0.002 concrete

#cylinder: 0.660 0.213 0.000 0.660 0.213 0.002 0.004 m7
#cylinder: 0.221 0.104 0.000 0.221 0.104 0.002 0.010 m2
#cylinder: 0.135 0.130 0.000 0.135 0.130 0.002 0.003 m17
#cylinder: 0.654 0.102 0.000 0.654 0.102 0.002 0.004 m7
#cylinder: 0.970 0.153 0.000 0.970 0.153 0.002 0.009 m1
#cylinder: 0.647 0.145 0.000 0.647 0.145 0.002 0.009 m17
#cylinder: 0.749 0.111 0.000 0.749 0.111 0.002 0.006 m20
#cylinder: 0.812 0.217 0.000 0.812 0.217 0.002 0.009 m20
#cylinder: 1.096 0.198 0.000 1.096 0.198 0.002 0.004 m12
#cylinder: 0.769 0.179 0.000 0.769 0.179 0.002 0.002 m2
#cylinder: 0.962 0.121 0.000 0.962 0.121 0.002 0.003 m2
#cylinder: 0.780 0.145 0.000 0.780 0.145 0.002 0.005 m14
#cylinder: 0.015 0.218 0.000 0.015 0.218 0.002 0.009 m14
#cylinder: 0.795 0.107 0.000 0.795 0.107 0.002 0.010 m13
#cylinder: 0.986 0.106 0.000 0.986 0.106 0.002 0.003 m9
#cylinder: 0.651 0.105 0.000 0.651 0.105 0.002 0.009 m6
#cylinder: 0.728 0.144 0.000 0.728 0.144 0.002 0.010 m18
#cylinder: 0.039 0.153 0.000 0.039 0.153 0.002 0.005 m4
#cylinder: 0.368 0.156 0.000 0.368 0.156 0.002 0.002 m9
#cylinder: 0.215 0.141 0.000 0.215 0.141 0.002 0.010 m16
#cylinder: 1.094 0.187 0.000 1.094 0.187 0.002 0.006 m19
#cylinder: 0.294 0.175 0.000 0.294 0.175 0.002 0.006 m4
#cylinder: 0.333 0.155 0.000 0.333 0.155 0.002 0.005 m16
#cylinder: 0.090 0.196 0.000 0.090 0.196 0.002 0.004 m8
#cylinder: 0.369 0.136 0.000 0.369 0.136 0.002 0.005 m7
#cylinder: 0.814 0.147 0.000 0.814 0.147 0.002 0.003 m18
#cylinder: 0.036 0.128 0.000 0.036 0.128 0.002 0.004 m19
#cylinder: 0.044 0.158 0.000 0.044 0.158 0.002 0.007 m10
#cylinder: 0.892 0.116 0.000 0.892 0.116 0.002 0.009 m7
#cylinder: 0.735 0.148 0.000 0.735 0.148 0.002 0.005 m17
#cylinder: 0.818 0.167 0.000 0.818 0.167 0.002 0.009 m9
#cylinder: 0.953 0.157 0.000 0.953 0.157 0.002 0.005 m15
#cylinder: 0.151 0.164 0.000 0.151 0.164 0.002 0.004 m15
#cylinder: 1.016 0.218 0.000 1.016 0.218 0.002 0.005 m18
#cylinder: 0.392 0.215 0.000 0.392 0.215 0.002 0.004 m18
#cylinder: 0.447 0.151 0.000 0.447 0.151 0.002 0.006 m4
#cylinder: 0.977 0.115 0.000 0.977 0.115 0.002 0.010 m14
#cylinder: 0.918 0.116 0.000 0.918 0.116 0.002 0.008 m18
#cylinder: 0.655 0.182 0.000 0.655 0.182 0.002 0.009 m13
#cylinder: 0.601 0.123 0.000 0.601 0.123 0.002 0.009 m10
#cylinder: 0.430 0.169 0.000 0.430 0.169 0.002 0.009 m14
#cylinder: 1.034 0.167 0.000 1.034 0.167 0.002 0.002 m11
#cylinder: 0.780 0.113 0.000 0.780 0.113 0.002 0.009 m1
#cylinder: 0.659 0.196 0.000 0.659 0.196 0.002 0.005 m1
#cylinder: 0.637 0.172 0.000 0.637 0.172 0.002 0.002 m20
#cylinder: 1.060 0.205 0.000 1.060 0.205 0.002 0.006 m7
#cylinder: 0.067 0.109 0.000 0.067 0.109 0.002 0.009 m2
#cylinder: 0.162 0.119 0.000 0.162 0.119 0.002 0.003 m5
#cylinder: 0.916 0.158 0.000 0.916 0.158 0.002 0.005 m7
#cylinder: 0.324 0.156 0.000 0.324 0.156 0.002 0.009 m14
#cylinder: 1.006 0.105 0.000 1.006 0.105 0.002 0.004 m17
#cylinder: 0.166 0.105 0.000 0.166 0.105 0.002 0.004 m11
#cylinder: 0.530 0.126 0.000 0.530 0.126 0.002 0.003 m5
#cylinder: 0.050 0.160 0.000 0.050 0.160 0.002 0.009 m7
#cylinder: 0.302 0.172 0.000 0.302 0.172 0.002 0.006 m15
#cylinder: 0.261 0.112 0.000 0.261 0.112 0.002 0.006 m8
#cylinder: 0.811 0.132 0.000 0.811 0.132 0.002 0.005 m16
#cylinder: 0.484 0.128 0.000 0.484 0.128 0.002 0.003 m11
#cylinder: 0.749 0.186 0.000 0.749 0.186 0.002 0.004 m1
#cylinder: 0.061 0.196 0.000 0.061 0.196 0.002 0.006 m12
#cylinder: 0.051 0.208 0.000 0.051 0.208 0.002 0.006 m5
#cylinder: 0.705 0.105 0.000 0.705 0.105 0.002 0.005 m8
#cylinder: 0.415 0.137 0.000 0.415 0.137 0.002 0.003 m1
#cylinder: 0.940 0.204 0.000 0.940 0.204 0.002 0.005 m7
#cylinder: 0.988 0.138 0.000 0.988 0.138 0.002 0.004 m12
#cylinder: 0.726 0.120 0.000 0.726 0.120 0.002 0.009 m16
#cylinder: 0.760 0.197 0.000 0.760 0.197 0.002 0.009 m3
#cylinder: 0.989 0.160 0.000 0.989 0.160 0.002 0.004 m12
#cylinder: 0.076 0.145 0.000 0.076 0.145 0.002 0.003 m20
#cylinder: 0.599 0.162 0.000 0.599 0.162 0.002 0.004 m15
#cylinder: 0.534 0.198 0.000 0.534 0.198 0.002 0.005 m10
#cylinder: 0.447 0.117 0.000 0.447 0.117 0.002 0.002 m1
#cylinder: 1.052 0.146 0.000 1.052 0.146 0.002 0.004 m6
#cylinder: 0.590 0.189 0.000 0.590 0.189 0.002 0.003 m12
#cylinder: 0.590 0.211 0.000 0.590 0.211 0.002 0.007 m18
#cylinder: 0.530 0.171 0.000 0.530 0.171 0.002 0.006 m20
#cylinder: 0.973 0.131 0.000 0.973 0.131 0.002 0.003 m20
#cylinder: 1.028 0.118 0.000 1.028 0.118 0.002 0.009 m19
#cylinder: 0.215 0.201 0.000 0.215 0.201 0.002 0.006 m12
#cylinder: 0.879 0.190 0.000 0.879 0.190 0.002 0.007 m13
#cylinder: 0.630 0.149 0.000 0.630 0.149 0.002 0.007 m13
#cylinder: 0.894 0.177 0.000 0.894 0.177 0.002 0.009 m8
#cylinder: 0.546 0.170 0.000 0.546 0.170 0.002 0.010 m5
#cylinder: 0.916 0.199 0.000 0.916 0.199 0.002 0.010 m12
#cylinder: 0.849 0.158 0.000 0.849 0.158 0.002 0.010 m13
#cylinder: 0.698 0.155 0.000 0.698 0.155 0.002 0.003 m3
#cylinder: 0.897 0.123 0.000 0.897 0.123 0.002 0.004 m16
#cylinder: 0.522 0.162 0.000 0.522 0.162 0.002 0.006 m6
#cylinder: 0.963 0.140 0.000 0.963 0.140 0.002 0.003 m20
#cylinder: 0.061 0.216 0.000 0.061 0.216 0.002 0.010 m1
#cylinder: 0.357 0.202 0.000 0.357 0.202 0.002 0.004 m2
#cylinder: 0.666 0.204 0.000 0.666 0.204 0.002 0.005 m16
#cylinder: 0.284 0.116 0.000 0.284 0.116 0.002 0.010 m1
#cylinder: 1.058 0.167 0.000 1.058 0.167 0.002 0.005 m10
#cylinder: 0.098 0.213 0.000 0.098 0.213 0.002 0.004 m5
#cylinder: 0.794 0.113 0.000 0.794 0.113 0.002 0.004 m16
#cylinder: 0.346 0.216 0.000 0.346 0.216 0.002 0.004 m3
#cylinder: 0.681 0.105 0.000 0.681 0.105 0.002 0.007 m7
#cylinder: 0.128 0.154 0.000 0.128 0.154 0.002 0.007 m15
#cylinder: 0.283 0.154 0.000 0.283 0.154 0.002 0.005 m13
#cylinder: 0.436 0.186 0.000 0.436 0.186 0.002 0.009 m17
#cylinder: 0.644 0.192 0.000 0.644 0.192 0.002 0.008 m16
#cylinder: 0.933 0.156 0.000 0.933 0.156 0.002 0.004 m1
#cylinder: 1.007 0.213 0.000 1.007 0.213 0.002 0.002 m7
#cylinder: 0.837 0.101 0.000 0.837 0.101 0.002 0.007 m10
#cylinder: 0.646 0.216 0.000 0.646 0.216 0.002 0.008 m11
#cylinder: 0.742 0.209 0.000 0.742 0.209 0.002 0.007 m12
#cylinder: 0.371 0.120 0.000 0.371 0.120 0.002 0.010 m7
#cylinder: 0.123 0.101 0.000 0.123 0.101 0.002 0.006 m20
#cylinder: 1.041 0.167 0.000 1.041 0.167 0.002 0.007 m10
#cylinder: 0.427 0.206 0.000 0.427 0.206 0.002 0.006 m8
#cylinder: 0.112 0.116 0.000 0.112 0.116 0.002 0.004 m7
#cylinder: 0.970 0.164 0.000 0.970 0.164 0.002 0.006 m12
#cylinder: 0.312 0.182 0.000 0.312 0.182 0.002 0.003 m13
#cylinder: 0.107 0.185 0.000 0.107 0.185 0.002 0.010 m4
#cylinder: 0.632 0.168 0.000 0.632 0.168 0.002 0.009 m1
#cylinder: 0.784 0.113 0.000 0.784 0.113 0.002 0.004 m6
#cylinder: 0.951 0.178 0.000 0.951 0.178 0.002 0.008 m7
#cylinder: 0.683 0.172 0.000 0.683 0.172 0.002 0.006 m17
#cylinder: 0.052 0.120 0.000 0.052 0.120 0.002 0.007 m15
#cylinder: 0.695 0.128 0.000 0.695 0.128 0.002 0.009 m18
#cylinder: 0.385 0.156 0.000 0.385 0.156 0.002 0.006 m3
#cylinder: 0.956 0.178 0.000 0.956 0.178 0.002 0.008 m17
#cylinder: 0.565 0.143 0.000 0.565 0.143 0.002 0.009 m3
#cylinder: 0.281 0.190 0.000 0.281 0.190 0.002 0.009 m19
#cylinder: 1.034 0.147 0.000 1.034 0.147 0.002 0.003 m1
#cylinder: 0.464 0.152 0.000 0.464 0.152 0.002 0.006 m17
#cylinder: 0.353 0.114 0.000 0.353 0.114 0.002 0.009 m3
#cylinder: 1.037 0.129 0.000 1.037 0.129 0.002 0.004 m15
#cylinder: 1.091 0.198 0.000 1.091 0.198 0.002 0.008 m11
#cylinder: 0.853 0.105 0.000 0.853 0.105 0.002 0.004 m9
#cylinder: 0.558 0.187 0.000 0.558 0.187 0.002 0.009 m9
#cylinder: 0.054 0.216 0.000 0.054 0.216 0.002 0.003 m3
#cylinder: 0.802 0.204 0.000 0.802 0.204 0.002 0.004 m12
#cylinder: 0.346 0.196 0.000 0.346 0.196 0.002 0.005 m6
#cylinder: 0.291 0.151 0.000 0.291 0.151 0.002 0.008 m14
#cylinder: 0.537 0.132 0.000 0.537 0.132 0.002 0.006 m3
#cylinder: 0.207 0.187 0.000 0.207 0.187 0.002 0.005 m19
#cylinder: 0.191 0.206 0.000 0.191 0.206 0.002 0.006 m17
#cylinder: 0.478 0.162 0.000 0.478 0.162 0.002 0.003 m10
#cylinder: 0.189 0.206 0.000 0.189 0.206 0.002 0.009 m8
#cylinder: 0.559 0.125 0.000 0.559 0.125 0.002 0.006 m12
#cylinder: 0.189 0.104 0.000 0.189 0.104 0.002 0.009 m8
#cylinder: 0.089 0.171 0.000 0.089 0.171 0.002 0.005 m5
#cylinder: 0.861 0.219 0.000 0.861 0.219 0.002 0.004 m16
#cylinder: 0.762 0.142 0.000 0.762 0.142 0.002 0.007 m17
#cylinder: 0.406 0.144 0.000 0.406 0.144 0.002 0.002 m9
#cylinder: 1.020 0.118 0.000 1.020 0.118 0.002 0.003 m6
#cylinder: 0.957 0.149 0.000 0.957 0.149 0.002 0.003 m11
#cylinder: 0.048 0.193 0.000 0.048 0.193 0.002 0.007 m9
#cylinder: 0.993 0.171 0.000 0.993 0.171 0.002 0.003 m13
#cylinder: 0.652 0.129 0.000 0.652 0.129 0.002 0.003 m5
#cylinder: 1.010 0.124 0.000 1.010 0.124 0.002 0.010 m2
#cylinder: 0.898 0.179 0.000 0.898 0.179 0.002 0.004 m14
#cylinder: 0.836 0.108 0.000 0.836 0.108 0.002 0.007 m12
#cylinder: 1.001 0.191 0.000 1.001 0.191 0.002 0.006 m20
#cylinder: 1.008 0.117 0.000 1.008 0.117 0.002 0.010 m4
#cylinder: 0.272 0.102 0.000 0.272 0.102 0.002 0.009 m13
#cylinder: 0.366 0.140 0.000 0.366 0.140 0.002 0.005 m16
#cylinder: 0.582 0.170 0.000 0.582 0.170 0.002 0.007 m20
#cylinder: 0.535 0.131 0.000 0.535 0.131 0.002 0.008 m12
#cylinder: 0.643 0.134 0.000 0.643 0.134 0.002 0.003 m13
#cylinder: 0.873 0.103 0.000 0.873 0.103 0.002 0.007 m12
#cylinder: 0.908 0.129 0.000 0.908 0.129 0.002 0.005 m4
#cylinder: 0.682 0.183 0.000 0.682 0.183 0.002 0.008 m4
#cylinder: 0.934 0.120 0.000 0.934 0.120 0.002 0.006 m19
#cylinder: 1.037 0.119 0.000 1.037 0.119 0.002 0.007 m17
#cylinder: 0.990 0.182 0.000 0.990 0.182 0.002 0.009 m3
#cylinder: 0.852 0.181 0.000 0.852 0.181 0.002 0.003 m17
#cylinder: 0.955 0.188 0.000 0.955 0.188 0.002 0.006 m3
#cylinder: 0.127 0.189 0.000 0.127 0.189 0.002 0.002 m8
#cylinder: 0.440 0.173 0.000 0.440 0.173 0.002 0.004 m4
#cylinder: 0.685 0.193 0.000 0.685 0.193 0.002 0.009 m16
#cylinder: 0.303 0.130 0.000 0.303 0.130 0.002 0.009 m7
#cylinder: 0.537 0.192 0.000 0.537 0.192 0.002 0.003 m18
#cylinder: 0.104 0.210 0.000 0.104 0.210 0.002 0.007 m3
#cylinder: 1.030 0.118 0.000 1.030 0.118 0.002 0.004 m17
#cylinder: 0.809 0.145 0.000 0.809 0.145 0.002 0.009 m9
#cylinder: 0.033 0.135 0.000 0.033 0.135 0.002 0.004 m19
#cylinder: 0.609 0.137 0.000 0.609 0.137 0.002 0.002 m8
#cylinder: 0.418 0.218 0.000 0.418 0.218 0.002 0.006 m20
#cylinder: 0.483 0.150 0.000 0.483 0.150 0.002 0.005 m8
#cylinder: 0.181 0.178 0.000 0.181 0.178 0.002 0.003 m4
#cylinder: 0.233 0.191 0.000 0.233 0.191 0.002 0.009 m13
#cylinder: 0.309 0.201 0.000 0.309 0.201 0.002 0.008 m13
#cylinder: 0.229 0.179 0.000 0.229 0.179 0.002 0.009 m10
#cylinder: 0.412 0.147 0.000 0.412 0.147 0.002 0.003 m4
#cylinder: 0.260 0.178 0.000 0.260 0.178 0.002 0.004 m11
#cylinder: 0.558 0.167 0.000 0.558 0.167 0.002 0.007 m10
#cylinder: 0.655 0.170 0.000 0.655 0.170 0.002 0.004 m17
#cylinder: 0.573 0.208 0.000 0.573 0.208 0.002 0.009 m1
#cylinder: 0.939 0.168 0.000 0.939 0.168 0.002 0.003 m11
#cylinder: 1.058 0.177 0.000 1.058 0.177 0.002 0.003 m17
#cylinder: 0.794 0.155 0.000 0.794 0.155 0.002 0.007 m14
#cylinder: 0.198 0.127 0.000 0.198 0.127 0.002 0.002 m13
#cylinder: 0.068 0.176 0.000 0.068 0.176 0.002 0.009 m2
#cylinder: 0.073 0.199 0.000 0.073 0.199 0.002 0.005 m17
#cylinder: 0.353 0.125 0.000 0.353 0.125 0.002 0.006 m18
#cylinder: 0.073 0.212 0.000 0.073 0.212 0.002 0.007 m19
#cylinder: 0.524 0.156 0.000 0.524 0.156 0.002 0.005 m20
