testingplz 
#domain: 1.200 0.300 0.002 
#dx_dy_dz: 0.002 0.002 0.002 
#time_window: 5.000000e-09 

#excitation_file: mala_source_modified.txt 
#hertzian_dipole: z 0.080 0.250 0 mala_source 
#rx: 0.120 0.250 0.000 
#src_steps: 0.002 0.000 0.000 
#rx_steps: 0.002 0.000 0.000 

#material: 5.000 0.220 1.000 0.000 concrete
#material: 1.000 0.000 1.000 0.000 air
#material: 80.000 0.500 1.000 0.000 water

#material: 1.000 0.000 1.000 0.000 m1
#material: 2.000 0.000 1.000 0.000 m2
#material: 3.000 0.000 1.000 0.000 m3
#material: 4.000 0.000 1.000 0.000 m4
#material: 5.000 0.000 1.000 0.000 m5
#material: 6.000 0.000 1.000 0.000 m6
#material: 7.000 0.000 1.000 0.000 m7
#material: 8.000 0.000 1.000 0.000 m8
#material: 9.000 0.000 1.000 0.000 m9
#material: 10.000 0.000 1.000 0.000 m10
#material: 11.000 0.000 1.000 0.000 m11
#material: 12.000 0.000 1.000 0.000 m12
#material: 13.000 0.000 1.000 0.000 m13
#material: 14.000 0.000 1.000 0.000 m14
#material: 15.000 0.000 1.000 0.000 m15
#material: 16.000 0.000 1.000 0.000 m16
#material: 17.000 0.000 1.000 0.000 m17
#material: 18.000 0.000 1.000 0.000 m18
#material: 19.000 0.000 1.000 0.000 m19
#material: 20.000 0.000 1.000 0.000 m20

#box: 0.000 0.000 0.000 1.200 0.250 0.002 concrete

#cylinder: 0.531 0.192 0.000 0.531 0.192 0.002 0.010 m11
#cylinder: 0.552 0.219 0.000 0.552 0.219 0.002 0.006 m4
#cylinder: 0.612 0.192 0.000 0.612 0.192 0.002 0.008 m11
#cylinder: 0.127 0.119 0.000 0.127 0.119 0.002 0.004 m15
#cylinder: 0.512 0.177 0.000 0.512 0.177 0.002 0.002 m9
#cylinder: 0.939 0.192 0.000 0.939 0.192 0.002 0.009 m2
#cylinder: 0.503 0.143 0.000 0.503 0.143 0.002 0.002 m2
#cylinder: 0.416 0.114 0.000 0.416 0.114 0.002 0.005 m11
#cylinder: 0.200 0.180 0.000 0.200 0.180 0.002 0.009 m18
#cylinder: 0.393 0.156 0.000 0.393 0.156 0.002 0.008 m2
#cylinder: 1.021 0.144 0.000 1.021 0.144 0.002 0.003 m10
#cylinder: 0.254 0.161 0.000 0.254 0.161 0.002 0.004 m13
#cylinder: 1.039 0.149 0.000 1.039 0.149 0.002 0.008 m16
#cylinder: 0.985 0.158 0.000 0.985 0.158 0.002 0.007 m11
#cylinder: 0.714 0.175 0.000 0.714 0.175 0.002 0.004 m7
#cylinder: 0.280 0.140 0.000 0.280 0.140 0.002 0.007 m8
#cylinder: 0.013 0.162 0.000 0.013 0.162 0.002 0.007 m7
#cylinder: 1.068 0.134 0.000 1.068 0.134 0.002 0.008 m10
#cylinder: 0.391 0.160 0.000 0.391 0.160 0.002 0.008 m6
#cylinder: 0.400 0.127 0.000 0.400 0.127 0.002 0.009 m10
#cylinder: 0.050 0.213 0.000 0.050 0.213 0.002 0.004 m16
#cylinder: 0.989 0.181 0.000 0.989 0.181 0.002 0.004 m15
#cylinder: 0.426 0.172 0.000 0.426 0.172 0.002 0.004 m10
#cylinder: 0.842 0.174 0.000 0.842 0.174 0.002 0.007 m9
#cylinder: 0.670 0.146 0.000 0.670 0.146 0.002 0.010 m3
#cylinder: 0.379 0.199 0.000 0.379 0.199 0.002 0.009 m11
#cylinder: 0.155 0.196 0.000 0.155 0.196 0.002 0.004 m4
#cylinder: 0.180 0.141 0.000 0.180 0.141 0.002 0.009 m2
#cylinder: 1.091 0.168 0.000 1.091 0.168 0.002 0.008 m14
#cylinder: 1.088 0.186 0.000 1.088 0.186 0.002 0.007 m7
#cylinder: 0.430 0.187 0.000 0.430 0.187 0.002 0.009 m8
#cylinder: 0.970 0.181 0.000 0.970 0.181 0.002 0.009 m4
#cylinder: 0.175 0.110 0.000 0.175 0.110 0.002 0.004 m9
#cylinder: 0.656 0.201 0.000 0.656 0.201 0.002 0.005 m4
#cylinder: 0.216 0.168 0.000 0.216 0.168 0.002 0.003 m7
#cylinder: 0.842 0.153 0.000 0.842 0.153 0.002 0.007 m16
#cylinder: 0.611 0.147 0.000 0.611 0.147 0.002 0.004 m1
#cylinder: 0.239 0.194 0.000 0.239 0.194 0.002 0.009 m10
#cylinder: 0.840 0.163 0.000 0.840 0.163 0.002 0.004 m8
#cylinder: 0.609 0.185 0.000 0.609 0.185 0.002 0.009 m17
#cylinder: 0.862 0.117 0.000 0.862 0.117 0.002 0.009 m7
#cylinder: 0.365 0.220 0.000 0.365 0.220 0.002 0.007 m9
#cylinder: 0.736 0.146 0.000 0.736 0.146 0.002 0.004 m18
#cylinder: 0.970 0.103 0.000 0.970 0.103 0.002 0.004 m2
#cylinder: 0.366 0.141 0.000 0.366 0.141 0.002 0.004 m11
#cylinder: 0.536 0.194 0.000 0.536 0.194 0.002 0.003 m2
#cylinder: 0.727 0.219 0.000 0.727 0.219 0.002 0.010 m14
#cylinder: 0.977 0.107 0.000 0.977 0.107 0.002 0.002 m18
#cylinder: 0.471 0.123 0.000 0.471 0.123 0.002 0.009 m3
#cylinder: 0.032 0.140 0.000 0.032 0.140 0.002 0.009 m2
#cylinder: 0.870 0.118 0.000 0.870 0.118 0.002 0.007 m20
#cylinder: 0.969 0.218 0.000 0.969 0.218 0.002 0.007 m16
#cylinder: 0.427 0.180 0.000 0.427 0.180 0.002 0.004 m16
#cylinder: 0.710 0.142 0.000 0.710 0.142 0.002 0.007 m17
#cylinder: 0.297 0.132 0.000 0.297 0.132 0.002 0.009 m3
#cylinder: 0.084 0.122 0.000 0.084 0.122 0.002 0.006 m2
#cylinder: 0.551 0.121 0.000 0.551 0.121 0.002 0.004 m16
#cylinder: 0.308 0.155 0.000 0.308 0.155 0.002 0.004 m2
#cylinder: 0.159 0.159 0.000 0.159 0.159 0.002 0.007 m8
#cylinder: 0.546 0.143 0.000 0.546 0.143 0.002 0.004 m5
#cylinder: 0.328 0.193 0.000 0.328 0.193 0.002 0.007 m2
#cylinder: 0.738 0.218 0.000 0.738 0.218 0.002 0.004 m18
#cylinder: 0.376 0.118 0.000 0.376 0.118 0.002 0.005 m2
#cylinder: 0.396 0.116 0.000 0.396 0.116 0.002 0.010 m14
#cylinder: 1.094 0.183 0.000 1.094 0.183 0.002 0.008 m16
#cylinder: 1.027 0.105 0.000 1.027 0.105 0.002 0.006 m12
#cylinder: 0.985 0.152 0.000 0.985 0.152 0.002 0.003 m16
#cylinder: 0.003 0.166 0.000 0.003 0.166 0.002 0.005 m11
#cylinder: 0.162 0.161 0.000 0.162 0.161 0.002 0.007 m2
#cylinder: 0.828 0.141 0.000 0.828 0.141 0.002 0.002 m5
#cylinder: 0.504 0.114 0.000 0.504 0.114 0.002 0.003 m19
#cylinder: 0.380 0.181 0.000 0.380 0.181 0.002 0.008 m12
#cylinder: 0.936 0.216 0.000 0.936 0.216 0.002 0.005 m7
#cylinder: 0.160 0.201 0.000 0.160 0.201 0.002 0.004 m6
#cylinder: 0.443 0.117 0.000 0.443 0.117 0.002 0.007 m10
#cylinder: 0.343 0.119 0.000 0.343 0.119 0.002 0.010 m17
#cylinder: 0.982 0.163 0.000 0.982 0.163 0.002 0.007 m13
#cylinder: 0.272 0.201 0.000 0.272 0.201 0.002 0.009 m14
#cylinder: 0.346 0.160 0.000 0.346 0.160 0.002 0.008 m18
#cylinder: 0.768 0.189 0.000 0.768 0.189 0.002 0.009 m10
#cylinder: 1.012 0.188 0.000 1.012 0.188 0.002 0.009 m16
#cylinder: 0.245 0.191 0.000 0.245 0.191 0.002 0.004 m14
#cylinder: 0.941 0.173 0.000 0.941 0.173 0.002 0.005 m15
#cylinder: 1.010 0.197 0.000 1.010 0.197 0.002 0.010 m16
#cylinder: 0.869 0.134 0.000 0.869 0.134 0.002 0.009 m20
#cylinder: 1.061 0.137 0.000 1.061 0.137 0.002 0.005 m14
#cylinder: 0.759 0.217 0.000 0.759 0.217 0.002 0.003 m7
#cylinder: 0.570 0.105 0.000 0.570 0.105 0.002 0.004 m17
#cylinder: 0.254 0.209 0.000 0.254 0.209 0.002 0.009 m12
#cylinder: 0.729 0.214 0.000 0.729 0.214 0.002 0.009 m1
#cylinder: 0.300 0.119 0.000 0.300 0.119 0.002 0.007 m6
#cylinder: 0.445 0.204 0.000 0.445 0.204 0.002 0.004 m3
#cylinder: 1.036 0.202 0.000 1.036 0.202 0.002 0.002 m7
#cylinder: 0.119 0.139 0.000 0.119 0.139 0.002 0.004 m20
#cylinder: 0.144 0.141 0.000 0.144 0.141 0.002 0.005 m13
#cylinder: 0.510 0.219 0.000 0.510 0.219 0.002 0.010 m8
#cylinder: 1.024 0.209 0.000 1.024 0.209 0.002 0.004 m5
#cylinder: 0.968 0.217 0.000 0.968 0.217 0.002 0.009 m10
#cylinder: 0.797 0.157 0.000 0.797 0.157 0.002 0.007 m9
#cylinder: 1.015 0.155 0.000 1.015 0.155 0.002 0.007 m19
#cylinder: 0.158 0.153 0.000 0.158 0.153 0.002 0.002 m5
#cylinder: 0.583 0.102 0.000 0.583 0.102 0.002 0.008 m14
#cylinder: 0.875 0.156 0.000 0.875 0.156 0.002 0.003 m4
#cylinder: 0.421 0.196 0.000 0.421 0.196 0.002 0.002 m12
#cylinder: 0.453 0.125 0.000 0.453 0.125 0.002 0.006 m7
#cylinder: 1.017 0.141 0.000 1.017 0.141 0.002 0.004 m12
#cylinder: 0.808 0.103 0.000 0.808 0.103 0.002 0.006 m4
#cylinder: 0.042 0.109 0.000 0.042 0.109 0.002 0.009 m13
#cylinder: 0.448 0.171 0.000 0.448 0.171 0.002 0.007 m15
#cylinder: 0.583 0.168 0.000 0.583 0.168 0.002 0.004 m9
#cylinder: 0.214 0.109 0.000 0.214 0.109 0.002 0.005 m5
#cylinder: 0.930 0.120 0.000 0.930 0.120 0.002 0.003 m5
#cylinder: 0.492 0.161 0.000 0.492 0.161 0.002 0.003 m20
#cylinder: 0.157 0.122 0.000 0.157 0.122 0.002 0.010 m1
#cylinder: 0.143 0.199 0.000 0.143 0.199 0.002 0.004 m5
#cylinder: 0.630 0.194 0.000 0.630 0.194 0.002 0.009 m20
#cylinder: 0.485 0.110 0.000 0.485 0.110 0.002 0.006 m8
#cylinder: 0.491 0.180 0.000 0.491 0.180 0.002 0.004 m20
#cylinder: 0.774 0.211 0.000 0.774 0.211 0.002 0.007 m10
#cylinder: 0.455 0.112 0.000 0.455 0.112 0.002 0.006 m1
#cylinder: 1.002 0.197 0.000 1.002 0.197 0.002 0.004 m10
#cylinder: 0.929 0.183 0.000 0.929 0.183 0.002 0.007 m20
#cylinder: 0.573 0.217 0.000 0.573 0.217 0.002 0.009 m4
#cylinder: 0.907 0.110 0.000 0.907 0.110 0.002 0.002 m11
#cylinder: 0.759 0.112 0.000 0.759 0.112 0.002 0.009 m8
#cylinder: 0.861 0.183 0.000 0.861 0.183 0.002 0.004 m18
#cylinder: 0.847 0.102 0.000 0.847 0.102 0.002 0.004 m11
#cylinder: 0.535 0.188 0.000 0.535 0.188 0.002 0.003 m6
#cylinder: 0.993 0.127 0.000 0.993 0.127 0.002 0.005 m15
#cylinder: 0.998 0.136 0.000 0.998 0.136 0.002 0.006 m2
#cylinder: 0.389 0.158 0.000 0.389 0.158 0.002 0.005 m18
#cylinder: 0.840 0.208 0.000 0.840 0.208 0.002 0.009 m15
#cylinder: 0.837 0.129 0.000 0.837 0.129 0.002 0.005 m9
#cylinder: 0.185 0.194 0.000 0.185 0.194 0.002 0.009 m20
#cylinder: 0.638 0.154 0.000 0.638 0.154 0.002 0.010 m16
#cylinder: 0.878 0.153 0.000 0.878 0.153 0.002 0.007 m18
#cylinder: 0.385 0.190 0.000 0.385 0.190 0.002 0.004 m3
#cylinder: 0.095 0.120 0.000 0.095 0.120 0.002 0.005 m3
#cylinder: 0.759 0.211 0.000 0.759 0.211 0.002 0.004 m18
#cylinder: 0.655 0.116 0.000 0.655 0.116 0.002 0.007 m9
#cylinder: 0.473 0.195 0.000 0.473 0.195 0.002 0.004 m13
#cylinder: 0.527 0.116 0.000 0.527 0.116 0.002 0.006 m18
#cylinder: 0.560 0.136 0.000 0.560 0.136 0.002 0.005 m3
#cylinder: 0.876 0.167 0.000 0.876 0.167 0.002 0.005 m18
#cylinder: 0.693 0.195 0.000 0.693 0.195 0.002 0.007 m9
#cylinder: 0.267 0.161 0.000 0.267 0.161 0.002 0.009 m9
#cylinder: 0.824 0.144 0.000 0.824 0.144 0.002 0.002 m18
#cylinder: 0.705 0.217 0.000 0.705 0.217 0.002 0.003 m8
#cylinder: 1.013 0.131 0.000 1.013 0.131 0.002 0.005 m10
#cylinder: 0.305 0.136 0.000 0.305 0.136 0.002 0.006 m10
#cylinder: 0.679 0.138 0.000 0.679 0.138 0.002 0.004 m19
#cylinder: 0.651 0.103 0.000 0.651 0.103 0.002 0.005 m16
#cylinder: 0.402 0.211 0.000 0.402 0.211 0.002 0.005 m4
#cylinder: 0.700 0.174 0.000 0.700 0.174 0.002 0.004 m3
#cylinder: 0.187 0.146 0.000 0.187 0.146 0.002 0.004 m8
#cylinder: 0.432 0.118 0.000 0.432 0.118 0.002 0.003 m7
#cylinder: 0.158 0.218 0.000 0.158 0.218 0.002 0.007 m12
#cylinder: 0.790 0.101 0.000 0.790 0.101 0.002 0.008 m16
#cylinder: 0.931 0.146 0.000 0.931 0.146 0.002 0.010 m2
#cylinder: 1.091 0.208 0.000 1.091 0.208 0.002 0.006 m6
#cylinder: 0.556 0.218 0.000 0.556 0.218 0.002 0.007 m7
#cylinder: 0.520 0.211 0.000 0.520 0.211 0.002 0.010 m12
#cylinder: 0.544 0.130 0.000 0.544 0.130 0.002 0.009 m5
#cylinder: 0.213 0.217 0.000 0.213 0.217 0.002 0.003 m17
#cylinder: 0.745 0.140 0.000 0.745 0.140 0.002 0.002 m5
#cylinder: 0.552 0.211 0.000 0.552 0.211 0.002 0.009 m6
#cylinder: 0.976 0.145 0.000 0.976 0.145 0.002 0.002 m1
#cylinder: 0.710 0.196 0.000 0.710 0.196 0.002 0.007 m14
#cylinder: 0.174 0.168 0.000 0.174 0.168 0.002 0.009 m13
#cylinder: 0.839 0.129 0.000 0.839 0.129 0.002 0.008 m13
#cylinder: 0.381 0.129 0.000 0.381 0.129 0.002 0.007 m2
#cylinder: 0.424 0.122 0.000 0.424 0.122 0.002 0.009 m20
#cylinder: 0.696 0.168 0.000 0.696 0.168 0.002 0.002 m16
#cylinder: 0.214 0.128 0.000 0.214 0.128 0.002 0.003 m10
#cylinder: 0.481 0.113 0.000 0.481 0.113 0.002 0.004 m7
#cylinder: 0.353 0.218 0.000 0.353 0.218 0.002 0.004 m18
#cylinder: 0.041 0.169 0.000 0.041 0.169 0.002 0.009 m10
#cylinder: 0.728 0.118 0.000 0.728 0.118 0.002 0.002 m11
#cylinder: 0.394 0.104 0.000 0.394 0.104 0.002 0.008 m16
#cylinder: 0.174 0.108 0.000 0.174 0.108 0.002 0.009 m1
#cylinder: 0.022 0.194 0.000 0.022 0.194 0.002 0.006 m11
#cylinder: 0.443 0.135 0.000 0.443 0.135 0.002 0.006 m6
#cylinder: 0.186 0.187 0.000 0.186 0.187 0.002 0.009 m18
#cylinder: 0.409 0.213 0.000 0.409 0.213 0.002 0.009 m1
#cylinder: 0.956 0.106 0.000 0.956 0.106 0.002 0.003 m10
#cylinder: 0.720 0.180 0.000 0.720 0.180 0.002 0.007 m4
#cylinder: 0.889 0.101 0.000 0.889 0.101 0.002 0.005 m13
#cylinder: 0.922 0.106 0.000 0.922 0.106 0.002 0.007 m17
#cylinder: 0.453 0.132 0.000 0.453 0.132 0.002 0.006 m13
#cylinder: 0.406 0.210 0.000 0.406 0.210 0.002 0.005 m18
#cylinder: 0.600 0.104 0.000 0.600 0.104 0.002 0.004 m3
#cylinder: 0.506 0.108 0.000 0.506 0.108 0.002 0.005 m3
#cylinder: 0.048 0.128 0.000 0.048 0.128 0.002 0.005 m11
#cylinder: 0.578 0.122 0.000 0.578 0.122 0.002 0.002 m13
#cylinder: 0.951 0.104 0.000 0.951 0.104 0.002 0.009 m12
#cylinder: 0.629 0.196 0.000 0.629 0.196 0.002 0.004 m16
#cylinder: 0.321 0.168 0.000 0.321 0.168 0.002 0.008 m2
#cylinder: 0.312 0.102 0.000 0.312 0.102 0.002 0.007 m15
#cylinder: 0.216 0.155 0.000 0.216 0.155 0.002 0.004 m9
#cylinder: 0.345 0.119 0.000 0.345 0.119 0.002 0.009 m4
