testingplz 
#domain: 1.200 0.300 0.002 
#dx_dy_dz: 0.002 0.002 0.002 
#time_window: 5.000000e-09 

#excitation_file: mala_source_modified.txt 
#hertzian_dipole: z 0.080 0.250 0 mala_source 
#rx: 0.120 0.250 0.000 
#src_steps: 0.002 0.000 0.000 
#rx_steps: 0.002 0.000 0.000 

#material: 5.000 0.220 1.000 0.000 concrete
#material: 1.000 0.000 1.000 0.000 air
#material: 80.000 0.500 1.000 0.000 water

#material: 1.000 0.000 1.000 0.000 m1
#material: 2.000 0.000 1.000 0.000 m2
#material: 3.000 0.000 1.000 0.000 m3
#material: 4.000 0.000 1.000 0.000 m4
#material: 5.000 0.000 1.000 0.000 m5
#material: 6.000 0.000 1.000 0.000 m6
#material: 7.000 0.000 1.000 0.000 m7
#material: 8.000 0.000 1.000 0.000 m8
#material: 9.000 0.000 1.000 0.000 m9
#material: 10.000 0.000 1.000 0.000 m10
#material: 11.000 0.000 1.000 0.000 m11
#material: 12.000 0.000 1.000 0.000 m12
#material: 13.000 0.000 1.000 0.000 m13
#material: 14.000 0.000 1.000 0.000 m14
#material: 15.000 0.000 1.000 0.000 m15
#material: 16.000 0.000 1.000 0.000 m16
#material: 17.000 0.000 1.000 0.000 m17
#material: 18.000 0.000 1.000 0.000 m18
#material: 19.000 0.000 1.000 0.000 m19
#material: 20.000 0.000 1.000 0.000 m20

#box: 0.000 0.000 0.000 1.200 0.250 0.002 concrete

#cylinder: 0.067 0.166 0.000 0.067 0.166 0.002 0.006 m11
#cylinder: 0.769 0.151 0.000 0.769 0.151 0.002 0.010 m8
#cylinder: 0.691 0.182 0.000 0.691 0.182 0.002 0.004 m17
#cylinder: 0.864 0.109 0.000 0.864 0.109 0.002 0.007 m20
#cylinder: 0.552 0.128 0.000 0.552 0.128 0.002 0.006 m5
#cylinder: 0.058 0.110 0.000 0.058 0.110 0.002 0.003 m4
#cylinder: 0.915 0.158 0.000 0.915 0.158 0.002 0.007 m14
#cylinder: 0.507 0.189 0.000 0.507 0.189 0.002 0.002 m5
#cylinder: 0.652 0.205 0.000 0.652 0.205 0.002 0.007 m18
#cylinder: 0.677 0.182 0.000 0.677 0.182 0.002 0.005 m14
#cylinder: 0.201 0.128 0.000 0.201 0.128 0.002 0.007 m19
#cylinder: 0.496 0.119 0.000 0.496 0.119 0.002 0.008 m9
#cylinder: 0.699 0.155 0.000 0.699 0.155 0.002 0.009 m3
#cylinder: 0.009 0.132 0.000 0.009 0.132 0.002 0.005 m8
#cylinder: 0.341 0.195 0.000 0.341 0.195 0.002 0.009 m6
#cylinder: 0.557 0.148 0.000 0.557 0.148 0.002 0.009 m2
#cylinder: 0.164 0.216 0.000 0.164 0.216 0.002 0.009 m1
#cylinder: 0.613 0.188 0.000 0.613 0.188 0.002 0.008 m7
#cylinder: 0.303 0.207 0.000 0.303 0.207 0.002 0.009 m1
#cylinder: 0.187 0.135 0.000 0.187 0.135 0.002 0.003 m1
#cylinder: 0.419 0.185 0.000 0.419 0.185 0.002 0.007 m10
#cylinder: 1.075 0.170 0.000 1.075 0.170 0.002 0.003 m19
#cylinder: 0.038 0.158 0.000 0.038 0.158 0.002 0.004 m8
#cylinder: 0.599 0.119 0.000 0.599 0.119 0.002 0.007 m11
#cylinder: 0.259 0.218 0.000 0.259 0.218 0.002 0.005 m2
#cylinder: 0.333 0.131 0.000 0.333 0.131 0.002 0.009 m8
#cylinder: 0.577 0.155 0.000 0.577 0.155 0.002 0.007 m14
#cylinder: 0.919 0.105 0.000 0.919 0.105 0.002 0.009 m10
#cylinder: 0.353 0.146 0.000 0.353 0.146 0.002 0.007 m5
#cylinder: 0.901 0.158 0.000 0.901 0.158 0.002 0.009 m2
#cylinder: 0.145 0.149 0.000 0.145 0.149 0.002 0.005 m12
#cylinder: 0.379 0.130 0.000 0.379 0.130 0.002 0.005 m18
#cylinder: 0.537 0.134 0.000 0.537 0.134 0.002 0.004 m5
#cylinder: 0.259 0.116 0.000 0.259 0.116 0.002 0.009 m20
#cylinder: 0.327 0.106 0.000 0.327 0.106 0.002 0.007 m2
#cylinder: 1.043 0.169 0.000 1.043 0.169 0.002 0.004 m16
#cylinder: 0.012 0.136 0.000 0.012 0.136 0.002 0.002 m6
#cylinder: 0.422 0.202 0.000 0.422 0.202 0.002 0.009 m14
#cylinder: 0.358 0.182 0.000 0.358 0.182 0.002 0.006 m8
#cylinder: 0.591 0.165 0.000 0.591 0.165 0.002 0.005 m2
#cylinder: 0.742 0.201 0.000 0.742 0.201 0.002 0.005 m2
#cylinder: 0.486 0.178 0.000 0.486 0.178 0.002 0.006 m1
#cylinder: 0.922 0.122 0.000 0.922 0.122 0.002 0.002 m2
#cylinder: 0.779 0.212 0.000 0.779 0.212 0.002 0.008 m12
#cylinder: 0.279 0.173 0.000 0.279 0.173 0.002 0.007 m13
#cylinder: 0.880 0.132 0.000 0.880 0.132 0.002 0.003 m8
#cylinder: 0.282 0.141 0.000 0.282 0.141 0.002 0.009 m9
#cylinder: 0.547 0.149 0.000 0.547 0.149 0.002 0.007 m20
#cylinder: 0.487 0.179 0.000 0.487 0.179 0.002 0.006 m17
#cylinder: 0.420 0.168 0.000 0.420 0.168 0.002 0.003 m17
#cylinder: 0.363 0.116 0.000 0.363 0.116 0.002 0.005 m9
#cylinder: 0.214 0.200 0.000 0.214 0.200 0.002 0.006 m16
#cylinder: 0.361 0.117 0.000 0.361 0.117 0.002 0.003 m15
#cylinder: 0.050 0.215 0.000 0.050 0.215 0.002 0.008 m2
#cylinder: 0.808 0.180 0.000 0.808 0.180 0.002 0.006 m10
#cylinder: 0.860 0.207 0.000 0.860 0.207 0.002 0.009 m12
#cylinder: 0.456 0.136 0.000 0.456 0.136 0.002 0.009 m3
#cylinder: 0.533 0.124 0.000 0.533 0.124 0.002 0.005 m14
#cylinder: 0.504 0.142 0.000 0.504 0.142 0.002 0.009 m18
#cylinder: 1.022 0.135 0.000 1.022 0.135 0.002 0.007 m15
#cylinder: 0.881 0.146 0.000 0.881 0.146 0.002 0.004 m12
#cylinder: 0.562 0.133 0.000 0.562 0.133 0.002 0.003 m2
#cylinder: 0.406 0.214 0.000 0.406 0.214 0.002 0.006 m15
#cylinder: 0.912 0.183 0.000 0.912 0.183 0.002 0.003 m4
#cylinder: 0.179 0.127 0.000 0.179 0.127 0.002 0.007 m2
#cylinder: 0.221 0.109 0.000 0.221 0.109 0.002 0.009 m18
#cylinder: 0.746 0.152 0.000 0.746 0.152 0.002 0.009 m19
#cylinder: 1.081 0.151 0.000 1.081 0.151 0.002 0.005 m11
#cylinder: 0.614 0.217 0.000 0.614 0.217 0.002 0.005 m17
#cylinder: 0.453 0.160 0.000 0.453 0.160 0.002 0.006 m13
#cylinder: 0.430 0.196 0.000 0.430 0.196 0.002 0.009 m4
#cylinder: 0.976 0.117 0.000 0.976 0.117 0.002 0.003 m13
#cylinder: 0.391 0.213 0.000 0.391 0.213 0.002 0.003 m12
#cylinder: 0.316 0.212 0.000 0.316 0.212 0.002 0.003 m14
#cylinder: 0.980 0.200 0.000 0.980 0.200 0.002 0.005 m13
#cylinder: 0.254 0.128 0.000 0.254 0.128 0.002 0.006 m13
#cylinder: 0.294 0.124 0.000 0.294 0.124 0.002 0.004 m5
#cylinder: 0.098 0.192 0.000 0.098 0.192 0.002 0.004 m13
#cylinder: 0.472 0.113 0.000 0.472 0.113 0.002 0.006 m16
#cylinder: 0.057 0.107 0.000 0.057 0.107 0.002 0.009 m1
#cylinder: 0.932 0.111 0.000 0.932 0.111 0.002 0.007 m10
#cylinder: 0.256 0.103 0.000 0.256 0.103 0.002 0.004 m11
#cylinder: 0.157 0.118 0.000 0.157 0.118 0.002 0.005 m16
#cylinder: 0.748 0.219 0.000 0.748 0.219 0.002 0.003 m15
#cylinder: 0.750 0.198 0.000 0.750 0.198 0.002 0.004 m3
#cylinder: 0.053 0.175 0.000 0.053 0.175 0.002 0.009 m9
#cylinder: 0.951 0.184 0.000 0.951 0.184 0.002 0.004 m8
#cylinder: 0.023 0.180 0.000 0.023 0.180 0.002 0.002 m12
#cylinder: 0.072 0.193 0.000 0.072 0.193 0.002 0.010 m9
#cylinder: 1.082 0.192 0.000 1.082 0.192 0.002 0.006 m11
#cylinder: 0.800 0.148 0.000 0.800 0.148 0.002 0.006 m16
#cylinder: 0.396 0.179 0.000 0.396 0.179 0.002 0.009 m13
#cylinder: 0.740 0.175 0.000 0.740 0.175 0.002 0.005 m3
#cylinder: 0.844 0.182 0.000 0.844 0.182 0.002 0.008 m7
#cylinder: 0.234 0.126 0.000 0.234 0.126 0.002 0.005 m10
#cylinder: 0.723 0.134 0.000 0.723 0.134 0.002 0.004 m19
#cylinder: 1.052 0.206 0.000 1.052 0.206 0.002 0.008 m9
#cylinder: 0.841 0.189 0.000 0.841 0.189 0.002 0.004 m4
#cylinder: 1.016 0.217 0.000 1.016 0.217 0.002 0.004 m3
#cylinder: 0.406 0.170 0.000 0.406 0.170 0.002 0.004 m19
#cylinder: 0.167 0.106 0.000 0.167 0.106 0.002 0.005 m16
#cylinder: 0.371 0.187 0.000 0.371 0.187 0.002 0.004 m12
#cylinder: 0.358 0.105 0.000 0.358 0.105 0.002 0.009 m11
#cylinder: 0.899 0.122 0.000 0.899 0.122 0.002 0.006 m20
#cylinder: 0.595 0.170 0.000 0.595 0.170 0.002 0.008 m13
#cylinder: 0.756 0.143 0.000 0.756 0.143 0.002 0.007 m11
#cylinder: 1.068 0.167 0.000 1.068 0.167 0.002 0.003 m9
#cylinder: 0.819 0.144 0.000 0.819 0.144 0.002 0.008 m3
#cylinder: 0.826 0.188 0.000 0.826 0.188 0.002 0.005 m10
#cylinder: 0.951 0.206 0.000 0.951 0.206 0.002 0.009 m12
#cylinder: 0.251 0.203 0.000 0.251 0.203 0.002 0.006 m1
#cylinder: 0.572 0.140 0.000 0.572 0.140 0.002 0.005 m8
#cylinder: 0.415 0.107 0.000 0.415 0.107 0.002 0.007 m13
#cylinder: 0.630 0.119 0.000 0.630 0.119 0.002 0.006 m13
#cylinder: 0.069 0.157 0.000 0.069 0.157 0.002 0.008 m13
#cylinder: 0.119 0.151 0.000 0.119 0.151 0.002 0.004 m9
#cylinder: 0.292 0.144 0.000 0.292 0.144 0.002 0.009 m4
#cylinder: 0.830 0.178 0.000 0.830 0.178 0.002 0.006 m8
#cylinder: 1.086 0.120 0.000 1.086 0.120 0.002 0.003 m16
#cylinder: 0.912 0.113 0.000 0.912 0.113 0.002 0.002 m18
#cylinder: 1.011 0.164 0.000 1.011 0.164 0.002 0.008 m9
#cylinder: 0.101 0.126 0.000 0.101 0.126 0.002 0.004 m20
#cylinder: 0.108 0.167 0.000 0.108 0.167 0.002 0.003 m14
#cylinder: 0.015 0.200 0.000 0.015 0.200 0.002 0.008 m16
#cylinder: 0.194 0.191 0.000 0.194 0.191 0.002 0.009 m11
#cylinder: 0.662 0.220 0.000 0.662 0.220 0.002 0.008 m16
#cylinder: 0.768 0.202 0.000 0.768 0.202 0.002 0.004 m2
#cylinder: 0.059 0.100 0.000 0.059 0.100 0.002 0.009 m16
#cylinder: 0.805 0.127 0.000 0.805 0.127 0.002 0.005 m19
#cylinder: 0.288 0.102 0.000 0.288 0.102 0.002 0.003 m19
#cylinder: 0.446 0.216 0.000 0.446 0.216 0.002 0.004 m9
#cylinder: 0.330 0.119 0.000 0.330 0.119 0.002 0.010 m1
#cylinder: 1.025 0.136 0.000 1.025 0.136 0.002 0.006 m17
#cylinder: 0.798 0.146 0.000 0.798 0.146 0.002 0.003 m14
#cylinder: 0.413 0.187 0.000 0.413 0.187 0.002 0.005 m4
#cylinder: 0.269 0.186 0.000 0.269 0.186 0.002 0.003 m13
#cylinder: 0.200 0.167 0.000 0.200 0.167 0.002 0.004 m12
#cylinder: 0.514 0.120 0.000 0.514 0.120 0.002 0.004 m1
#cylinder: 0.166 0.109 0.000 0.166 0.109 0.002 0.005 m11
#cylinder: 0.473 0.182 0.000 0.473 0.182 0.002 0.005 m5
#cylinder: 0.950 0.144 0.000 0.950 0.144 0.002 0.006 m16
#cylinder: 0.970 0.194 0.000 0.970 0.194 0.002 0.004 m7
#cylinder: 0.034 0.212 0.000 0.034 0.212 0.002 0.003 m10
#cylinder: 0.531 0.202 0.000 0.531 0.202 0.002 0.004 m2
#cylinder: 0.121 0.171 0.000 0.121 0.171 0.002 0.010 m20
#cylinder: 0.321 0.185 0.000 0.321 0.185 0.002 0.008 m14
#cylinder: 1.063 0.117 0.000 1.063 0.117 0.002 0.005 m15
#cylinder: 1.024 0.156 0.000 1.024 0.156 0.002 0.003 m4
#cylinder: 0.297 0.124 0.000 0.297 0.124 0.002 0.004 m20
#cylinder: 0.037 0.120 0.000 0.037 0.120 0.002 0.006 m3
#cylinder: 0.056 0.110 0.000 0.056 0.110 0.002 0.007 m16
#cylinder: 0.727 0.104 0.000 0.727 0.104 0.002 0.004 m8
#cylinder: 0.754 0.121 0.000 0.754 0.121 0.002 0.010 m3
#cylinder: 0.897 0.126 0.000 0.897 0.126 0.002 0.007 m5
#cylinder: 0.824 0.137 0.000 0.824 0.137 0.002 0.004 m15
#cylinder: 0.999 0.135 0.000 0.999 0.135 0.002 0.010 m14
#cylinder: 0.813 0.145 0.000 0.813 0.145 0.002 0.002 m10
#cylinder: 0.258 0.119 0.000 0.258 0.119 0.002 0.005 m18
#cylinder: 0.375 0.154 0.000 0.375 0.154 0.002 0.002 m4
#cylinder: 0.942 0.130 0.000 0.942 0.130 0.002 0.003 m12
#cylinder: 1.025 0.195 0.000 1.025 0.195 0.002 0.007 m16
#cylinder: 0.699 0.211 0.000 0.699 0.211 0.002 0.005 m16
#cylinder: 0.841 0.110 0.000 0.841 0.110 0.002 0.007 m16
#cylinder: 0.282 0.167 0.000 0.282 0.167 0.002 0.006 m4
#cylinder: 0.007 0.110 0.000 0.007 0.110 0.002 0.010 m9
#cylinder: 0.020 0.104 0.000 0.020 0.104 0.002 0.004 m20
#cylinder: 0.623 0.174 0.000 0.623 0.174 0.002 0.009 m6
#cylinder: 0.988 0.100 0.000 0.988 0.100 0.002 0.010 m2
#cylinder: 0.185 0.129 0.000 0.185 0.129 0.002 0.010 m2
#cylinder: 0.830 0.194 0.000 0.830 0.194 0.002 0.010 m2
#cylinder: 0.571 0.140 0.000 0.571 0.140 0.002 0.009 m13
#cylinder: 0.504 0.131 0.000 0.504 0.131 0.002 0.004 m6
#cylinder: 0.629 0.182 0.000 0.629 0.182 0.002 0.002 m4
#cylinder: 0.427 0.140 0.000 0.427 0.140 0.002 0.005 m4
#cylinder: 0.912 0.107 0.000 0.912 0.107 0.002 0.004 m5
#cylinder: 0.481 0.171 0.000 0.481 0.171 0.002 0.009 m3
#cylinder: 0.429 0.107 0.000 0.429 0.107 0.002 0.007 m3
#cylinder: 0.607 0.157 0.000 0.607 0.157 0.002 0.005 m4
#cylinder: 0.059 0.120 0.000 0.059 0.120 0.002 0.008 m9
#cylinder: 0.219 0.134 0.000 0.219 0.134 0.002 0.005 m8
#cylinder: 0.252 0.182 0.000 0.252 0.182 0.002 0.004 m11
#cylinder: 0.352 0.159 0.000 0.352 0.159 0.002 0.004 m19
#cylinder: 0.921 0.208 0.000 0.921 0.208 0.002 0.003 m15
#cylinder: 0.137 0.121 0.000 0.137 0.121 0.002 0.006 m9
#cylinder: 0.005 0.126 0.000 0.005 0.126 0.002 0.005 m10
#cylinder: 0.661 0.116 0.000 0.661 0.116 0.002 0.003 m5
#cylinder: 0.104 0.124 0.000 0.104 0.124 0.002 0.004 m3
#cylinder: 0.963 0.192 0.000 0.963 0.192 0.002 0.008 m18
#cylinder: 0.746 0.205 0.000 0.746 0.205 0.002 0.010 m4
#cylinder: 0.614 0.109 0.000 0.614 0.109 0.002 0.008 m6
#cylinder: 1.023 0.172 0.000 1.023 0.172 0.002 0.009 m18
#cylinder: 0.782 0.180 0.000 0.782 0.180 0.002 0.005 m12
#cylinder: 0.930 0.116 0.000 0.930 0.116 0.002 0.007 m5
#cylinder: 0.080 0.190 0.000 0.080 0.190 0.002 0.006 m18
#cylinder: 0.882 0.208 0.000 0.882 0.208 0.002 0.005 m13
#cylinder: 0.261 0.202 0.000 0.261 0.202 0.002 0.005 m8
#cylinder: 0.673 0.195 0.000 0.673 0.195 0.002 0.005 m14
#cylinder: 0.867 0.152 0.000 0.867 0.152 0.002 0.004 m13
#cylinder: 0.029 0.214 0.000 0.029 0.214 0.002 0.009 m12
#cylinder: 1.073 0.180 0.000 1.073 0.180 0.002 0.004 m16
