testingplz 
#domain: 1.200 0.300 0.002 
#dx_dy_dz: 0.002 0.002 0.002 
#time_window: 5.000000e-09 

#excitation_file: mala_source_modified.txt 
#hertzian_dipole: z 0.080 0.250 0 mala_source 
#rx: 0.120 0.250 0.000 
#src_steps: 0.002 0.000 0.000 
#rx_steps: 0.002 0.000 0.000 

#material: 5.000 0.220 1.000 0.000 concrete
#material: 1.000 0.000 1.000 0.000 air
#material: 80.000 0.500 1.000 0.000 water

#material: 1.000 0.000 1.000 0.000 m1
#material: 2.000 0.000 1.000 0.000 m2
#material: 3.000 0.000 1.000 0.000 m3
#material: 4.000 0.000 1.000 0.000 m4
#material: 5.000 0.000 1.000 0.000 m5
#material: 6.000 0.000 1.000 0.000 m6
#material: 7.000 0.000 1.000 0.000 m7
#material: 8.000 0.000 1.000 0.000 m8
#material: 9.000 0.000 1.000 0.000 m9
#material: 10.000 0.000 1.000 0.000 m10
#material: 11.000 0.000 1.000 0.000 m11
#material: 12.000 0.000 1.000 0.000 m12
#material: 13.000 0.000 1.000 0.000 m13
#material: 14.000 0.000 1.000 0.000 m14
#material: 15.000 0.000 1.000 0.000 m15
#material: 16.000 0.000 1.000 0.000 m16
#material: 17.000 0.000 1.000 0.000 m17
#material: 18.000 0.000 1.000 0.000 m18
#material: 19.000 0.000 1.000 0.000 m19
#material: 20.000 0.000 1.000 0.000 m20

#box: 0.000 0.000 0.000 1.200 0.250 0.002 concrete

#cylinder: 0.425 0.125 0.000 0.425 0.125 0.002 0.010 m13
#cylinder: 0.957 0.178 0.000 0.957 0.178 0.002 0.007 m9
#cylinder: 0.364 0.176 0.000 0.364 0.176 0.002 0.009 m14
#cylinder: 0.318 0.192 0.000 0.318 0.192 0.002 0.004 m4
#cylinder: 0.220 0.117 0.000 0.220 0.117 0.002 0.003 m20
#cylinder: 0.131 0.215 0.000 0.131 0.215 0.002 0.003 m11
#cylinder: 0.808 0.197 0.000 0.808 0.197 0.002 0.002 m6
#cylinder: 0.226 0.204 0.000 0.226 0.204 0.002 0.002 m14
#cylinder: 0.657 0.201 0.000 0.657 0.201 0.002 0.009 m7
#cylinder: 0.760 0.157 0.000 0.760 0.157 0.002 0.004 m13
#cylinder: 0.440 0.193 0.000 0.440 0.193 0.002 0.007 m12
#cylinder: 0.659 0.115 0.000 0.659 0.115 0.002 0.005 m15
#cylinder: 1.027 0.111 0.000 1.027 0.111 0.002 0.006 m20
#cylinder: 0.240 0.179 0.000 0.240 0.179 0.002 0.005 m19
#cylinder: 1.084 0.214 0.000 1.084 0.214 0.002 0.003 m14
#cylinder: 0.862 0.220 0.000 0.862 0.220 0.002 0.004 m2
#cylinder: 0.083 0.153 0.000 0.083 0.153 0.002 0.005 m7
#cylinder: 0.321 0.205 0.000 0.321 0.205 0.002 0.005 m18
#cylinder: 1.037 0.110 0.000 1.037 0.110 0.002 0.006 m3
#cylinder: 0.498 0.208 0.000 0.498 0.208 0.002 0.004 m2
#cylinder: 0.044 0.103 0.000 0.044 0.103 0.002 0.006 m19
#cylinder: 0.921 0.101 0.000 0.921 0.101 0.002 0.007 m14
#cylinder: 0.961 0.180 0.000 0.961 0.180 0.002 0.010 m18
#cylinder: 1.067 0.203 0.000 1.067 0.203 0.002 0.005 m6
#cylinder: 0.273 0.190 0.000 0.273 0.190 0.002 0.007 m15
#cylinder: 0.955 0.193 0.000 0.955 0.193 0.002 0.009 m11
#cylinder: 0.631 0.156 0.000 0.631 0.156 0.002 0.004 m12
#cylinder: 0.353 0.203 0.000 0.353 0.203 0.002 0.004 m3
#cylinder: 0.674 0.102 0.000 0.674 0.102 0.002 0.003 m7
#cylinder: 0.509 0.170 0.000 0.509 0.170 0.002 0.010 m6
#cylinder: 0.982 0.199 0.000 0.982 0.199 0.002 0.004 m10
#cylinder: 0.514 0.175 0.000 0.514 0.175 0.002 0.009 m7
#cylinder: 1.004 0.213 0.000 1.004 0.213 0.002 0.009 m20
#cylinder: 0.171 0.143 0.000 0.171 0.143 0.002 0.009 m3
#cylinder: 0.368 0.130 0.000 0.368 0.130 0.002 0.004 m16
#cylinder: 0.781 0.208 0.000 0.781 0.208 0.002 0.009 m5
#cylinder: 0.014 0.197 0.000 0.014 0.197 0.002 0.004 m19
#cylinder: 0.416 0.146 0.000 0.416 0.146 0.002 0.007 m11
#cylinder: 0.382 0.215 0.000 0.382 0.215 0.002 0.006 m15
#cylinder: 0.867 0.118 0.000 0.867 0.118 0.002 0.006 m3
#cylinder: 0.284 0.134 0.000 0.284 0.134 0.002 0.002 m20
#cylinder: 0.006 0.166 0.000 0.006 0.166 0.002 0.007 m6
#cylinder: 0.113 0.198 0.000 0.113 0.198 0.002 0.010 m18
#cylinder: 0.557 0.123 0.000 0.557 0.123 0.002 0.009 m13
#cylinder: 0.510 0.190 0.000 0.510 0.190 0.002 0.003 m4
#cylinder: 0.320 0.117 0.000 0.320 0.117 0.002 0.009 m6
#cylinder: 0.444 0.122 0.000 0.444 0.122 0.002 0.008 m19
#cylinder: 0.910 0.134 0.000 0.910 0.134 0.002 0.004 m14
#cylinder: 0.716 0.112 0.000 0.716 0.112 0.002 0.005 m15
#cylinder: 0.858 0.150 0.000 0.858 0.150 0.002 0.009 m4
#cylinder: 1.052 0.175 0.000 1.052 0.175 0.002 0.008 m18
#cylinder: 0.575 0.142 0.000 0.575 0.142 0.002 0.006 m16
#cylinder: 0.558 0.144 0.000 0.558 0.144 0.002 0.004 m9
#cylinder: 0.959 0.207 0.000 0.959 0.207 0.002 0.003 m18
#cylinder: 0.768 0.108 0.000 0.768 0.108 0.002 0.003 m18
#cylinder: 0.444 0.118 0.000 0.444 0.118 0.002 0.006 m11
#cylinder: 0.359 0.201 0.000 0.359 0.201 0.002 0.007 m8
#cylinder: 0.881 0.196 0.000 0.881 0.196 0.002 0.010 m16
#cylinder: 0.606 0.116 0.000 0.606 0.116 0.002 0.009 m2
#cylinder: 0.709 0.145 0.000 0.709 0.145 0.002 0.002 m8
#cylinder: 0.460 0.213 0.000 0.460 0.213 0.002 0.005 m9
#cylinder: 0.532 0.153 0.000 0.532 0.153 0.002 0.004 m3
#cylinder: 0.117 0.104 0.000 0.117 0.104 0.002 0.003 m2
#cylinder: 0.590 0.177 0.000 0.590 0.177 0.002 0.003 m7
#cylinder: 0.752 0.152 0.000 0.752 0.152 0.002 0.004 m20
#cylinder: 0.283 0.199 0.000 0.283 0.199 0.002 0.003 m11
#cylinder: 0.895 0.204 0.000 0.895 0.204 0.002 0.009 m8
#cylinder: 0.866 0.154 0.000 0.866 0.154 0.002 0.003 m3
#cylinder: 0.799 0.110 0.000 0.799 0.110 0.002 0.005 m5
#cylinder: 0.545 0.188 0.000 0.545 0.188 0.002 0.005 m13
#cylinder: 0.777 0.184 0.000 0.777 0.184 0.002 0.006 m19
#cylinder: 0.244 0.134 0.000 0.244 0.134 0.002 0.009 m8
#cylinder: 0.968 0.116 0.000 0.968 0.116 0.002 0.009 m20
#cylinder: 0.232 0.191 0.000 0.232 0.191 0.002 0.004 m13
#cylinder: 0.240 0.101 0.000 0.240 0.101 0.002 0.006 m5
#cylinder: 0.023 0.116 0.000 0.023 0.116 0.002 0.010 m18
#cylinder: 0.450 0.209 0.000 0.450 0.209 0.002 0.007 m9
#cylinder: 0.988 0.193 0.000 0.988 0.193 0.002 0.006 m8
#cylinder: 0.705 0.112 0.000 0.705 0.112 0.002 0.003 m9
#cylinder: 0.064 0.104 0.000 0.064 0.104 0.002 0.004 m13
#cylinder: 0.289 0.177 0.000 0.289 0.177 0.002 0.003 m16
#cylinder: 0.033 0.105 0.000 0.033 0.105 0.002 0.009 m17
#cylinder: 0.392 0.184 0.000 0.392 0.184 0.002 0.005 m14
#cylinder: 0.925 0.101 0.000 0.925 0.101 0.002 0.009 m2
#cylinder: 0.141 0.135 0.000 0.141 0.135 0.002 0.003 m13
#cylinder: 0.190 0.210 0.000 0.190 0.210 0.002 0.009 m20
#cylinder: 0.453 0.102 0.000 0.453 0.102 0.002 0.004 m3
#cylinder: 0.950 0.113 0.000 0.950 0.113 0.002 0.010 m20
#cylinder: 0.105 0.134 0.000 0.105 0.134 0.002 0.010 m7
#cylinder: 0.760 0.152 0.000 0.760 0.152 0.002 0.010 m15
#cylinder: 0.654 0.216 0.000 0.654 0.216 0.002 0.004 m14
#cylinder: 0.176 0.131 0.000 0.176 0.131 0.002 0.003 m14
#cylinder: 0.571 0.194 0.000 0.571 0.194 0.002 0.009 m8
#cylinder: 0.378 0.121 0.000 0.378 0.121 0.002 0.003 m3
#cylinder: 0.355 0.218 0.000 0.355 0.218 0.002 0.009 m8
#cylinder: 0.817 0.112 0.000 0.817 0.112 0.002 0.008 m7
#cylinder: 0.330 0.140 0.000 0.330 0.140 0.002 0.006 m12
#cylinder: 0.765 0.198 0.000 0.765 0.198 0.002 0.004 m18
#cylinder: 0.326 0.182 0.000 0.326 0.182 0.002 0.009 m17
#cylinder: 0.502 0.201 0.000 0.502 0.201 0.002 0.005 m19
#cylinder: 0.684 0.154 0.000 0.684 0.154 0.002 0.005 m5
#cylinder: 0.519 0.172 0.000 0.519 0.172 0.002 0.005 m13
#cylinder: 0.977 0.202 0.000 0.977 0.202 0.002 0.005 m4
#cylinder: 0.122 0.212 0.000 0.122 0.212 0.002 0.009 m6
#cylinder: 0.981 0.170 0.000 0.981 0.170 0.002 0.009 m1
#cylinder: 0.623 0.156 0.000 0.623 0.156 0.002 0.004 m4
#cylinder: 0.900 0.107 0.000 0.900 0.107 0.002 0.004 m18
#cylinder: 0.904 0.124 0.000 0.904 0.124 0.002 0.008 m1
#cylinder: 0.733 0.212 0.000 0.733 0.212 0.002 0.003 m18
#cylinder: 0.321 0.124 0.000 0.321 0.124 0.002 0.006 m6
#cylinder: 1.022 0.134 0.000 1.022 0.134 0.002 0.004 m6
#cylinder: 0.747 0.220 0.000 0.747 0.220 0.002 0.004 m10
#cylinder: 0.153 0.166 0.000 0.153 0.166 0.002 0.005 m13
#cylinder: 0.950 0.100 0.000 0.950 0.100 0.002 0.010 m8
#cylinder: 0.596 0.207 0.000 0.596 0.207 0.002 0.008 m12
#cylinder: 0.998 0.211 0.000 0.998 0.211 0.002 0.005 m2
#cylinder: 1.098 0.112 0.000 1.098 0.112 0.002 0.009 m6
#cylinder: 0.582 0.195 0.000 0.582 0.195 0.002 0.002 m18
#cylinder: 0.497 0.142 0.000 0.497 0.142 0.002 0.004 m19
#cylinder: 0.152 0.214 0.000 0.152 0.214 0.002 0.009 m15
#cylinder: 0.555 0.198 0.000 0.555 0.198 0.002 0.004 m14
#cylinder: 0.523 0.165 0.000 0.523 0.165 0.002 0.010 m14
#cylinder: 0.327 0.145 0.000 0.327 0.145 0.002 0.008 m12
#cylinder: 0.711 0.207 0.000 0.711 0.207 0.002 0.004 m6
#cylinder: 0.797 0.121 0.000 0.797 0.121 0.002 0.004 m8
#cylinder: 0.991 0.120 0.000 0.991 0.120 0.002 0.007 m20
#cylinder: 0.006 0.198 0.000 0.006 0.198 0.002 0.007 m2
#cylinder: 0.324 0.165 0.000 0.324 0.165 0.002 0.009 m9
#cylinder: 0.814 0.158 0.000 0.814 0.158 0.002 0.002 m1
#cylinder: 0.368 0.211 0.000 0.368 0.211 0.002 0.009 m3
#cylinder: 0.106 0.157 0.000 0.106 0.157 0.002 0.005 m15
#cylinder: 0.761 0.131 0.000 0.761 0.131 0.002 0.003 m11
#cylinder: 0.819 0.218 0.000 0.819 0.218 0.002 0.008 m8
#cylinder: 0.572 0.103 0.000 0.572 0.103 0.002 0.002 m16
#cylinder: 0.651 0.133 0.000 0.651 0.133 0.002 0.005 m9
#cylinder: 0.909 0.147 0.000 0.909 0.147 0.002 0.007 m15
#cylinder: 0.650 0.216 0.000 0.650 0.216 0.002 0.003 m10
#cylinder: 0.118 0.111 0.000 0.118 0.111 0.002 0.008 m13
#cylinder: 0.015 0.212 0.000 0.015 0.212 0.002 0.006 m18
#cylinder: 0.868 0.112 0.000 0.868 0.112 0.002 0.006 m6
#cylinder: 0.919 0.179 0.000 0.919 0.179 0.002 0.004 m15
#cylinder: 0.458 0.163 0.000 0.458 0.163 0.002 0.003 m19
#cylinder: 0.309 0.133 0.000 0.309 0.133 0.002 0.006 m5
#cylinder: 0.573 0.169 0.000 0.573 0.169 0.002 0.007 m11
#cylinder: 0.234 0.121 0.000 0.234 0.121 0.002 0.005 m20
#cylinder: 0.853 0.163 0.000 0.853 0.163 0.002 0.004 m8
#cylinder: 0.268 0.135 0.000 0.268 0.135 0.002 0.008 m8
#cylinder: 0.748 0.177 0.000 0.748 0.177 0.002 0.010 m12
#cylinder: 0.041 0.149 0.000 0.041 0.149 0.002 0.007 m10
#cylinder: 1.001 0.187 0.000 1.001 0.187 0.002 0.005 m11
#cylinder: 0.788 0.117 0.000 0.788 0.117 0.002 0.005 m3
#cylinder: 0.684 0.213 0.000 0.684 0.213 0.002 0.010 m17
#cylinder: 0.504 0.215 0.000 0.504 0.215 0.002 0.009 m15
#cylinder: 0.085 0.186 0.000 0.085 0.186 0.002 0.010 m7
#cylinder: 0.041 0.177 0.000 0.041 0.177 0.002 0.008 m17
#cylinder: 0.281 0.139 0.000 0.281 0.139 0.002 0.003 m4
#cylinder: 0.566 0.113 0.000 0.566 0.113 0.002 0.009 m14
#cylinder: 0.759 0.151 0.000 0.759 0.151 0.002 0.006 m1
#cylinder: 0.276 0.199 0.000 0.276 0.199 0.002 0.003 m6
#cylinder: 0.753 0.157 0.000 0.753 0.157 0.002 0.008 m10
#cylinder: 0.878 0.117 0.000 0.878 0.117 0.002 0.010 m4
#cylinder: 0.428 0.164 0.000 0.428 0.164 0.002 0.009 m1
#cylinder: 0.308 0.163 0.000 0.308 0.163 0.002 0.003 m3
#cylinder: 0.363 0.202 0.000 0.363 0.202 0.002 0.007 m16
#cylinder: 0.268 0.220 0.000 0.268 0.220 0.002 0.005 m3
#cylinder: 0.810 0.118 0.000 0.810 0.118 0.002 0.004 m6
#cylinder: 0.048 0.150 0.000 0.048 0.150 0.002 0.004 m2
#cylinder: 0.724 0.102 0.000 0.724 0.102 0.002 0.006 m17
#cylinder: 0.386 0.191 0.000 0.386 0.191 0.002 0.010 m14
#cylinder: 0.926 0.145 0.000 0.926 0.145 0.002 0.008 m4
#cylinder: 0.622 0.102 0.000 0.622 0.102 0.002 0.007 m12
#cylinder: 0.208 0.170 0.000 0.208 0.170 0.002 0.003 m20
#cylinder: 0.477 0.195 0.000 0.477 0.195 0.002 0.003 m13
#cylinder: 0.420 0.116 0.000 0.420 0.116 0.002 0.009 m8
#cylinder: 0.167 0.129 0.000 0.167 0.129 0.002 0.004 m2
#cylinder: 0.689 0.191 0.000 0.689 0.191 0.002 0.009 m19
#cylinder: 0.705 0.125 0.000 0.705 0.125 0.002 0.005 m4
#cylinder: 0.601 0.123 0.000 0.601 0.123 0.002 0.002 m14
#cylinder: 0.097 0.152 0.000 0.097 0.152 0.002 0.009 m2
#cylinder: 0.456 0.139 0.000 0.456 0.139 0.002 0.010 m9
#cylinder: 0.817 0.170 0.000 0.817 0.170 0.002 0.007 m15
#cylinder: 0.798 0.213 0.000 0.798 0.213 0.002 0.003 m7
#cylinder: 0.745 0.107 0.000 0.745 0.107 0.002 0.004 m4
#cylinder: 0.047 0.184 0.000 0.047 0.184 0.002 0.007 m7
#cylinder: 1.079 0.212 0.000 1.079 0.212 0.002 0.004 m20
#cylinder: 0.599 0.155 0.000 0.599 0.155 0.002 0.009 m6
#cylinder: 0.821 0.107 0.000 0.821 0.107 0.002 0.002 m3
#cylinder: 0.902 0.186 0.000 0.902 0.186 0.002 0.007 m19
#cylinder: 0.518 0.148 0.000 0.518 0.148 0.002 0.008 m3
#cylinder: 0.272 0.165 0.000 0.272 0.165 0.002 0.007 m19
#cylinder: 0.022 0.156 0.000 0.022 0.156 0.002 0.006 m18
#cylinder: 0.509 0.107 0.000 0.509 0.107 0.002 0.004 m3
#cylinder: 0.665 0.219 0.000 0.665 0.219 0.002 0.009 m19
#cylinder: 0.896 0.220 0.000 0.896 0.220 0.002 0.003 m13
#cylinder: 0.782 0.137 0.000 0.782 0.137 0.002 0.004 m18
#cylinder: 0.408 0.192 0.000 0.408 0.192 0.002 0.007 m3
#cylinder: 0.224 0.147 0.000 0.224 0.147 0.002 0.005 m17
#cylinder: 0.340 0.209 0.000 0.340 0.209 0.002 0.006 m11
#cylinder: 0.626 0.113 0.000 0.626 0.113 0.002 0.003 m9
#cylinder: 0.003 0.217 0.000 0.003 0.217 0.002 0.009 m20
