testingplz 
#domain: 1.200 0.300 0.002 
#dx_dy_dz: 0.002 0.002 0.002 
#time_window: 5.000000e-09 

#excitation_file: mala_source_modified.txt 
#hertzian_dipole: z 0.080 0.250 0 mala_source 
#rx: 0.120 0.250 0.000 
#src_steps: 0.002 0.000 0.000 
#rx_steps: 0.002 0.000 0.000 

#material: 5.000 0.220 1.000 0.000 concrete
#material: 1.000 0.000 1.000 0.000 air
#material: 80.000 0.500 1.000 0.000 water

#material: 1.000 0.000 1.000 0.000 m1
#material: 2.000 0.000 1.000 0.000 m2
#material: 3.000 0.000 1.000 0.000 m3
#material: 4.000 0.000 1.000 0.000 m4
#material: 5.000 0.000 1.000 0.000 m5
#material: 6.000 0.000 1.000 0.000 m6
#material: 7.000 0.000 1.000 0.000 m7
#material: 8.000 0.000 1.000 0.000 m8
#material: 9.000 0.000 1.000 0.000 m9
#material: 10.000 0.000 1.000 0.000 m10
#material: 11.000 0.000 1.000 0.000 m11
#material: 12.000 0.000 1.000 0.000 m12
#material: 13.000 0.000 1.000 0.000 m13
#material: 14.000 0.000 1.000 0.000 m14
#material: 15.000 0.000 1.000 0.000 m15
#material: 16.000 0.000 1.000 0.000 m16
#material: 17.000 0.000 1.000 0.000 m17
#material: 18.000 0.000 1.000 0.000 m18
#material: 19.000 0.000 1.000 0.000 m19
#material: 20.000 0.000 1.000 0.000 m20

#box: 0.000 0.000 0.000 1.200 0.250 0.002 concrete

#cylinder: 0.540 0.207 0.000 0.540 0.207 0.002 0.010 m15
#cylinder: 0.515 0.216 0.000 0.515 0.216 0.002 0.005 m1
#cylinder: 0.983 0.136 0.000 0.983 0.136 0.002 0.006 m10
#cylinder: 1.016 0.188 0.000 1.016 0.188 0.002 0.009 m8
#cylinder: 0.389 0.152 0.000 0.389 0.152 0.002 0.003 m13
#cylinder: 1.056 0.121 0.000 1.056 0.121 0.002 0.003 m5
#cylinder: 0.644 0.127 0.000 0.644 0.127 0.002 0.003 m6
#cylinder: 0.517 0.178 0.000 0.517 0.178 0.002 0.006 m2
#cylinder: 0.172 0.166 0.000 0.172 0.166 0.002 0.004 m9
#cylinder: 0.140 0.187 0.000 0.140 0.187 0.002 0.004 m5
#cylinder: 0.700 0.115 0.000 0.700 0.115 0.002 0.007 m13
#cylinder: 1.051 0.142 0.000 1.051 0.142 0.002 0.004 m18
#cylinder: 0.900 0.199 0.000 0.900 0.199 0.002 0.003 m9
#cylinder: 0.852 0.218 0.000 0.852 0.218 0.002 0.007 m10
#cylinder: 0.017 0.146 0.000 0.017 0.146 0.002 0.002 m20
#cylinder: 0.358 0.125 0.000 0.358 0.125 0.002 0.007 m16
#cylinder: 0.822 0.194 0.000 0.822 0.194 0.002 0.006 m5
#cylinder: 0.405 0.191 0.000 0.405 0.191 0.002 0.003 m17
#cylinder: 0.286 0.213 0.000 0.286 0.213 0.002 0.010 m2
#cylinder: 0.896 0.111 0.000 0.896 0.111 0.002 0.009 m12
#cylinder: 0.782 0.160 0.000 0.782 0.160 0.002 0.006 m5
#cylinder: 0.189 0.118 0.000 0.189 0.118 0.002 0.008 m19
#cylinder: 0.157 0.199 0.000 0.157 0.199 0.002 0.005 m3
#cylinder: 1.017 0.139 0.000 1.017 0.139 0.002 0.006 m20
#cylinder: 0.297 0.218 0.000 0.297 0.218 0.002 0.006 m7
#cylinder: 0.585 0.184 0.000 0.585 0.184 0.002 0.003 m5
#cylinder: 0.418 0.130 0.000 0.418 0.130 0.002 0.010 m19
#cylinder: 0.428 0.139 0.000 0.428 0.139 0.002 0.009 m13
#cylinder: 0.515 0.209 0.000 0.515 0.209 0.002 0.006 m1
#cylinder: 0.682 0.113 0.000 0.682 0.113 0.002 0.003 m16
#cylinder: 0.046 0.137 0.000 0.046 0.137 0.002 0.009 m3
#cylinder: 0.285 0.144 0.000 0.285 0.144 0.002 0.003 m4
#cylinder: 0.436 0.199 0.000 0.436 0.199 0.002 0.006 m15
#cylinder: 0.996 0.125 0.000 0.996 0.125 0.002 0.006 m13
#cylinder: 1.009 0.122 0.000 1.009 0.122 0.002 0.009 m20
#cylinder: 0.880 0.176 0.000 0.880 0.176 0.002 0.009 m14
#cylinder: 0.355 0.186 0.000 0.355 0.186 0.002 0.002 m9
#cylinder: 1.076 0.157 0.000 1.076 0.157 0.002 0.009 m15
#cylinder: 0.690 0.202 0.000 0.690 0.202 0.002 0.008 m17
#cylinder: 0.740 0.132 0.000 0.740 0.132 0.002 0.004 m16
#cylinder: 0.692 0.114 0.000 0.692 0.114 0.002 0.007 m16
#cylinder: 0.819 0.210 0.000 0.819 0.210 0.002 0.008 m3
#cylinder: 0.583 0.125 0.000 0.583 0.125 0.002 0.004 m13
#cylinder: 0.201 0.102 0.000 0.201 0.102 0.002 0.009 m8
#cylinder: 0.938 0.205 0.000 0.938 0.205 0.002 0.005 m1
#cylinder: 0.395 0.142 0.000 0.395 0.142 0.002 0.004 m20
#cylinder: 0.013 0.112 0.000 0.013 0.112 0.002 0.004 m6
#cylinder: 0.993 0.214 0.000 0.993 0.214 0.002 0.003 m11
#cylinder: 1.047 0.220 0.000 1.047 0.220 0.002 0.008 m17
#cylinder: 0.410 0.108 0.000 0.410 0.108 0.002 0.004 m13
#cylinder: 0.492 0.135 0.000 0.492 0.135 0.002 0.003 m4
#cylinder: 0.221 0.119 0.000 0.221 0.119 0.002 0.006 m17
#cylinder: 0.497 0.164 0.000 0.497 0.164 0.002 0.006 m16
#cylinder: 0.210 0.159 0.000 0.210 0.159 0.002 0.008 m10
#cylinder: 0.873 0.219 0.000 0.873 0.219 0.002 0.009 m17
#cylinder: 1.002 0.219 0.000 1.002 0.219 0.002 0.009 m4
#cylinder: 0.086 0.141 0.000 0.086 0.141 0.002 0.005 m3
#cylinder: 0.550 0.152 0.000 0.550 0.152 0.002 0.006 m20
#cylinder: 0.753 0.189 0.000 0.753 0.189 0.002 0.002 m4
#cylinder: 0.081 0.209 0.000 0.081 0.209 0.002 0.005 m17
#cylinder: 0.656 0.129 0.000 0.656 0.129 0.002 0.003 m2
#cylinder: 0.210 0.164 0.000 0.210 0.164 0.002 0.006 m8
#cylinder: 1.022 0.142 0.000 1.022 0.142 0.002 0.004 m9
#cylinder: 0.576 0.132 0.000 0.576 0.132 0.002 0.007 m12
#cylinder: 0.292 0.126 0.000 0.292 0.126 0.002 0.007 m16
#cylinder: 0.610 0.170 0.000 0.610 0.170 0.002 0.006 m11
#cylinder: 0.999 0.205 0.000 0.999 0.205 0.002 0.005 m12
#cylinder: 0.042 0.173 0.000 0.042 0.173 0.002 0.008 m17
#cylinder: 0.713 0.132 0.000 0.713 0.132 0.002 0.009 m16
#cylinder: 0.501 0.113 0.000 0.501 0.113 0.002 0.002 m17
#cylinder: 0.505 0.156 0.000 0.505 0.156 0.002 0.004 m6
#cylinder: 0.137 0.179 0.000 0.137 0.179 0.002 0.006 m20
#cylinder: 0.447 0.154 0.000 0.447 0.154 0.002 0.009 m8
#cylinder: 0.282 0.120 0.000 0.282 0.120 0.002 0.004 m6
#cylinder: 0.765 0.140 0.000 0.765 0.140 0.002 0.005 m9
#cylinder: 0.853 0.148 0.000 0.853 0.148 0.002 0.006 m20
#cylinder: 0.520 0.126 0.000 0.520 0.126 0.002 0.007 m15
#cylinder: 0.285 0.118 0.000 0.285 0.118 0.002 0.009 m20
#cylinder: 1.067 0.200 0.000 1.067 0.200 0.002 0.010 m17
#cylinder: 0.257 0.167 0.000 0.257 0.167 0.002 0.005 m7
#cylinder: 1.018 0.188 0.000 1.018 0.188 0.002 0.009 m20
#cylinder: 0.375 0.127 0.000 0.375 0.127 0.002 0.003 m15
#cylinder: 0.024 0.215 0.000 0.024 0.215 0.002 0.004 m17
#cylinder: 0.444 0.113 0.000 0.444 0.113 0.002 0.003 m15
#cylinder: 0.787 0.216 0.000 0.787 0.216 0.002 0.005 m9
#cylinder: 1.022 0.123 0.000 1.022 0.123 0.002 0.009 m20
#cylinder: 0.742 0.130 0.000 0.742 0.130 0.002 0.004 m7
#cylinder: 0.530 0.178 0.000 0.530 0.178 0.002 0.009 m7
#cylinder: 0.426 0.130 0.000 0.426 0.130 0.002 0.005 m15
#cylinder: 0.110 0.219 0.000 0.110 0.219 0.002 0.008 m19
#cylinder: 0.088 0.189 0.000 0.088 0.189 0.002 0.009 m11
#cylinder: 0.917 0.127 0.000 0.917 0.127 0.002 0.004 m4
#cylinder: 0.744 0.219 0.000 0.744 0.219 0.002 0.007 m7
#cylinder: 0.461 0.165 0.000 0.461 0.165 0.002 0.002 m12
#cylinder: 0.527 0.145 0.000 0.527 0.145 0.002 0.009 m15
#cylinder: 0.619 0.116 0.000 0.619 0.116 0.002 0.003 m19
#cylinder: 0.552 0.135 0.000 0.552 0.135 0.002 0.010 m19
#cylinder: 0.127 0.157 0.000 0.127 0.157 0.002 0.004 m8
#cylinder: 0.850 0.184 0.000 0.850 0.184 0.002 0.004 m20
#cylinder: 0.485 0.177 0.000 0.485 0.177 0.002 0.002 m5
#cylinder: 0.317 0.211 0.000 0.317 0.211 0.002 0.010 m13
#cylinder: 0.139 0.102 0.000 0.139 0.102 0.002 0.010 m6
#cylinder: 1.051 0.153 0.000 1.051 0.153 0.002 0.003 m7
#cylinder: 0.081 0.181 0.000 0.081 0.181 0.002 0.002 m5
#cylinder: 0.771 0.123 0.000 0.771 0.123 0.002 0.005 m12
#cylinder: 0.254 0.179 0.000 0.254 0.179 0.002 0.003 m13
#cylinder: 1.055 0.212 0.000 1.055 0.212 0.002 0.005 m20
#cylinder: 0.270 0.103 0.000 0.270 0.103 0.002 0.009 m16
#cylinder: 0.394 0.142 0.000 0.394 0.142 0.002 0.004 m6
#cylinder: 0.835 0.148 0.000 0.835 0.148 0.002 0.005 m12
#cylinder: 0.310 0.202 0.000 0.310 0.202 0.002 0.008 m11
#cylinder: 0.473 0.186 0.000 0.473 0.186 0.002 0.009 m5
#cylinder: 0.144 0.112 0.000 0.144 0.112 0.002 0.009 m1
#cylinder: 0.682 0.137 0.000 0.682 0.137 0.002 0.005 m19
#cylinder: 0.876 0.117 0.000 0.876 0.117 0.002 0.007 m17
#cylinder: 0.378 0.214 0.000 0.378 0.214 0.002 0.008 m13
#cylinder: 0.897 0.146 0.000 0.897 0.146 0.002 0.009 m13
#cylinder: 1.067 0.105 0.000 1.067 0.105 0.002 0.003 m17
#cylinder: 0.559 0.185 0.000 0.559 0.185 0.002 0.004 m19
#cylinder: 0.900 0.146 0.000 0.900 0.146 0.002 0.006 m16
#cylinder: 0.240 0.192 0.000 0.240 0.192 0.002 0.010 m2
#cylinder: 0.287 0.205 0.000 0.287 0.205 0.002 0.004 m15
#cylinder: 0.801 0.166 0.000 0.801 0.166 0.002 0.002 m17
#cylinder: 0.653 0.194 0.000 0.653 0.194 0.002 0.007 m15
#cylinder: 0.102 0.189 0.000 0.102 0.189 0.002 0.003 m3
#cylinder: 0.319 0.133 0.000 0.319 0.133 0.002 0.008 m7
#cylinder: 0.503 0.196 0.000 0.503 0.196 0.002 0.005 m11
#cylinder: 0.333 0.187 0.000 0.333 0.187 0.002 0.009 m6
#cylinder: 0.838 0.201 0.000 0.838 0.201 0.002 0.009 m4
#cylinder: 0.404 0.215 0.000 0.404 0.215 0.002 0.006 m18
#cylinder: 0.247 0.199 0.000 0.247 0.199 0.002 0.003 m3
#cylinder: 0.568 0.173 0.000 0.568 0.173 0.002 0.004 m19
#cylinder: 0.696 0.142 0.000 0.696 0.142 0.002 0.007 m14
#cylinder: 0.736 0.114 0.000 0.736 0.114 0.002 0.008 m6
#cylinder: 0.923 0.179 0.000 0.923 0.179 0.002 0.009 m16
#cylinder: 0.098 0.164 0.000 0.098 0.164 0.002 0.004 m6
#cylinder: 0.997 0.211 0.000 0.997 0.211 0.002 0.009 m18
#cylinder: 0.093 0.116 0.000 0.093 0.116 0.002 0.002 m6
#cylinder: 0.856 0.165 0.000 0.856 0.165 0.002 0.002 m19
#cylinder: 0.054 0.172 0.000 0.054 0.172 0.002 0.009 m13
#cylinder: 0.512 0.201 0.000 0.512 0.201 0.002 0.004 m1
#cylinder: 0.702 0.193 0.000 0.702 0.193 0.002 0.007 m4
#cylinder: 0.268 0.211 0.000 0.268 0.211 0.002 0.008 m11
#cylinder: 0.473 0.207 0.000 0.473 0.207 0.002 0.005 m12
#cylinder: 0.229 0.204 0.000 0.229 0.204 0.002 0.010 m20
#cylinder: 0.862 0.206 0.000 0.862 0.206 0.002 0.007 m7
#cylinder: 0.675 0.180 0.000 0.675 0.180 0.002 0.005 m20
#cylinder: 0.639 0.139 0.000 0.639 0.139 0.002 0.002 m13
#cylinder: 0.836 0.125 0.000 0.836 0.125 0.002 0.006 m19
#cylinder: 0.578 0.190 0.000 0.578 0.190 0.002 0.009 m16
#cylinder: 0.728 0.132 0.000 0.728 0.132 0.002 0.002 m18
#cylinder: 0.498 0.213 0.000 0.498 0.213 0.002 0.004 m11
#cylinder: 0.475 0.158 0.000 0.475 0.158 0.002 0.005 m14
#cylinder: 0.930 0.116 0.000 0.930 0.116 0.002 0.009 m11
#cylinder: 0.385 0.105 0.000 0.385 0.105 0.002 0.004 m12
#cylinder: 0.983 0.109 0.000 0.983 0.109 0.002 0.007 m20
#cylinder: 0.008 0.211 0.000 0.008 0.211 0.002 0.008 m12
#cylinder: 0.422 0.203 0.000 0.422 0.203 0.002 0.006 m8
#cylinder: 0.535 0.117 0.000 0.535 0.117 0.002 0.005 m17
#cylinder: 0.216 0.106 0.000 0.216 0.106 0.002 0.008 m7
#cylinder: 0.785 0.129 0.000 0.785 0.129 0.002 0.004 m18
#cylinder: 0.274 0.141 0.000 0.274 0.141 0.002 0.008 m11
#cylinder: 0.802 0.207 0.000 0.802 0.207 0.002 0.009 m15
#cylinder: 0.543 0.200 0.000 0.543 0.200 0.002 0.008 m5
#cylinder: 0.214 0.193 0.000 0.214 0.193 0.002 0.004 m7
#cylinder: 0.433 0.154 0.000 0.433 0.154 0.002 0.009 m15
#cylinder: 0.944 0.179 0.000 0.944 0.179 0.002 0.009 m13
#cylinder: 0.280 0.198 0.000 0.280 0.198 0.002 0.004 m10
#cylinder: 0.530 0.122 0.000 0.530 0.122 0.002 0.008 m19
#cylinder: 0.794 0.132 0.000 0.794 0.132 0.002 0.003 m2
#cylinder: 0.228 0.170 0.000 0.228 0.170 0.002 0.008 m11
#cylinder: 0.478 0.136 0.000 0.478 0.136 0.002 0.006 m18
#cylinder: 0.827 0.202 0.000 0.827 0.202 0.002 0.009 m13
#cylinder: 0.167 0.196 0.000 0.167 0.196 0.002 0.003 m3
#cylinder: 0.243 0.171 0.000 0.243 0.171 0.002 0.004 m11
#cylinder: 0.589 0.113 0.000 0.589 0.113 0.002 0.004 m18
#cylinder: 0.312 0.159 0.000 0.312 0.159 0.002 0.009 m3
#cylinder: 0.294 0.130 0.000 0.294 0.130 0.002 0.006 m5
#cylinder: 0.084 0.192 0.000 0.084 0.192 0.002 0.009 m11
#cylinder: 0.216 0.159 0.000 0.216 0.159 0.002 0.009 m2
#cylinder: 1.059 0.133 0.000 1.059 0.133 0.002 0.008 m19
#cylinder: 0.534 0.130 0.000 0.534 0.130 0.002 0.007 m14
#cylinder: 0.094 0.202 0.000 0.094 0.202 0.002 0.004 m11
#cylinder: 0.983 0.131 0.000 0.983 0.131 0.002 0.010 m10
#cylinder: 0.366 0.216 0.000 0.366 0.216 0.002 0.007 m18
#cylinder: 0.171 0.172 0.000 0.171 0.172 0.002 0.002 m1
#cylinder: 0.871 0.176 0.000 0.871 0.176 0.002 0.010 m8
#cylinder: 0.609 0.208 0.000 0.609 0.208 0.002 0.008 m1
#cylinder: 0.202 0.220 0.000 0.202 0.220 0.002 0.008 m14
#cylinder: 0.694 0.134 0.000 0.694 0.134 0.002 0.008 m7
#cylinder: 0.315 0.220 0.000 0.315 0.220 0.002 0.007 m4
#cylinder: 0.687 0.163 0.000 0.687 0.163 0.002 0.009 m1
#cylinder: 0.887 0.183 0.000 0.887 0.183 0.002 0.010 m5
#cylinder: 1.097 0.204 0.000 1.097 0.204 0.002 0.002 m2
#cylinder: 0.729 0.207 0.000 0.729 0.207 0.002 0.009 m17
#cylinder: 0.695 0.174 0.000 0.695 0.174 0.002 0.007 m12
#cylinder: 0.530 0.179 0.000 0.530 0.179 0.002 0.003 m1
#cylinder: 0.342 0.122 0.000 0.342 0.122 0.002 0.006 m16
#cylinder: 0.865 0.201 0.000 0.865 0.201 0.002 0.003 m20
#cylinder: 0.603 0.176 0.000 0.603 0.176 0.002 0.003 m20
