testingplz 
#domain: 10.200 0.300 0.002 
#dx_dy_dz: 0.002 0.002 0.002 
#time_window: 5.000000e-09 

#excitation_file: mala_source_modified.txt 
#hertzian_dipole: z 0.080 0.250 0 mala_source 
#rx: 0.120 0.250 0.000 
#src_steps: 0.002 0.000 0.000 
#rx_steps: 0.002 0.000 0.000 

#material: 5.000 0.220 1.000 0.000 concrete
#material: 1.000 0.000 1.000 0.000 air
#material: 80.000 0.500 1.000 0.000 water

#material: 1.000 0.000 1.000 0.000 m1
#material: 2.000 0.000 1.000 0.000 m2
#material: 3.000 0.000 1.000 0.000 m3
#material: 4.000 0.000 1.000 0.000 m4
#material: 5.000 0.000 1.000 0.000 m5
#material: 6.000 0.000 1.000 0.000 m6
#material: 7.000 0.000 1.000 0.000 m7
#material: 8.000 0.000 1.000 0.000 m8
#material: 9.000 0.000 1.000 0.000 m9
#material: 10.000 0.000 1.000 0.000 m10
#material: 11.000 0.000 1.000 0.000 m11
#material: 12.000 0.000 1.000 0.000 m12
#material: 13.000 0.000 1.000 0.000 m13
#material: 14.000 0.000 1.000 0.000 m14
#material: 15.000 0.000 1.000 0.000 m15
#material: 16.000 0.000 1.000 0.000 m16
#material: 17.000 0.000 1.000 0.000 m17
#material: 18.000 0.000 1.000 0.000 m18
#material: 19.000 0.000 1.000 0.000 m19
#material: 20.000 0.000 1.000 0.000 m20

#box: 0.000 0.000 0.000 10.200 0.250 0.002 concrete

#cylinder: 1.253 0.100 0.000 1.253 0.100 0.002 0.005 m9
#cylinder: 6.513 0.170 0.000 6.513 0.170 0.002 0.004 m14
#cylinder: 9.889 0.204 0.000 9.889 0.204 0.002 0.002 m2
#cylinder: 8.868 0.185 0.000 8.868 0.185 0.002 0.005 m6
#cylinder: 4.797 0.200 0.000 4.797 0.200 0.002 0.010 m19
#cylinder: 7.649 0.128 0.000 7.649 0.128 0.002 0.009 m16
#cylinder: 0.466 0.177 0.000 0.466 0.177 0.002 0.004 m14
#cylinder: 8.398 0.187 0.000 8.398 0.187 0.002 0.009 m8
#cylinder: 1.083 0.186 0.000 1.083 0.186 0.002 0.010 m11
#cylinder: 8.599 0.104 0.000 8.599 0.104 0.002 0.006 m14
#cylinder: 8.588 0.107 0.000 8.588 0.107 0.002 0.005 m13
#cylinder: 5.000 0.140 0.000 5.000 0.140 0.002 0.004 m9
#cylinder: 7.685 0.172 0.000 7.685 0.172 0.002 0.004 m13
#cylinder: 8.466 0.128 0.000 8.466 0.128 0.002 0.005 m16
#cylinder: 0.566 0.160 0.000 0.566 0.160 0.002 0.004 m11
#cylinder: 7.229 0.109 0.000 7.229 0.109 0.002 0.009 m3
#cylinder: 8.592 0.145 0.000 8.592 0.145 0.002 0.003 m10
#cylinder: 3.964 0.172 0.000 3.964 0.172 0.002 0.003 m7
#cylinder: 5.716 0.178 0.000 5.716 0.178 0.002 0.006 m19
#cylinder: 9.609 0.134 0.000 9.609 0.134 0.002 0.003 m8
#cylinder: 3.856 0.215 0.000 3.856 0.215 0.002 0.010 m16
#cylinder: 0.520 0.174 0.000 0.520 0.174 0.002 0.010 m10
#cylinder: 2.463 0.213 0.000 2.463 0.213 0.002 0.002 m10
#cylinder: 1.696 0.134 0.000 1.696 0.134 0.002 0.009 m3
#cylinder: 0.782 0.188 0.000 0.782 0.188 0.002 0.003 m2
#cylinder: 3.781 0.194 0.000 3.781 0.194 0.002 0.010 m18
#cylinder: 1.941 0.187 0.000 1.941 0.187 0.002 0.009 m12
#cylinder: 5.460 0.125 0.000 5.460 0.125 0.002 0.004 m2
#cylinder: 9.532 0.176 0.000 9.532 0.176 0.002 0.010 m4
#cylinder: 8.031 0.145 0.000 8.031 0.145 0.002 0.003 m3
#cylinder: 9.782 0.136 0.000 9.782 0.136 0.002 0.003 m20
#cylinder: 7.403 0.133 0.000 7.403 0.133 0.002 0.004 m1
#cylinder: 4.777 0.174 0.000 4.777 0.174 0.002 0.002 m9
#cylinder: 8.120 0.217 0.000 8.120 0.217 0.002 0.009 m12
#cylinder: 5.339 0.200 0.000 5.339 0.200 0.002 0.008 m17
#cylinder: 2.494 0.118 0.000 2.494 0.118 0.002 0.004 m4
#cylinder: 7.449 0.143 0.000 7.449 0.143 0.002 0.004 m1
#cylinder: 1.818 0.138 0.000 1.818 0.138 0.002 0.004 m5
#cylinder: 8.450 0.155 0.000 8.450 0.155 0.002 0.009 m1
#cylinder: 4.654 0.215 0.000 4.654 0.215 0.002 0.005 m11
#cylinder: 4.374 0.173 0.000 4.374 0.173 0.002 0.006 m19
#cylinder: 7.295 0.170 0.000 7.295 0.170 0.002 0.004 m8
#cylinder: 0.852 0.124 0.000 0.852 0.124 0.002 0.007 m6
#cylinder: 2.114 0.144 0.000 2.114 0.144 0.002 0.007 m9
#cylinder: 2.406 0.197 0.000 2.406 0.197 0.002 0.007 m19
#cylinder: 8.236 0.127 0.000 8.236 0.127 0.002 0.006 m18
#cylinder: 6.362 0.161 0.000 6.362 0.161 0.002 0.005 m8
#cylinder: 7.504 0.104 0.000 7.504 0.104 0.002 0.006 m4
#cylinder: 6.355 0.178 0.000 6.355 0.178 0.002 0.007 m16
#cylinder: 0.976 0.148 0.000 0.976 0.148 0.002 0.005 m4
#cylinder: 4.495 0.160 0.000 4.495 0.160 0.002 0.004 m14
#cylinder: 9.409 0.180 0.000 9.409 0.180 0.002 0.007 m15
#cylinder: 7.546 0.151 0.000 7.546 0.151 0.002 0.007 m8
#cylinder: 1.747 0.201 0.000 1.747 0.201 0.002 0.004 m20
#cylinder: 6.581 0.124 0.000 6.581 0.124 0.002 0.004 m11
#cylinder: 2.501 0.110 0.000 2.501 0.110 0.002 0.007 m16
#cylinder: 8.795 0.130 0.000 8.795 0.130 0.002 0.005 m9
#cylinder: 8.092 0.205 0.000 8.092 0.205 0.002 0.004 m8
#cylinder: 6.407 0.151 0.000 6.407 0.151 0.002 0.003 m19
#cylinder: 9.880 0.129 0.000 9.880 0.129 0.002 0.010 m8
#cylinder: 2.394 0.169 0.000 2.394 0.169 0.002 0.009 m3
#cylinder: 4.829 0.206 0.000 4.829 0.206 0.002 0.004 m15
#cylinder: 1.089 0.111 0.000 1.089 0.111 0.002 0.010 m6
#cylinder: 2.259 0.172 0.000 2.259 0.172 0.002 0.003 m13
#cylinder: 0.604 0.146 0.000 0.604 0.146 0.002 0.009 m15
#cylinder: 8.022 0.168 0.000 8.022 0.168 0.002 0.005 m5
#cylinder: 5.328 0.122 0.000 5.328 0.122 0.002 0.002 m10
#cylinder: 3.236 0.143 0.000 3.236 0.143 0.002 0.004 m15
#cylinder: 0.120 0.169 0.000 0.120 0.169 0.002 0.007 m8
#cylinder: 6.325 0.131 0.000 6.325 0.131 0.002 0.003 m18
#cylinder: 8.795 0.115 0.000 8.795 0.115 0.002 0.005 m20
#cylinder: 1.385 0.202 0.000 1.385 0.202 0.002 0.009 m3
#cylinder: 3.559 0.175 0.000 3.559 0.175 0.002 0.007 m17
#cylinder: 5.069 0.203 0.000 5.069 0.203 0.002 0.006 m11
#cylinder: 0.824 0.140 0.000 0.824 0.140 0.002 0.006 m6
#cylinder: 5.135 0.208 0.000 5.135 0.208 0.002 0.010 m9
#cylinder: 8.458 0.197 0.000 8.458 0.197 0.002 0.010 m12
#cylinder: 6.816 0.158 0.000 6.816 0.158 0.002 0.007 m10
#cylinder: 8.168 0.186 0.000 8.168 0.186 0.002 0.004 m7
#cylinder: 1.645 0.102 0.000 1.645 0.102 0.002 0.003 m15
#cylinder: 0.393 0.185 0.000 0.393 0.185 0.002 0.002 m2
#cylinder: 9.567 0.156 0.000 9.567 0.156 0.002 0.007 m10
#cylinder: 3.908 0.212 0.000 3.908 0.212 0.002 0.003 m13
#cylinder: 8.747 0.144 0.000 8.747 0.144 0.002 0.007 m2
#cylinder: 8.905 0.129 0.000 8.905 0.129 0.002 0.009 m3
#cylinder: 1.777 0.173 0.000 1.777 0.173 0.002 0.002 m20
#cylinder: 4.972 0.145 0.000 4.972 0.145 0.002 0.005 m20
#cylinder: 5.829 0.152 0.000 5.829 0.152 0.002 0.009 m18
#cylinder: 8.176 0.157 0.000 8.176 0.157 0.002 0.009 m19
#cylinder: 5.674 0.203 0.000 5.674 0.203 0.002 0.009 m16
#cylinder: 5.395 0.140 0.000 5.395 0.140 0.002 0.003 m15
#cylinder: 8.608 0.210 0.000 8.608 0.210 0.002 0.010 m2
#cylinder: 2.450 0.158 0.000 2.450 0.158 0.002 0.008 m4
#cylinder: 3.561 0.178 0.000 3.561 0.178 0.002 0.004 m5
#cylinder: 7.092 0.105 0.000 7.092 0.105 0.002 0.005 m13
#cylinder: 2.285 0.210 0.000 2.285 0.210 0.002 0.007 m5
#cylinder: 6.742 0.181 0.000 6.742 0.181 0.002 0.006 m3
#cylinder: 6.561 0.149 0.000 6.561 0.149 0.002 0.004 m6
#cylinder: 1.452 0.103 0.000 1.452 0.103 0.002 0.009 m1
#cylinder: 3.377 0.162 0.000 3.377 0.162 0.002 0.009 m11
#cylinder: 5.482 0.128 0.000 5.482 0.128 0.002 0.009 m18
#cylinder: 0.814 0.151 0.000 0.814 0.151 0.002 0.004 m7
#cylinder: 9.447 0.162 0.000 9.447 0.162 0.002 0.002 m20
#cylinder: 9.811 0.162 0.000 9.811 0.162 0.002 0.005 m19
#cylinder: 5.590 0.147 0.000 5.590 0.147 0.002 0.006 m7
#cylinder: 4.857 0.204 0.000 4.857 0.204 0.002 0.002 m11
#cylinder: 1.425 0.149 0.000 1.425 0.149 0.002 0.002 m7
#cylinder: 0.153 0.178 0.000 0.153 0.178 0.002 0.010 m19
#cylinder: 3.768 0.198 0.000 3.768 0.198 0.002 0.006 m19
#cylinder: 6.350 0.119 0.000 6.350 0.119 0.002 0.007 m1
#cylinder: 3.340 0.108 0.000 3.340 0.108 0.002 0.007 m14
#cylinder: 3.271 0.104 0.000 3.271 0.104 0.002 0.004 m5
#cylinder: 0.127 0.176 0.000 0.127 0.176 0.002 0.003 m20
#cylinder: 9.031 0.104 0.000 9.031 0.104 0.002 0.010 m16
#cylinder: 6.964 0.187 0.000 6.964 0.187 0.002 0.008 m1
#cylinder: 4.314 0.197 0.000 4.314 0.197 0.002 0.005 m6
#cylinder: 2.612 0.109 0.000 2.612 0.109 0.002 0.009 m4
#cylinder: 9.680 0.109 0.000 9.680 0.109 0.002 0.003 m15
#cylinder: 5.891 0.207 0.000 5.891 0.207 0.002 0.004 m17
#cylinder: 9.642 0.147 0.000 9.642 0.147 0.002 0.009 m18
#cylinder: 0.882 0.150 0.000 0.882 0.150 0.002 0.002 m14
#cylinder: 7.215 0.211 0.000 7.215 0.211 0.002 0.006 m16
#cylinder: 0.206 0.154 0.000 0.206 0.154 0.002 0.007 m16
#cylinder: 7.619 0.197 0.000 7.619 0.197 0.002 0.007 m8
#cylinder: 0.896 0.216 0.000 0.896 0.216 0.002 0.004 m8
#cylinder: 5.700 0.200 0.000 5.700 0.200 0.002 0.005 m4
#cylinder: 8.361 0.160 0.000 8.361 0.160 0.002 0.009 m15
#cylinder: 0.196 0.143 0.000 0.196 0.143 0.002 0.007 m14
#cylinder: 1.450 0.111 0.000 1.450 0.111 0.002 0.007 m20
#cylinder: 8.459 0.220 0.000 8.459 0.220 0.002 0.004 m10
#cylinder: 7.143 0.117 0.000 7.143 0.117 0.002 0.003 m20
#cylinder: 5.427 0.103 0.000 5.427 0.103 0.002 0.009 m15
#cylinder: 1.788 0.200 0.000 1.788 0.200 0.002 0.005 m14
#cylinder: 7.501 0.178 0.000 7.501 0.178 0.002 0.002 m16
#cylinder: 7.987 0.198 0.000 7.987 0.198 0.002 0.010 m5
#cylinder: 0.623 0.216 0.000 0.623 0.216 0.002 0.007 m18
#cylinder: 5.319 0.170 0.000 5.319 0.170 0.002 0.006 m17
#cylinder: 0.612 0.180 0.000 0.612 0.180 0.002 0.007 m11
#cylinder: 2.672 0.192 0.000 2.672 0.192 0.002 0.006 m14
#cylinder: 7.257 0.208 0.000 7.257 0.208 0.002 0.009 m9
#cylinder: 0.003 0.189 0.000 0.003 0.189 0.002 0.005 m6
#cylinder: 4.864 0.201 0.000 4.864 0.201 0.002 0.005 m19
#cylinder: 1.084 0.119 0.000 1.084 0.119 0.002 0.008 m12
#cylinder: 4.032 0.198 0.000 4.032 0.198 0.002 0.003 m18
#cylinder: 5.975 0.129 0.000 5.975 0.129 0.002 0.004 m7
#cylinder: 5.340 0.197 0.000 5.340 0.197 0.002 0.009 m1
#cylinder: 7.951 0.201 0.000 7.951 0.201 0.002 0.004 m10
#cylinder: 6.149 0.218 0.000 6.149 0.218 0.002 0.006 m16
#cylinder: 6.431 0.189 0.000 6.431 0.189 0.002 0.007 m3
#cylinder: 8.389 0.156 0.000 8.389 0.156 0.002 0.004 m11
#cylinder: 9.850 0.209 0.000 9.850 0.209 0.002 0.004 m16
#cylinder: 8.676 0.194 0.000 8.676 0.194 0.002 0.002 m1
#cylinder: 2.403 0.135 0.000 2.403 0.135 0.002 0.004 m1
#cylinder: 0.288 0.204 0.000 0.288 0.204 0.002 0.007 m18
#cylinder: 7.817 0.108 0.000 7.817 0.108 0.002 0.009 m5
#cylinder: 6.926 0.163 0.000 6.926 0.163 0.002 0.005 m15
#cylinder: 0.582 0.190 0.000 0.582 0.190 0.002 0.008 m2
#cylinder: 9.886 0.216 0.000 9.886 0.216 0.002 0.004 m7
#cylinder: 9.480 0.206 0.000 9.480 0.206 0.002 0.002 m12
#cylinder: 1.096 0.187 0.000 1.096 0.187 0.002 0.008 m15
#cylinder: 6.750 0.105 0.000 6.750 0.105 0.002 0.002 m5
#cylinder: 9.256 0.103 0.000 9.256 0.103 0.002 0.010 m20
#cylinder: 4.695 0.125 0.000 4.695 0.125 0.002 0.008 m6
#cylinder: 8.097 0.209 0.000 8.097 0.209 0.002 0.010 m5
#cylinder: 1.109 0.149 0.000 1.109 0.149 0.002 0.009 m3
#cylinder: 9.614 0.179 0.000 9.614 0.179 0.002 0.009 m7
#cylinder: 0.251 0.169 0.000 0.251 0.169 0.002 0.006 m16
#cylinder: 9.130 0.209 0.000 9.130 0.209 0.002 0.009 m1
#cylinder: 7.307 0.117 0.000 7.307 0.117 0.002 0.003 m1
#cylinder: 6.478 0.116 0.000 6.478 0.116 0.002 0.004 m12
#cylinder: 5.243 0.128 0.000 5.243 0.128 0.002 0.009 m11
#cylinder: 3.926 0.208 0.000 3.926 0.208 0.002 0.003 m1
#cylinder: 5.397 0.181 0.000 5.397 0.181 0.002 0.003 m9
#cylinder: 8.625 0.173 0.000 8.625 0.173 0.002 0.009 m6
#cylinder: 9.445 0.103 0.000 9.445 0.103 0.002 0.006 m12
#cylinder: 9.509 0.195 0.000 9.509 0.195 0.002 0.006 m8
#cylinder: 0.136 0.131 0.000 0.136 0.131 0.002 0.003 m17
#cylinder: 4.184 0.182 0.000 4.184 0.182 0.002 0.007 m1
#cylinder: 9.990 0.160 0.000 9.990 0.160 0.002 0.007 m19
#cylinder: 2.122 0.164 0.000 2.122 0.164 0.002 0.008 m19
#cylinder: 8.257 0.197 0.000 8.257 0.197 0.002 0.006 m17
#cylinder: 9.983 0.179 0.000 9.983 0.179 0.002 0.004 m17
#cylinder: 0.339 0.107 0.000 0.339 0.107 0.002 0.006 m19
#cylinder: 2.647 0.181 0.000 2.647 0.181 0.002 0.009 m9
#cylinder: 3.795 0.209 0.000 3.795 0.209 0.002 0.006 m19
#cylinder: 2.033 0.187 0.000 2.033 0.187 0.002 0.007 m8
#cylinder: 1.266 0.121 0.000 1.266 0.121 0.002 0.010 m17
#cylinder: 2.345 0.142 0.000 2.345 0.142 0.002 0.006 m15
#cylinder: 5.847 0.182 0.000 5.847 0.182 0.002 0.006 m4
#cylinder: 1.645 0.214 0.000 1.645 0.214 0.002 0.004 m7
#cylinder: 1.557 0.105 0.000 1.557 0.105 0.002 0.009 m19
#cylinder: 8.228 0.138 0.000 8.228 0.138 0.002 0.009 m16
#cylinder: 9.739 0.192 0.000 9.739 0.192 0.002 0.009 m4
#cylinder: 4.329 0.167 0.000 4.329 0.167 0.002 0.004 m15
#cylinder: 3.946 0.151 0.000 3.946 0.151 0.002 0.004 m13
#cylinder: 1.262 0.186 0.000 1.262 0.186 0.002 0.005 m15
#cylinder: 4.044 0.213 0.000 4.044 0.213 0.002 0.009 m5
#cylinder: 0.630 0.105 0.000 0.630 0.105 0.002 0.006 m12
#cylinder: 8.389 0.127 0.000 8.389 0.127 0.002 0.004 m9
#cylinder: 6.882 0.138 0.000 6.882 0.138 0.002 0.002 m14
