testingplz 
#domain: 1.200 0.300 0.002 
#dx_dy_dz: 0.002 0.002 0.002 
#time_window: 5.000000e-09 

#excitation_file: mala_source_modified.txt 
#hertzian_dipole: z 0.080 0.250 0 mala_source 
#rx: 0.120 0.250 0.000 
#src_steps: 0.002 0.000 0.000 
#rx_steps: 0.002 0.000 0.000 

#material: 5.000 0.220 1.000 0.000 concrete
#material: 1.000 0.000 1.000 0.000 air
#material: 80.000 0.500 1.000 0.000 water

#material: 1.000 0.000 1.000 0.000 m1
#material: 2.000 0.000 1.000 0.000 m2
#material: 3.000 0.000 1.000 0.000 m3
#material: 4.000 0.000 1.000 0.000 m4
#material: 5.000 0.000 1.000 0.000 m5
#material: 6.000 0.000 1.000 0.000 m6
#material: 7.000 0.000 1.000 0.000 m7
#material: 8.000 0.000 1.000 0.000 m8
#material: 9.000 0.000 1.000 0.000 m9
#material: 10.000 0.000 1.000 0.000 m10
#material: 11.000 0.000 1.000 0.000 m11
#material: 12.000 0.000 1.000 0.000 m12
#material: 13.000 0.000 1.000 0.000 m13
#material: 14.000 0.000 1.000 0.000 m14
#material: 15.000 0.000 1.000 0.000 m15
#material: 16.000 0.000 1.000 0.000 m16
#material: 17.000 0.000 1.000 0.000 m17
#material: 18.000 0.000 1.000 0.000 m18
#material: 19.000 0.000 1.000 0.000 m19
#material: 20.000 0.000 1.000 0.000 m20

#box: 0.000 0.000 0.000 1.200 0.250 0.002 concrete

#cylinder: 0.469 0.174 0.000 0.469 0.174 0.002 0.003 m5
#cylinder: 0.647 0.117 0.000 0.647 0.117 0.002 0.007 m7
#cylinder: 0.987 0.118 0.000 0.987 0.118 0.002 0.003 m7
#cylinder: 0.963 0.220 0.000 0.963 0.220 0.002 0.008 m4
#cylinder: 0.733 0.137 0.000 0.733 0.137 0.002 0.008 m15
#cylinder: 0.379 0.195 0.000 0.379 0.195 0.002 0.007 m16
#cylinder: 0.211 0.190 0.000 0.211 0.190 0.002 0.010 m4
#cylinder: 0.952 0.159 0.000 0.952 0.159 0.002 0.005 m13
#cylinder: 0.714 0.126 0.000 0.714 0.126 0.002 0.009 m6
#cylinder: 0.056 0.126 0.000 0.056 0.126 0.002 0.007 m10
#cylinder: 0.688 0.169 0.000 0.688 0.169 0.002 0.004 m7
#cylinder: 0.920 0.116 0.000 0.920 0.116 0.002 0.004 m11
#cylinder: 1.096 0.166 0.000 1.096 0.166 0.002 0.003 m10
#cylinder: 0.093 0.214 0.000 0.093 0.214 0.002 0.007 m5
#cylinder: 0.111 0.117 0.000 0.111 0.117 0.002 0.007 m8
#cylinder: 0.053 0.158 0.000 0.053 0.158 0.002 0.009 m14
#cylinder: 0.809 0.105 0.000 0.809 0.105 0.002 0.005 m4
#cylinder: 0.421 0.129 0.000 0.421 0.129 0.002 0.007 m3
#cylinder: 0.542 0.169 0.000 0.542 0.169 0.002 0.009 m3
#cylinder: 0.578 0.155 0.000 0.578 0.155 0.002 0.006 m1
#cylinder: 0.987 0.160 0.000 0.987 0.160 0.002 0.010 m8
#cylinder: 0.543 0.202 0.000 0.543 0.202 0.002 0.005 m14
#cylinder: 0.356 0.152 0.000 0.356 0.152 0.002 0.009 m5
#cylinder: 0.740 0.195 0.000 0.740 0.195 0.002 0.005 m9
#cylinder: 1.015 0.179 0.000 1.015 0.179 0.002 0.010 m16
#cylinder: 0.524 0.167 0.000 0.524 0.167 0.002 0.002 m7
#cylinder: 0.940 0.101 0.000 0.940 0.101 0.002 0.002 m3
#cylinder: 1.052 0.124 0.000 1.052 0.124 0.002 0.006 m15
#cylinder: 0.058 0.205 0.000 0.058 0.205 0.002 0.008 m4
#cylinder: 0.010 0.203 0.000 0.010 0.203 0.002 0.006 m8
#cylinder: 0.773 0.164 0.000 0.773 0.164 0.002 0.008 m4
#cylinder: 0.598 0.158 0.000 0.598 0.158 0.002 0.007 m10
#cylinder: 0.012 0.122 0.000 0.012 0.122 0.002 0.005 m10
#cylinder: 0.219 0.215 0.000 0.219 0.215 0.002 0.003 m20
#cylinder: 0.503 0.173 0.000 0.503 0.173 0.002 0.004 m4
#cylinder: 0.626 0.124 0.000 0.626 0.124 0.002 0.004 m8
#cylinder: 0.393 0.213 0.000 0.393 0.213 0.002 0.008 m14
#cylinder: 0.116 0.208 0.000 0.116 0.208 0.002 0.003 m12
#cylinder: 0.441 0.218 0.000 0.441 0.218 0.002 0.004 m13
#cylinder: 0.253 0.133 0.000 0.253 0.133 0.002 0.009 m7
#cylinder: 0.874 0.156 0.000 0.874 0.156 0.002 0.010 m11
#cylinder: 0.455 0.130 0.000 0.455 0.130 0.002 0.010 m19
#cylinder: 0.720 0.115 0.000 0.720 0.115 0.002 0.003 m16
#cylinder: 0.840 0.168 0.000 0.840 0.168 0.002 0.008 m7
#cylinder: 0.616 0.192 0.000 0.616 0.192 0.002 0.004 m19
#cylinder: 0.893 0.143 0.000 0.893 0.143 0.002 0.004 m20
#cylinder: 0.651 0.187 0.000 0.651 0.187 0.002 0.003 m1
#cylinder: 0.446 0.214 0.000 0.446 0.214 0.002 0.006 m16
#cylinder: 0.044 0.180 0.000 0.044 0.180 0.002 0.006 m1
#cylinder: 0.863 0.177 0.000 0.863 0.177 0.002 0.005 m20
#cylinder: 0.428 0.151 0.000 0.428 0.151 0.002 0.003 m11
#cylinder: 0.165 0.132 0.000 0.165 0.132 0.002 0.009 m3
#cylinder: 0.423 0.138 0.000 0.423 0.138 0.002 0.009 m16
#cylinder: 0.486 0.174 0.000 0.486 0.174 0.002 0.005 m15
#cylinder: 0.751 0.122 0.000 0.751 0.122 0.002 0.008 m8
#cylinder: 1.064 0.172 0.000 1.064 0.172 0.002 0.005 m6
#cylinder: 0.474 0.147 0.000 0.474 0.147 0.002 0.007 m14
#cylinder: 0.291 0.185 0.000 0.291 0.185 0.002 0.006 m7
#cylinder: 0.367 0.105 0.000 0.367 0.105 0.002 0.002 m2
#cylinder: 0.024 0.213 0.000 0.024 0.213 0.002 0.007 m12
#cylinder: 0.367 0.188 0.000 0.367 0.188 0.002 0.004 m7
#cylinder: 0.076 0.109 0.000 0.076 0.109 0.002 0.003 m13
#cylinder: 0.584 0.186 0.000 0.584 0.186 0.002 0.005 m13
#cylinder: 0.914 0.120 0.000 0.914 0.120 0.002 0.008 m1
#cylinder: 0.948 0.196 0.000 0.948 0.196 0.002 0.009 m17
#cylinder: 0.980 0.206 0.000 0.980 0.206 0.002 0.002 m16
#cylinder: 0.884 0.115 0.000 0.884 0.115 0.002 0.007 m18
#cylinder: 0.268 0.139 0.000 0.268 0.139 0.002 0.007 m12
#cylinder: 0.272 0.128 0.000 0.272 0.128 0.002 0.005 m20
#cylinder: 0.201 0.201 0.000 0.201 0.201 0.002 0.008 m2
#cylinder: 0.757 0.117 0.000 0.757 0.117 0.002 0.005 m9
#cylinder: 1.042 0.193 0.000 1.042 0.193 0.002 0.009 m20
#cylinder: 1.025 0.151 0.000 1.025 0.151 0.002 0.003 m14
#cylinder: 0.808 0.134 0.000 0.808 0.134 0.002 0.003 m5
#cylinder: 0.997 0.128 0.000 0.997 0.128 0.002 0.006 m14
#cylinder: 0.796 0.186 0.000 0.796 0.186 0.002 0.002 m11
#cylinder: 0.631 0.194 0.000 0.631 0.194 0.002 0.006 m13
#cylinder: 0.538 0.138 0.000 0.538 0.138 0.002 0.003 m16
#cylinder: 0.207 0.186 0.000 0.207 0.186 0.002 0.008 m17
#cylinder: 0.219 0.171 0.000 0.219 0.171 0.002 0.009 m12
#cylinder: 0.237 0.199 0.000 0.237 0.199 0.002 0.006 m18
#cylinder: 0.744 0.192 0.000 0.744 0.192 0.002 0.009 m2
#cylinder: 1.023 0.184 0.000 1.023 0.184 0.002 0.003 m12
#cylinder: 0.896 0.193 0.000 0.896 0.193 0.002 0.006 m7
#cylinder: 0.666 0.122 0.000 0.666 0.122 0.002 0.005 m19
#cylinder: 0.667 0.151 0.000 0.667 0.151 0.002 0.009 m14
#cylinder: 1.065 0.158 0.000 1.065 0.158 0.002 0.006 m12
#cylinder: 0.060 0.140 0.000 0.060 0.140 0.002 0.002 m11
#cylinder: 0.796 0.166 0.000 0.796 0.166 0.002 0.008 m7
#cylinder: 0.059 0.199 0.000 0.059 0.199 0.002 0.004 m10
#cylinder: 0.210 0.136 0.000 0.210 0.136 0.002 0.006 m14
#cylinder: 0.452 0.205 0.000 0.452 0.205 0.002 0.010 m18
#cylinder: 0.800 0.138 0.000 0.800 0.138 0.002 0.005 m20
#cylinder: 0.849 0.191 0.000 0.849 0.191 0.002 0.006 m13
#cylinder: 0.075 0.128 0.000 0.075 0.128 0.002 0.003 m13
#cylinder: 0.308 0.161 0.000 0.308 0.161 0.002 0.004 m9
#cylinder: 0.690 0.148 0.000 0.690 0.148 0.002 0.008 m18
#cylinder: 0.567 0.174 0.000 0.567 0.174 0.002 0.006 m1
#cylinder: 0.791 0.219 0.000 0.791 0.219 0.002 0.005 m16
#cylinder: 0.276 0.179 0.000 0.276 0.179 0.002 0.009 m9
#cylinder: 0.339 0.212 0.000 0.339 0.212 0.002 0.005 m5
#cylinder: 0.191 0.163 0.000 0.191 0.163 0.002 0.003 m17
#cylinder: 0.826 0.130 0.000 0.826 0.130 0.002 0.006 m10
#cylinder: 0.157 0.129 0.000 0.157 0.129 0.002 0.007 m10
#cylinder: 0.703 0.205 0.000 0.703 0.205 0.002 0.004 m4
#cylinder: 1.047 0.109 0.000 1.047 0.109 0.002 0.005 m5
#cylinder: 0.541 0.156 0.000 0.541 0.156 0.002 0.010 m4
#cylinder: 0.455 0.120 0.000 0.455 0.120 0.002 0.002 m14
#cylinder: 0.820 0.169 0.000 0.820 0.169 0.002 0.006 m19
#cylinder: 0.005 0.192 0.000 0.005 0.192 0.002 0.005 m14
#cylinder: 0.010 0.160 0.000 0.010 0.160 0.002 0.009 m10
#cylinder: 0.209 0.109 0.000 0.209 0.109 0.002 0.003 m14
#cylinder: 0.283 0.179 0.000 0.283 0.179 0.002 0.003 m3
#cylinder: 0.918 0.112 0.000 0.918 0.112 0.002 0.008 m19
#cylinder: 0.305 0.192 0.000 0.305 0.192 0.002 0.006 m8
#cylinder: 0.382 0.101 0.000 0.382 0.101 0.002 0.007 m14
#cylinder: 0.261 0.196 0.000 0.261 0.196 0.002 0.007 m12
#cylinder: 0.975 0.113 0.000 0.975 0.113 0.002 0.004 m19
#cylinder: 0.954 0.140 0.000 0.954 0.140 0.002 0.004 m18
#cylinder: 0.017 0.132 0.000 0.017 0.132 0.002 0.005 m1
#cylinder: 0.312 0.124 0.000 0.312 0.124 0.002 0.003 m12
#cylinder: 0.641 0.155 0.000 0.641 0.155 0.002 0.003 m7
#cylinder: 0.631 0.161 0.000 0.631 0.161 0.002 0.006 m20
#cylinder: 0.940 0.150 0.000 0.940 0.150 0.002 0.009 m16
#cylinder: 0.228 0.149 0.000 0.228 0.149 0.002 0.009 m5
#cylinder: 0.836 0.118 0.000 0.836 0.118 0.002 0.007 m10
#cylinder: 1.086 0.218 0.000 1.086 0.218 0.002 0.008 m16
#cylinder: 0.275 0.199 0.000 0.275 0.199 0.002 0.009 m7
#cylinder: 0.841 0.196 0.000 0.841 0.196 0.002 0.009 m6
#cylinder: 0.972 0.203 0.000 0.972 0.203 0.002 0.002 m15
#cylinder: 1.056 0.111 0.000 1.056 0.111 0.002 0.005 m18
#cylinder: 0.834 0.153 0.000 0.834 0.153 0.002 0.003 m16
#cylinder: 0.981 0.169 0.000 0.981 0.169 0.002 0.009 m20
#cylinder: 0.020 0.155 0.000 0.020 0.155 0.002 0.004 m11
#cylinder: 1.023 0.147 0.000 1.023 0.147 0.002 0.009 m15
#cylinder: 0.121 0.120 0.000 0.121 0.120 0.002 0.005 m18
#cylinder: 1.020 0.163 0.000 1.020 0.163 0.002 0.004 m16
#cylinder: 0.890 0.205 0.000 0.890 0.205 0.002 0.003 m3
#cylinder: 0.778 0.135 0.000 0.778 0.135 0.002 0.009 m10
#cylinder: 0.960 0.170 0.000 0.960 0.170 0.002 0.007 m10
#cylinder: 0.054 0.165 0.000 0.054 0.165 0.002 0.004 m4
#cylinder: 0.167 0.160 0.000 0.167 0.160 0.002 0.006 m13
#cylinder: 0.704 0.183 0.000 0.704 0.183 0.002 0.003 m5
#cylinder: 1.050 0.103 0.000 1.050 0.103 0.002 0.003 m11
#cylinder: 1.057 0.134 0.000 1.057 0.134 0.002 0.009 m3
#cylinder: 0.452 0.193 0.000 0.452 0.193 0.002 0.005 m2
#cylinder: 0.156 0.216 0.000 0.156 0.216 0.002 0.002 m5
#cylinder: 0.440 0.180 0.000 0.440 0.180 0.002 0.009 m8
#cylinder: 0.580 0.150 0.000 0.580 0.150 0.002 0.009 m5
#cylinder: 0.551 0.123 0.000 0.551 0.123 0.002 0.006 m2
#cylinder: 0.904 0.194 0.000 0.904 0.194 0.002 0.003 m12
#cylinder: 0.589 0.102 0.000 0.589 0.102 0.002 0.003 m4
#cylinder: 0.409 0.187 0.000 0.409 0.187 0.002 0.006 m20
#cylinder: 0.462 0.143 0.000 0.462 0.143 0.002 0.007 m12
#cylinder: 1.003 0.109 0.000 1.003 0.109 0.002 0.003 m8
#cylinder: 0.874 0.112 0.000 0.874 0.112 0.002 0.007 m5
#cylinder: 0.106 0.127 0.000 0.106 0.127 0.002 0.005 m4
#cylinder: 0.742 0.215 0.000 0.742 0.215 0.002 0.009 m12
#cylinder: 0.894 0.206 0.000 0.894 0.206 0.002 0.007 m8
#cylinder: 0.736 0.132 0.000 0.736 0.132 0.002 0.009 m17
#cylinder: 0.177 0.179 0.000 0.177 0.179 0.002 0.010 m4
#cylinder: 0.848 0.120 0.000 0.848 0.120 0.002 0.007 m4
#cylinder: 0.145 0.124 0.000 0.145 0.124 0.002 0.003 m8
#cylinder: 0.044 0.216 0.000 0.044 0.216 0.002 0.003 m19
#cylinder: 0.450 0.158 0.000 0.450 0.158 0.002 0.005 m9
#cylinder: 0.840 0.112 0.000 0.840 0.112 0.002 0.004 m15
#cylinder: 0.140 0.179 0.000 0.140 0.179 0.002 0.005 m17
#cylinder: 0.365 0.183 0.000 0.365 0.183 0.002 0.007 m13
#cylinder: 0.307 0.180 0.000 0.307 0.180 0.002 0.005 m20
#cylinder: 0.938 0.103 0.000 0.938 0.103 0.002 0.003 m14
#cylinder: 0.004 0.149 0.000 0.004 0.149 0.002 0.010 m7
#cylinder: 0.743 0.133 0.000 0.743 0.133 0.002 0.007 m4
#cylinder: 0.712 0.179 0.000 0.712 0.179 0.002 0.003 m8
#cylinder: 0.269 0.135 0.000 0.269 0.135 0.002 0.002 m20
#cylinder: 0.470 0.142 0.000 0.470 0.142 0.002 0.002 m2
#cylinder: 0.397 0.136 0.000 0.397 0.136 0.002 0.009 m9
#cylinder: 0.736 0.123 0.000 0.736 0.123 0.002 0.005 m11
#cylinder: 0.184 0.182 0.000 0.184 0.182 0.002 0.007 m13
#cylinder: 1.048 0.208 0.000 1.048 0.208 0.002 0.004 m15
#cylinder: 1.013 0.213 0.000 1.013 0.213 0.002 0.007 m6
#cylinder: 0.660 0.136 0.000 0.660 0.136 0.002 0.003 m18
#cylinder: 0.012 0.162 0.000 0.012 0.162 0.002 0.003 m18
#cylinder: 0.828 0.180 0.000 0.828 0.180 0.002 0.006 m4
#cylinder: 0.059 0.197 0.000 0.059 0.197 0.002 0.007 m19
#cylinder: 0.580 0.165 0.000 0.580 0.165 0.002 0.009 m4
#cylinder: 0.812 0.171 0.000 0.812 0.171 0.002 0.007 m2
#cylinder: 0.379 0.159 0.000 0.379 0.159 0.002 0.005 m17
#cylinder: 0.868 0.103 0.000 0.868 0.103 0.002 0.003 m2
#cylinder: 0.035 0.214 0.000 0.035 0.214 0.002 0.009 m16
#cylinder: 0.572 0.170 0.000 0.572 0.170 0.002 0.005 m5
#cylinder: 0.049 0.127 0.000 0.049 0.127 0.002 0.005 m14
#cylinder: 0.207 0.154 0.000 0.207 0.154 0.002 0.006 m5
#cylinder: 0.641 0.116 0.000 0.641 0.116 0.002 0.006 m6
#cylinder: 0.799 0.123 0.000 0.799 0.123 0.002 0.005 m19
#cylinder: 0.213 0.115 0.000 0.213 0.115 0.002 0.002 m8
#cylinder: 0.873 0.158 0.000 0.873 0.158 0.002 0.009 m9
#cylinder: 0.827 0.114 0.000 0.827 0.114 0.002 0.003 m3
#cylinder: 0.573 0.161 0.000 0.573 0.161 0.002 0.003 m16
#cylinder: 0.182 0.194 0.000 0.182 0.194 0.002 0.006 m4
#cylinder: 0.206 0.103 0.000 0.206 0.103 0.002 0.009 m4
