testingplz 
#domain: 1.200 0.300 0.002 
#dx_dy_dz: 0.002 0.002 0.002 
#time_window: 5.000000e-09 

#excitation_file: mala_source_modified.txt 
#hertzian_dipole: z 0.080 0.250 0 mala_source 
#rx: 0.120 0.250 0.000 
#src_steps: 0.002 0.000 0.000 
#rx_steps: 0.002 0.000 0.000 

#material: 5.000 0.220 1.000 0.000 concrete
#material: 1.000 0.000 1.000 0.000 air
#material: 80.000 0.500 1.000 0.000 water

#material: 1.000 0.000 1.000 0.000 m1
#material: 2.000 0.000 1.000 0.000 m2
#material: 3.000 0.000 1.000 0.000 m3
#material: 4.000 0.000 1.000 0.000 m4
#material: 5.000 0.000 1.000 0.000 m5
#material: 6.000 0.000 1.000 0.000 m6
#material: 7.000 0.000 1.000 0.000 m7
#material: 8.000 0.000 1.000 0.000 m8
#material: 9.000 0.000 1.000 0.000 m9
#material: 10.000 0.000 1.000 0.000 m10
#material: 11.000 0.000 1.000 0.000 m11
#material: 12.000 0.000 1.000 0.000 m12
#material: 13.000 0.000 1.000 0.000 m13
#material: 14.000 0.000 1.000 0.000 m14
#material: 15.000 0.000 1.000 0.000 m15
#material: 16.000 0.000 1.000 0.000 m16
#material: 17.000 0.000 1.000 0.000 m17
#material: 18.000 0.000 1.000 0.000 m18
#material: 19.000 0.000 1.000 0.000 m19
#material: 20.000 0.000 1.000 0.000 m20

#box: 0.000 0.000 0.000 1.200 0.250 0.002 concrete

#cylinder: 0.566 0.196 0.000 0.566 0.196 0.002 0.002 m17
#cylinder: 0.511 0.146 0.000 0.511 0.146 0.002 0.009 m3
#cylinder: 0.880 0.102 0.000 0.880 0.102 0.002 0.005 m8
#cylinder: 0.226 0.190 0.000 0.226 0.190 0.002 0.005 m12
#cylinder: 0.544 0.167 0.000 0.544 0.167 0.002 0.009 m14
#cylinder: 0.098 0.203 0.000 0.098 0.203 0.002 0.009 m2
#cylinder: 1.091 0.209 0.000 1.091 0.209 0.002 0.004 m18
#cylinder: 0.386 0.161 0.000 0.386 0.161 0.002 0.009 m15
#cylinder: 1.058 0.146 0.000 1.058 0.146 0.002 0.003 m12
#cylinder: 0.388 0.168 0.000 0.388 0.168 0.002 0.009 m17
#cylinder: 0.055 0.160 0.000 0.055 0.160 0.002 0.010 m18
#cylinder: 1.043 0.145 0.000 1.043 0.145 0.002 0.005 m18
#cylinder: 0.044 0.205 0.000 0.044 0.205 0.002 0.005 m10
#cylinder: 0.879 0.105 0.000 0.879 0.105 0.002 0.002 m18
#cylinder: 0.527 0.206 0.000 0.527 0.206 0.002 0.007 m19
#cylinder: 0.715 0.180 0.000 0.715 0.180 0.002 0.006 m4
#cylinder: 0.547 0.198 0.000 0.547 0.198 0.002 0.006 m17
#cylinder: 0.041 0.217 0.000 0.041 0.217 0.002 0.003 m7
#cylinder: 0.227 0.207 0.000 0.227 0.207 0.002 0.003 m6
#cylinder: 0.897 0.178 0.000 0.897 0.178 0.002 0.007 m4
#cylinder: 0.060 0.158 0.000 0.060 0.158 0.002 0.006 m1
#cylinder: 0.860 0.170 0.000 0.860 0.170 0.002 0.002 m18
#cylinder: 1.016 0.183 0.000 1.016 0.183 0.002 0.003 m9
#cylinder: 0.845 0.115 0.000 0.845 0.115 0.002 0.006 m9
#cylinder: 0.704 0.115 0.000 0.704 0.115 0.002 0.003 m7
#cylinder: 0.554 0.124 0.000 0.554 0.124 0.002 0.007 m2
#cylinder: 0.012 0.205 0.000 0.012 0.205 0.002 0.004 m16
#cylinder: 0.365 0.215 0.000 0.365 0.215 0.002 0.005 m12
#cylinder: 0.273 0.210 0.000 0.273 0.210 0.002 0.009 m20
#cylinder: 1.004 0.100 0.000 1.004 0.100 0.002 0.009 m12
#cylinder: 0.506 0.171 0.000 0.506 0.171 0.002 0.005 m15
#cylinder: 0.349 0.196 0.000 0.349 0.196 0.002 0.004 m12
#cylinder: 1.025 0.212 0.000 1.025 0.212 0.002 0.003 m16
#cylinder: 0.716 0.116 0.000 0.716 0.116 0.002 0.003 m12
#cylinder: 0.362 0.102 0.000 0.362 0.102 0.002 0.005 m5
#cylinder: 0.881 0.161 0.000 0.881 0.161 0.002 0.009 m2
#cylinder: 0.543 0.170 0.000 0.543 0.170 0.002 0.009 m3
#cylinder: 0.551 0.184 0.000 0.551 0.184 0.002 0.004 m4
#cylinder: 0.011 0.218 0.000 0.011 0.218 0.002 0.005 m15
#cylinder: 0.241 0.199 0.000 0.241 0.199 0.002 0.009 m6
#cylinder: 0.851 0.124 0.000 0.851 0.124 0.002 0.010 m1
#cylinder: 0.417 0.207 0.000 0.417 0.207 0.002 0.004 m3
#cylinder: 0.813 0.168 0.000 0.813 0.168 0.002 0.007 m4
#cylinder: 0.052 0.138 0.000 0.052 0.138 0.002 0.008 m20
#cylinder: 0.305 0.152 0.000 0.305 0.152 0.002 0.007 m20
#cylinder: 0.390 0.217 0.000 0.390 0.217 0.002 0.008 m8
#cylinder: 0.707 0.180 0.000 0.707 0.180 0.002 0.002 m2
#cylinder: 0.715 0.171 0.000 0.715 0.171 0.002 0.004 m11
#cylinder: 0.524 0.191 0.000 0.524 0.191 0.002 0.007 m15
#cylinder: 0.624 0.154 0.000 0.624 0.154 0.002 0.006 m2
#cylinder: 0.459 0.206 0.000 0.459 0.206 0.002 0.003 m20
#cylinder: 0.793 0.185 0.000 0.793 0.185 0.002 0.004 m1
#cylinder: 0.923 0.102 0.000 0.923 0.102 0.002 0.003 m11
#cylinder: 0.879 0.218 0.000 0.879 0.218 0.002 0.006 m17
#cylinder: 0.065 0.201 0.000 0.065 0.201 0.002 0.004 m11
#cylinder: 0.409 0.181 0.000 0.409 0.181 0.002 0.006 m9
#cylinder: 0.464 0.101 0.000 0.464 0.101 0.002 0.004 m10
#cylinder: 0.183 0.191 0.000 0.183 0.191 0.002 0.009 m10
#cylinder: 0.574 0.135 0.000 0.574 0.135 0.002 0.009 m9
#cylinder: 0.038 0.191 0.000 0.038 0.191 0.002 0.006 m10
#cylinder: 0.673 0.194 0.000 0.673 0.194 0.002 0.004 m12
#cylinder: 0.491 0.214 0.000 0.491 0.214 0.002 0.002 m2
#cylinder: 0.294 0.131 0.000 0.294 0.131 0.002 0.003 m12
#cylinder: 0.656 0.173 0.000 0.656 0.173 0.002 0.009 m3
#cylinder: 0.430 0.189 0.000 0.430 0.189 0.002 0.005 m2
#cylinder: 0.969 0.121 0.000 0.969 0.121 0.002 0.006 m11
#cylinder: 0.844 0.104 0.000 0.844 0.104 0.002 0.006 m6
#cylinder: 0.855 0.184 0.000 0.855 0.184 0.002 0.005 m16
#cylinder: 0.984 0.102 0.000 0.984 0.102 0.002 0.005 m5
#cylinder: 0.092 0.186 0.000 0.092 0.186 0.002 0.004 m12
#cylinder: 0.919 0.179 0.000 0.919 0.179 0.002 0.004 m19
#cylinder: 0.287 0.213 0.000 0.287 0.213 0.002 0.006 m16
#cylinder: 0.038 0.189 0.000 0.038 0.189 0.002 0.004 m10
#cylinder: 0.811 0.115 0.000 0.811 0.115 0.002 0.010 m12
#cylinder: 0.932 0.201 0.000 0.932 0.201 0.002 0.002 m5
#cylinder: 0.205 0.104 0.000 0.205 0.104 0.002 0.009 m14
#cylinder: 0.538 0.189 0.000 0.538 0.189 0.002 0.009 m17
#cylinder: 0.436 0.122 0.000 0.436 0.122 0.002 0.006 m9
#cylinder: 0.905 0.140 0.000 0.905 0.140 0.002 0.009 m4
#cylinder: 0.855 0.186 0.000 0.855 0.186 0.002 0.004 m13
#cylinder: 1.004 0.108 0.000 1.004 0.108 0.002 0.010 m12
#cylinder: 0.906 0.136 0.000 0.906 0.136 0.002 0.009 m8
#cylinder: 0.821 0.105 0.000 0.821 0.105 0.002 0.003 m18
#cylinder: 0.783 0.214 0.000 0.783 0.214 0.002 0.007 m7
#cylinder: 0.916 0.137 0.000 0.916 0.137 0.002 0.005 m9
#cylinder: 0.630 0.108 0.000 0.630 0.108 0.002 0.004 m4
#cylinder: 1.052 0.159 0.000 1.052 0.159 0.002 0.007 m8
#cylinder: 0.289 0.167 0.000 0.289 0.167 0.002 0.009 m9
#cylinder: 0.399 0.179 0.000 0.399 0.179 0.002 0.008 m9
#cylinder: 0.340 0.166 0.000 0.340 0.166 0.002 0.002 m6
#cylinder: 0.884 0.112 0.000 0.884 0.112 0.002 0.007 m18
#cylinder: 0.661 0.157 0.000 0.661 0.157 0.002 0.006 m16
#cylinder: 0.433 0.127 0.000 0.433 0.127 0.002 0.009 m3
#cylinder: 0.299 0.105 0.000 0.299 0.105 0.002 0.004 m5
#cylinder: 0.476 0.165 0.000 0.476 0.165 0.002 0.010 m2
#cylinder: 0.947 0.209 0.000 0.947 0.209 0.002 0.005 m12
#cylinder: 1.084 0.195 0.000 1.084 0.195 0.002 0.004 m2
#cylinder: 0.380 0.201 0.000 0.380 0.201 0.002 0.004 m4
#cylinder: 0.580 0.106 0.000 0.580 0.106 0.002 0.002 m17
#cylinder: 0.314 0.219 0.000 0.314 0.219 0.002 0.009 m6
#cylinder: 0.990 0.110 0.000 0.990 0.110 0.002 0.010 m3
#cylinder: 0.859 0.120 0.000 0.859 0.120 0.002 0.006 m19
#cylinder: 0.731 0.169 0.000 0.731 0.169 0.002 0.009 m8
#cylinder: 0.338 0.110 0.000 0.338 0.110 0.002 0.006 m6
#cylinder: 0.445 0.123 0.000 0.445 0.123 0.002 0.010 m2
#cylinder: 0.637 0.119 0.000 0.637 0.119 0.002 0.005 m19
#cylinder: 0.518 0.209 0.000 0.518 0.209 0.002 0.005 m12
#cylinder: 0.159 0.193 0.000 0.159 0.193 0.002 0.003 m13
#cylinder: 0.810 0.204 0.000 0.810 0.204 0.002 0.006 m14
#cylinder: 0.287 0.130 0.000 0.287 0.130 0.002 0.007 m18
#cylinder: 0.240 0.208 0.000 0.240 0.208 0.002 0.005 m17
#cylinder: 0.307 0.213 0.000 0.307 0.213 0.002 0.003 m13
#cylinder: 0.906 0.129 0.000 0.906 0.129 0.002 0.007 m16
#cylinder: 0.359 0.212 0.000 0.359 0.212 0.002 0.007 m7
#cylinder: 0.337 0.119 0.000 0.337 0.119 0.002 0.009 m11
#cylinder: 0.515 0.123 0.000 0.515 0.123 0.002 0.007 m8
#cylinder: 0.096 0.189 0.000 0.096 0.189 0.002 0.004 m17
#cylinder: 0.279 0.105 0.000 0.279 0.105 0.002 0.008 m18
#cylinder: 0.538 0.163 0.000 0.538 0.163 0.002 0.009 m15
#cylinder: 0.630 0.101 0.000 0.630 0.101 0.002 0.003 m2
#cylinder: 0.267 0.200 0.000 0.267 0.200 0.002 0.009 m10
#cylinder: 0.165 0.181 0.000 0.165 0.181 0.002 0.005 m19
#cylinder: 0.865 0.208 0.000 0.865 0.208 0.002 0.004 m18
#cylinder: 0.282 0.182 0.000 0.282 0.182 0.002 0.002 m10
#cylinder: 0.650 0.194 0.000 0.650 0.194 0.002 0.003 m4
#cylinder: 0.295 0.203 0.000 0.295 0.203 0.002 0.006 m9
#cylinder: 0.433 0.185 0.000 0.433 0.185 0.002 0.008 m18
#cylinder: 0.427 0.163 0.000 0.427 0.163 0.002 0.009 m6
#cylinder: 0.763 0.198 0.000 0.763 0.198 0.002 0.007 m17
#cylinder: 0.946 0.162 0.000 0.946 0.162 0.002 0.002 m1
#cylinder: 0.937 0.198 0.000 0.937 0.198 0.002 0.007 m20
#cylinder: 0.697 0.116 0.000 0.697 0.116 0.002 0.005 m5
#cylinder: 0.226 0.199 0.000 0.226 0.199 0.002 0.006 m10
#cylinder: 0.499 0.105 0.000 0.499 0.105 0.002 0.010 m17
#cylinder: 0.756 0.211 0.000 0.756 0.211 0.002 0.003 m13
#cylinder: 0.849 0.201 0.000 0.849 0.201 0.002 0.004 m6
#cylinder: 0.509 0.181 0.000 0.509 0.181 0.002 0.009 m3
#cylinder: 1.042 0.162 0.000 1.042 0.162 0.002 0.005 m10
#cylinder: 0.905 0.101 0.000 0.905 0.101 0.002 0.004 m19
#cylinder: 0.117 0.132 0.000 0.117 0.132 0.002 0.010 m2
#cylinder: 1.085 0.103 0.000 1.085 0.103 0.002 0.002 m7
#cylinder: 0.072 0.140 0.000 0.072 0.140 0.002 0.009 m16
#cylinder: 0.367 0.114 0.000 0.367 0.114 0.002 0.003 m17
#cylinder: 0.934 0.180 0.000 0.934 0.180 0.002 0.009 m15
#cylinder: 0.153 0.156 0.000 0.153 0.156 0.002 0.005 m1
#cylinder: 1.021 0.106 0.000 1.021 0.106 0.002 0.009 m13
#cylinder: 0.157 0.173 0.000 0.157 0.173 0.002 0.004 m4
#cylinder: 0.123 0.106 0.000 0.123 0.106 0.002 0.005 m4
#cylinder: 0.120 0.180 0.000 0.120 0.180 0.002 0.003 m4
#cylinder: 0.692 0.150 0.000 0.692 0.150 0.002 0.007 m12
#cylinder: 0.144 0.116 0.000 0.144 0.116 0.002 0.010 m17
#cylinder: 0.880 0.216 0.000 0.880 0.216 0.002 0.004 m20
#cylinder: 0.116 0.149 0.000 0.116 0.149 0.002 0.004 m14
#cylinder: 0.730 0.189 0.000 0.730 0.189 0.002 0.007 m7
#cylinder: 0.219 0.129 0.000 0.219 0.129 0.002 0.007 m9
#cylinder: 0.896 0.199 0.000 0.896 0.199 0.002 0.006 m12
#cylinder: 0.877 0.213 0.000 0.877 0.213 0.002 0.008 m14
#cylinder: 0.381 0.215 0.000 0.381 0.215 0.002 0.003 m11
#cylinder: 0.677 0.109 0.000 0.677 0.109 0.002 0.004 m4
#cylinder: 0.096 0.103 0.000 0.096 0.103 0.002 0.009 m11
#cylinder: 0.802 0.205 0.000 0.802 0.205 0.002 0.006 m4
#cylinder: 0.830 0.103 0.000 0.830 0.103 0.002 0.007 m14
#cylinder: 0.143 0.105 0.000 0.143 0.105 0.002 0.006 m1
#cylinder: 0.560 0.121 0.000 0.560 0.121 0.002 0.004 m13
#cylinder: 0.442 0.201 0.000 0.442 0.201 0.002 0.007 m8
#cylinder: 1.008 0.117 0.000 1.008 0.117 0.002 0.007 m8
#cylinder: 1.018 0.111 0.000 1.018 0.111 0.002 0.007 m17
#cylinder: 0.019 0.177 0.000 0.019 0.177 0.002 0.004 m17
#cylinder: 0.541 0.126 0.000 0.541 0.126 0.002 0.009 m12
#cylinder: 0.375 0.211 0.000 0.375 0.211 0.002 0.005 m18
#cylinder: 0.791 0.175 0.000 0.791 0.175 0.002 0.007 m16
#cylinder: 0.387 0.130 0.000 0.387 0.130 0.002 0.002 m9
#cylinder: 0.522 0.200 0.000 0.522 0.200 0.002 0.006 m6
#cylinder: 1.053 0.189 0.000 1.053 0.189 0.002 0.009 m2
#cylinder: 0.191 0.128 0.000 0.191 0.128 0.002 0.005 m6
#cylinder: 0.364 0.191 0.000 0.364 0.191 0.002 0.008 m8
#cylinder: 0.348 0.154 0.000 0.348 0.154 0.002 0.009 m5
#cylinder: 0.403 0.176 0.000 0.403 0.176 0.002 0.004 m4
#cylinder: 0.542 0.130 0.000 0.542 0.130 0.002 0.006 m10
#cylinder: 1.035 0.148 0.000 1.035 0.148 0.002 0.009 m18
#cylinder: 0.060 0.173 0.000 0.060 0.173 0.002 0.010 m12
#cylinder: 0.471 0.204 0.000 0.471 0.204 0.002 0.009 m6
#cylinder: 0.480 0.135 0.000 0.480 0.135 0.002 0.008 m19
#cylinder: 0.218 0.171 0.000 0.218 0.171 0.002 0.005 m7
#cylinder: 0.759 0.181 0.000 0.759 0.181 0.002 0.007 m10
#cylinder: 1.087 0.204 0.000 1.087 0.204 0.002 0.009 m9
#cylinder: 0.786 0.150 0.000 0.786 0.150 0.002 0.009 m11
#cylinder: 0.415 0.179 0.000 0.415 0.179 0.002 0.005 m1
#cylinder: 0.508 0.121 0.000 0.508 0.121 0.002 0.005 m5
#cylinder: 0.109 0.186 0.000 0.109 0.186 0.002 0.010 m19
#cylinder: 1.081 0.210 0.000 1.081 0.210 0.002 0.009 m18
#cylinder: 0.901 0.115 0.000 0.901 0.115 0.002 0.006 m7
#cylinder: 0.554 0.118 0.000 0.554 0.118 0.002 0.008 m16
#cylinder: 0.239 0.117 0.000 0.239 0.117 0.002 0.004 m1
#cylinder: 0.506 0.187 0.000 0.506 0.187 0.002 0.010 m7
#cylinder: 0.171 0.102 0.000 0.171 0.102 0.002 0.006 m13
#cylinder: 0.063 0.130 0.000 0.063 0.130 0.002 0.007 m2
#cylinder: 0.988 0.216 0.000 0.988 0.216 0.002 0.007 m6
#cylinder: 0.395 0.179 0.000 0.395 0.179 0.002 0.005 m18
#cylinder: 1.005 0.155 0.000 1.005 0.155 0.002 0.009 m4
