testingplz 
#domain: 1.200 0.300 0.002 
#dx_dy_dz: 0.002 0.002 0.002 
#time_window: 5.000000e-09 

#excitation_file: mala_source_modified.txt 
#hertzian_dipole: z 0.080 0.250 0 mala_source 
#rx: 0.120 0.250 0.000 
#src_steps: 0.002 0.000 0.000 
#rx_steps: 0.002 0.000 0.000 

#material: 5.000 0.220 1.000 0.000 concrete
#material: 1.000 0.000 1.000 0.000 air
#material: 80.000 0.500 1.000 0.000 water

#material: 1.000 0.000 1.000 0.000 m1
#material: 2.000 0.000 1.000 0.000 m2
#material: 3.000 0.000 1.000 0.000 m3
#material: 4.000 0.000 1.000 0.000 m4
#material: 5.000 0.000 1.000 0.000 m5
#material: 6.000 0.000 1.000 0.000 m6
#material: 7.000 0.000 1.000 0.000 m7
#material: 8.000 0.000 1.000 0.000 m8
#material: 9.000 0.000 1.000 0.000 m9
#material: 10.000 0.000 1.000 0.000 m10
#material: 11.000 0.000 1.000 0.000 m11
#material: 12.000 0.000 1.000 0.000 m12
#material: 13.000 0.000 1.000 0.000 m13
#material: 14.000 0.000 1.000 0.000 m14
#material: 15.000 0.000 1.000 0.000 m15
#material: 16.000 0.000 1.000 0.000 m16
#material: 17.000 0.000 1.000 0.000 m17
#material: 18.000 0.000 1.000 0.000 m18
#material: 19.000 0.000 1.000 0.000 m19
#material: 20.000 0.000 1.000 0.000 m20

#box: 0.000 0.000 0.000 1.200 0.250 0.002 concrete

#cylinder: 0.892 0.159 0.000 0.892 0.159 0.002 0.003 m18
#cylinder: 0.953 0.165 0.000 0.953 0.165 0.002 0.003 m5
#cylinder: 1.070 0.210 0.000 1.070 0.210 0.002 0.006 m20
#cylinder: 1.082 0.162 0.000 1.082 0.162 0.002 0.005 m18
#cylinder: 0.702 0.201 0.000 0.702 0.201 0.002 0.004 m8
#cylinder: 0.169 0.197 0.000 0.169 0.197 0.002 0.009 m8
#cylinder: 0.839 0.107 0.000 0.839 0.107 0.002 0.003 m10
#cylinder: 0.929 0.186 0.000 0.929 0.186 0.002 0.004 m1
#cylinder: 0.508 0.115 0.000 0.508 0.115 0.002 0.005 m2
#cylinder: 0.740 0.190 0.000 0.740 0.190 0.002 0.003 m11
#cylinder: 0.573 0.158 0.000 0.573 0.158 0.002 0.004 m17
#cylinder: 0.157 0.199 0.000 0.157 0.199 0.002 0.002 m5
#cylinder: 0.529 0.147 0.000 0.529 0.147 0.002 0.002 m2
#cylinder: 0.518 0.151 0.000 0.518 0.151 0.002 0.008 m4
#cylinder: 0.473 0.214 0.000 0.473 0.214 0.002 0.008 m13
#cylinder: 0.551 0.159 0.000 0.551 0.159 0.002 0.007 m6
#cylinder: 0.754 0.164 0.000 0.754 0.164 0.002 0.009 m4
#cylinder: 0.120 0.118 0.000 0.120 0.118 0.002 0.010 m18
#cylinder: 0.836 0.175 0.000 0.836 0.175 0.002 0.005 m19
#cylinder: 0.906 0.195 0.000 0.906 0.195 0.002 0.004 m4
#cylinder: 0.576 0.100 0.000 0.576 0.100 0.002 0.009 m4
#cylinder: 0.520 0.140 0.000 0.520 0.140 0.002 0.005 m2
#cylinder: 0.527 0.167 0.000 0.527 0.167 0.002 0.004 m6
#cylinder: 0.127 0.134 0.000 0.127 0.134 0.002 0.004 m11
#cylinder: 0.868 0.208 0.000 0.868 0.208 0.002 0.004 m19
#cylinder: 0.043 0.117 0.000 0.043 0.117 0.002 0.009 m17
#cylinder: 0.912 0.177 0.000 0.912 0.177 0.002 0.008 m8
#cylinder: 0.520 0.218 0.000 0.520 0.218 0.002 0.006 m3
#cylinder: 0.239 0.185 0.000 0.239 0.185 0.002 0.010 m17
#cylinder: 0.673 0.132 0.000 0.673 0.132 0.002 0.005 m17
#cylinder: 0.228 0.129 0.000 0.228 0.129 0.002 0.009 m3
#cylinder: 0.848 0.104 0.000 0.848 0.104 0.002 0.004 m6
#cylinder: 0.739 0.193 0.000 0.739 0.193 0.002 0.006 m16
#cylinder: 0.851 0.131 0.000 0.851 0.131 0.002 0.004 m11
#cylinder: 0.746 0.217 0.000 0.746 0.217 0.002 0.004 m16
#cylinder: 0.628 0.168 0.000 0.628 0.168 0.002 0.004 m5
#cylinder: 0.501 0.130 0.000 0.501 0.130 0.002 0.008 m15
#cylinder: 0.895 0.213 0.000 0.895 0.213 0.002 0.004 m15
#cylinder: 0.805 0.199 0.000 0.805 0.199 0.002 0.006 m14
#cylinder: 0.681 0.156 0.000 0.681 0.156 0.002 0.004 m11
#cylinder: 0.895 0.139 0.000 0.895 0.139 0.002 0.007 m13
#cylinder: 0.055 0.136 0.000 0.055 0.136 0.002 0.005 m1
#cylinder: 0.518 0.111 0.000 0.518 0.111 0.002 0.006 m11
#cylinder: 0.710 0.189 0.000 0.710 0.189 0.002 0.009 m7
#cylinder: 0.945 0.137 0.000 0.945 0.137 0.002 0.008 m14
#cylinder: 0.056 0.113 0.000 0.056 0.113 0.002 0.004 m11
#cylinder: 0.203 0.172 0.000 0.203 0.172 0.002 0.008 m11
#cylinder: 0.335 0.116 0.000 0.335 0.116 0.002 0.006 m18
#cylinder: 0.643 0.167 0.000 0.643 0.167 0.002 0.010 m6
#cylinder: 0.614 0.196 0.000 0.614 0.196 0.002 0.006 m10
#cylinder: 0.360 0.127 0.000 0.360 0.127 0.002 0.006 m16
#cylinder: 0.155 0.218 0.000 0.155 0.218 0.002 0.006 m2
#cylinder: 1.015 0.200 0.000 1.015 0.200 0.002 0.008 m11
#cylinder: 0.820 0.169 0.000 0.820 0.169 0.002 0.004 m19
#cylinder: 0.692 0.143 0.000 0.692 0.143 0.002 0.009 m9
#cylinder: 0.355 0.145 0.000 0.355 0.145 0.002 0.010 m2
#cylinder: 1.085 0.208 0.000 1.085 0.208 0.002 0.002 m11
#cylinder: 0.271 0.186 0.000 0.271 0.186 0.002 0.008 m10
#cylinder: 0.447 0.219 0.000 0.447 0.219 0.002 0.006 m7
#cylinder: 1.080 0.201 0.000 1.080 0.201 0.002 0.009 m15
#cylinder: 1.016 0.194 0.000 1.016 0.194 0.002 0.006 m10
#cylinder: 0.704 0.113 0.000 0.704 0.113 0.002 0.010 m11
#cylinder: 0.842 0.113 0.000 0.842 0.113 0.002 0.007 m4
#cylinder: 0.788 0.150 0.000 0.788 0.150 0.002 0.003 m4
#cylinder: 0.928 0.201 0.000 0.928 0.201 0.002 0.010 m20
#cylinder: 0.863 0.168 0.000 0.863 0.168 0.002 0.007 m6
#cylinder: 0.011 0.103 0.000 0.011 0.103 0.002 0.006 m2
#cylinder: 0.697 0.194 0.000 0.697 0.194 0.002 0.004 m4
#cylinder: 0.363 0.206 0.000 0.363 0.206 0.002 0.007 m13
#cylinder: 0.326 0.192 0.000 0.326 0.192 0.002 0.004 m4
#cylinder: 0.343 0.162 0.000 0.343 0.162 0.002 0.009 m18
#cylinder: 0.462 0.124 0.000 0.462 0.124 0.002 0.006 m12
#cylinder: 0.374 0.129 0.000 0.374 0.129 0.002 0.009 m12
#cylinder: 1.083 0.124 0.000 1.083 0.124 0.002 0.010 m6
#cylinder: 0.630 0.155 0.000 0.630 0.155 0.002 0.005 m4
#cylinder: 0.006 0.107 0.000 0.006 0.107 0.002 0.002 m11
#cylinder: 0.692 0.216 0.000 0.692 0.216 0.002 0.005 m16
#cylinder: 0.212 0.199 0.000 0.212 0.199 0.002 0.002 m5
#cylinder: 0.341 0.105 0.000 0.341 0.105 0.002 0.004 m8
#cylinder: 0.872 0.162 0.000 0.872 0.162 0.002 0.003 m4
#cylinder: 0.951 0.190 0.000 0.951 0.190 0.002 0.005 m13
#cylinder: 0.189 0.204 0.000 0.189 0.204 0.002 0.006 m19
#cylinder: 0.182 0.132 0.000 0.182 0.132 0.002 0.005 m5
#cylinder: 0.902 0.116 0.000 0.902 0.116 0.002 0.005 m11
#cylinder: 0.891 0.155 0.000 0.891 0.155 0.002 0.004 m5
#cylinder: 0.744 0.114 0.000 0.744 0.114 0.002 0.008 m9
#cylinder: 0.805 0.111 0.000 0.805 0.111 0.002 0.004 m13
#cylinder: 0.082 0.164 0.000 0.082 0.164 0.002 0.007 m6
#cylinder: 0.994 0.129 0.000 0.994 0.129 0.002 0.004 m11
#cylinder: 0.846 0.200 0.000 0.846 0.200 0.002 0.005 m3
#cylinder: 0.467 0.219 0.000 0.467 0.219 0.002 0.003 m9
#cylinder: 0.057 0.161 0.000 0.057 0.161 0.002 0.005 m9
#cylinder: 0.367 0.174 0.000 0.367 0.174 0.002 0.007 m4
#cylinder: 0.176 0.139 0.000 0.176 0.139 0.002 0.007 m3
#cylinder: 0.249 0.174 0.000 0.249 0.174 0.002 0.003 m4
#cylinder: 0.890 0.213 0.000 0.890 0.213 0.002 0.004 m6
#cylinder: 1.001 0.148 0.000 1.001 0.148 0.002 0.006 m19
#cylinder: 0.554 0.189 0.000 0.554 0.189 0.002 0.006 m1
#cylinder: 0.959 0.207 0.000 0.959 0.207 0.002 0.006 m1
#cylinder: 0.686 0.209 0.000 0.686 0.209 0.002 0.004 m7
#cylinder: 0.583 0.216 0.000 0.583 0.216 0.002 0.006 m11
#cylinder: 0.715 0.189 0.000 0.715 0.189 0.002 0.003 m15
#cylinder: 0.958 0.214 0.000 0.958 0.214 0.002 0.009 m15
#cylinder: 0.439 0.193 0.000 0.439 0.193 0.002 0.009 m12
#cylinder: 0.923 0.145 0.000 0.923 0.145 0.002 0.006 m3
#cylinder: 1.065 0.155 0.000 1.065 0.155 0.002 0.009 m12
#cylinder: 1.009 0.108 0.000 1.009 0.108 0.002 0.010 m14
#cylinder: 0.402 0.143 0.000 0.402 0.143 0.002 0.005 m1
#cylinder: 0.590 0.100 0.000 0.590 0.100 0.002 0.003 m16
#cylinder: 0.333 0.128 0.000 0.333 0.128 0.002 0.003 m5
#cylinder: 0.185 0.216 0.000 0.185 0.216 0.002 0.006 m18
#cylinder: 0.429 0.187 0.000 0.429 0.187 0.002 0.006 m10
#cylinder: 0.998 0.136 0.000 0.998 0.136 0.002 0.005 m10
#cylinder: 0.597 0.208 0.000 0.597 0.208 0.002 0.010 m18
#cylinder: 0.732 0.173 0.000 0.732 0.173 0.002 0.003 m6
#cylinder: 0.872 0.125 0.000 0.872 0.125 0.002 0.009 m19
#cylinder: 0.233 0.155 0.000 0.233 0.155 0.002 0.004 m15
#cylinder: 0.751 0.123 0.000 0.751 0.123 0.002 0.006 m1
#cylinder: 0.762 0.155 0.000 0.762 0.155 0.002 0.007 m9
#cylinder: 0.208 0.202 0.000 0.208 0.202 0.002 0.005 m14
#cylinder: 0.623 0.110 0.000 0.623 0.110 0.002 0.009 m5
#cylinder: 0.497 0.201 0.000 0.497 0.201 0.002 0.008 m19
#cylinder: 0.492 0.102 0.000 0.492 0.102 0.002 0.010 m15
#cylinder: 0.816 0.214 0.000 0.816 0.214 0.002 0.006 m6
#cylinder: 1.095 0.210 0.000 1.095 0.210 0.002 0.004 m11
#cylinder: 0.767 0.186 0.000 0.767 0.186 0.002 0.007 m9
#cylinder: 0.700 0.201 0.000 0.700 0.201 0.002 0.004 m15
#cylinder: 0.949 0.104 0.000 0.949 0.104 0.002 0.005 m16
#cylinder: 1.030 0.137 0.000 1.030 0.137 0.002 0.003 m12
#cylinder: 0.077 0.170 0.000 0.077 0.170 0.002 0.005 m10
#cylinder: 1.052 0.155 0.000 1.052 0.155 0.002 0.004 m12
#cylinder: 0.505 0.125 0.000 0.505 0.125 0.002 0.002 m6
#cylinder: 1.097 0.212 0.000 1.097 0.212 0.002 0.006 m18
#cylinder: 0.749 0.131 0.000 0.749 0.131 0.002 0.009 m9
#cylinder: 0.851 0.152 0.000 0.851 0.152 0.002 0.003 m3
#cylinder: 0.623 0.163 0.000 0.623 0.163 0.002 0.007 m7
#cylinder: 0.725 0.159 0.000 0.725 0.159 0.002 0.007 m15
#cylinder: 0.038 0.156 0.000 0.038 0.156 0.002 0.009 m15
#cylinder: 0.280 0.154 0.000 0.280 0.154 0.002 0.005 m6
#cylinder: 0.303 0.187 0.000 0.303 0.187 0.002 0.002 m18
#cylinder: 1.083 0.197 0.000 1.083 0.197 0.002 0.006 m13
#cylinder: 0.251 0.192 0.000 0.251 0.192 0.002 0.006 m15
#cylinder: 0.250 0.101 0.000 0.250 0.101 0.002 0.009 m15
#cylinder: 0.272 0.102 0.000 0.272 0.102 0.002 0.008 m15
#cylinder: 0.922 0.216 0.000 0.922 0.216 0.002 0.009 m10
#cylinder: 0.516 0.195 0.000 0.516 0.195 0.002 0.006 m2
#cylinder: 0.960 0.131 0.000 0.960 0.131 0.002 0.005 m16
#cylinder: 0.636 0.189 0.000 0.636 0.189 0.002 0.004 m15
#cylinder: 0.289 0.159 0.000 0.289 0.159 0.002 0.010 m15
#cylinder: 0.752 0.142 0.000 0.752 0.142 0.002 0.006 m14
#cylinder: 0.938 0.176 0.000 0.938 0.176 0.002 0.009 m3
#cylinder: 1.040 0.122 0.000 1.040 0.122 0.002 0.003 m17
#cylinder: 0.321 0.214 0.000 0.321 0.214 0.002 0.010 m13
#cylinder: 1.097 0.174 0.000 1.097 0.174 0.002 0.003 m18
#cylinder: 0.067 0.206 0.000 0.067 0.206 0.002 0.008 m10
#cylinder: 0.242 0.171 0.000 0.242 0.171 0.002 0.004 m13
#cylinder: 0.580 0.207 0.000 0.580 0.207 0.002 0.009 m18
#cylinder: 0.040 0.150 0.000 0.040 0.150 0.002 0.004 m2
#cylinder: 0.054 0.116 0.000 0.054 0.116 0.002 0.005 m11
#cylinder: 0.891 0.147 0.000 0.891 0.147 0.002 0.005 m13
#cylinder: 0.469 0.131 0.000 0.469 0.131 0.002 0.003 m6
#cylinder: 0.613 0.207 0.000 0.613 0.207 0.002 0.005 m16
#cylinder: 0.075 0.141 0.000 0.075 0.141 0.002 0.004 m16
#cylinder: 0.170 0.174 0.000 0.170 0.174 0.002 0.007 m20
#cylinder: 0.189 0.117 0.000 0.189 0.117 0.002 0.010 m8
#cylinder: 0.900 0.121 0.000 0.900 0.121 0.002 0.009 m15
#cylinder: 0.294 0.161 0.000 0.294 0.161 0.002 0.004 m7
#cylinder: 0.317 0.192 0.000 0.317 0.192 0.002 0.009 m4
#cylinder: 0.404 0.146 0.000 0.404 0.146 0.002 0.008 m12
#cylinder: 0.533 0.156 0.000 0.533 0.156 0.002 0.004 m18
#cylinder: 0.375 0.134 0.000 0.375 0.134 0.002 0.005 m12
#cylinder: 1.058 0.166 0.000 1.058 0.166 0.002 0.003 m6
#cylinder: 0.605 0.220 0.000 0.605 0.220 0.002 0.003 m6
#cylinder: 0.683 0.131 0.000 0.683 0.131 0.002 0.010 m10
#cylinder: 0.410 0.162 0.000 0.410 0.162 0.002 0.004 m4
#cylinder: 0.048 0.212 0.000 0.048 0.212 0.002 0.005 m15
#cylinder: 0.066 0.180 0.000 0.066 0.180 0.002 0.006 m12
#cylinder: 0.583 0.156 0.000 0.583 0.156 0.002 0.008 m9
#cylinder: 0.333 0.201 0.000 0.333 0.201 0.002 0.007 m9
#cylinder: 0.942 0.210 0.000 0.942 0.210 0.002 0.007 m5
#cylinder: 0.227 0.159 0.000 0.227 0.159 0.002 0.005 m17
#cylinder: 0.372 0.158 0.000 0.372 0.158 0.002 0.007 m13
#cylinder: 0.126 0.101 0.000 0.126 0.101 0.002 0.007 m4
#cylinder: 0.956 0.160 0.000 0.956 0.160 0.002 0.009 m4
#cylinder: 0.160 0.127 0.000 0.160 0.127 0.002 0.003 m7
#cylinder: 0.954 0.108 0.000 0.954 0.108 0.002 0.004 m8
#cylinder: 0.313 0.155 0.000 0.313 0.155 0.002 0.005 m3
#cylinder: 0.319 0.157 0.000 0.319 0.157 0.002 0.010 m9
#cylinder: 0.077 0.185 0.000 0.077 0.185 0.002 0.009 m7
#cylinder: 0.812 0.103 0.000 0.812 0.103 0.002 0.007 m9
#cylinder: 0.876 0.214 0.000 0.876 0.214 0.002 0.005 m11
#cylinder: 0.524 0.121 0.000 0.524 0.121 0.002 0.005 m6
#cylinder: 0.383 0.169 0.000 0.383 0.169 0.002 0.004 m3
#cylinder: 1.001 0.193 0.000 1.001 0.193 0.002 0.005 m5
#cylinder: 0.405 0.135 0.000 0.405 0.135 0.002 0.010 m19
#cylinder: 0.220 0.157 0.000 0.220 0.157 0.002 0.009 m19
#cylinder: 0.884 0.154 0.000 0.884 0.154 0.002 0.008 m2
#cylinder: 0.089 0.177 0.000 0.089 0.177 0.002 0.005 m15
#cylinder: 0.808 0.191 0.000 0.808 0.191 0.002 0.005 m19
#cylinder: 0.770 0.184 0.000 0.770 0.184 0.002 0.004 m9
