testingplz 
#domain: 1.200 0.300 0.002 
#dx_dy_dz: 0.002 0.002 0.002 
#time_window: 5.000000e-09 

#excitation_file: mala_source_modified.txt 
#hertzian_dipole: z 0.080 0.250 0 mala_source 
#rx: 0.120 0.250 0.000 
#src_steps: 0.002 0.000 0.000 
#rx_steps: 0.002 0.000 0.000 

#material: 5.000 0.220 1.000 0.000 concrete
#material: 1.000 0.000 1.000 0.000 air
#material: 80.000 0.500 1.000 0.000 water

#material: 1.000 0.000 1.000 0.000 m1
#material: 2.000 0.000 1.000 0.000 m2
#material: 3.000 0.000 1.000 0.000 m3
#material: 4.000 0.000 1.000 0.000 m4
#material: 5.000 0.000 1.000 0.000 m5
#material: 6.000 0.000 1.000 0.000 m6
#material: 7.000 0.000 1.000 0.000 m7
#material: 8.000 0.000 1.000 0.000 m8
#material: 9.000 0.000 1.000 0.000 m9
#material: 10.000 0.000 1.000 0.000 m10
#material: 11.000 0.000 1.000 0.000 m11
#material: 12.000 0.000 1.000 0.000 m12
#material: 13.000 0.000 1.000 0.000 m13
#material: 14.000 0.000 1.000 0.000 m14
#material: 15.000 0.000 1.000 0.000 m15
#material: 16.000 0.000 1.000 0.000 m16
#material: 17.000 0.000 1.000 0.000 m17
#material: 18.000 0.000 1.000 0.000 m18
#material: 19.000 0.000 1.000 0.000 m19
#material: 20.000 0.000 1.000 0.000 m20

#box: 0.000 0.000 0.000 1.200 0.250 0.002 concrete

#cylinder: 0.745 0.179 0.000 0.745 0.179 0.002 0.004 m2
#cylinder: 0.970 0.178 0.000 0.970 0.178 0.002 0.005 m20
#cylinder: 0.930 0.163 0.000 0.930 0.163 0.002 0.009 m11
#cylinder: 0.944 0.110 0.000 0.944 0.110 0.002 0.009 m5
#cylinder: 0.246 0.204 0.000 0.246 0.204 0.002 0.010 m19
#cylinder: 0.866 0.215 0.000 0.866 0.215 0.002 0.004 m12
#cylinder: 0.451 0.220 0.000 0.451 0.220 0.002 0.009 m17
#cylinder: 0.805 0.135 0.000 0.805 0.135 0.002 0.005 m19
#cylinder: 0.609 0.112 0.000 0.609 0.112 0.002 0.007 m7
#cylinder: 0.425 0.169 0.000 0.425 0.169 0.002 0.004 m9
#cylinder: 0.969 0.172 0.000 0.969 0.172 0.002 0.008 m11
#cylinder: 0.108 0.140 0.000 0.108 0.140 0.002 0.005 m18
#cylinder: 0.553 0.135 0.000 0.553 0.135 0.002 0.003 m5
#cylinder: 1.029 0.205 0.000 1.029 0.205 0.002 0.003 m3
#cylinder: 0.002 0.112 0.000 0.002 0.112 0.002 0.010 m1
#cylinder: 0.954 0.121 0.000 0.954 0.121 0.002 0.005 m8
#cylinder: 0.559 0.119 0.000 0.559 0.119 0.002 0.006 m14
#cylinder: 0.993 0.197 0.000 0.993 0.197 0.002 0.007 m12
#cylinder: 0.436 0.157 0.000 0.436 0.157 0.002 0.003 m5
#cylinder: 0.059 0.220 0.000 0.059 0.220 0.002 0.007 m17
#cylinder: 0.397 0.110 0.000 0.397 0.110 0.002 0.009 m16
#cylinder: 0.966 0.213 0.000 0.966 0.213 0.002 0.009 m16
#cylinder: 0.361 0.147 0.000 0.361 0.147 0.002 0.005 m19
#cylinder: 0.472 0.170 0.000 0.472 0.170 0.002 0.006 m14
#cylinder: 0.341 0.159 0.000 0.341 0.159 0.002 0.005 m4
#cylinder: 0.828 0.202 0.000 0.828 0.202 0.002 0.004 m10
#cylinder: 0.362 0.126 0.000 0.362 0.126 0.002 0.007 m12
#cylinder: 0.564 0.134 0.000 0.564 0.134 0.002 0.005 m14
#cylinder: 0.328 0.177 0.000 0.328 0.177 0.002 0.009 m1
#cylinder: 0.243 0.107 0.000 0.243 0.107 0.002 0.005 m11
#cylinder: 0.570 0.169 0.000 0.570 0.169 0.002 0.007 m11
#cylinder: 0.916 0.174 0.000 0.916 0.174 0.002 0.008 m18
#cylinder: 0.127 0.102 0.000 0.127 0.102 0.002 0.003 m16
#cylinder: 0.494 0.129 0.000 0.494 0.129 0.002 0.009 m1
#cylinder: 0.933 0.158 0.000 0.933 0.158 0.002 0.006 m6
#cylinder: 0.808 0.197 0.000 0.808 0.197 0.002 0.007 m5
#cylinder: 0.161 0.104 0.000 0.161 0.104 0.002 0.004 m6
#cylinder: 0.881 0.160 0.000 0.881 0.160 0.002 0.006 m9
#cylinder: 0.446 0.169 0.000 0.446 0.169 0.002 0.006 m14
#cylinder: 0.806 0.192 0.000 0.806 0.192 0.002 0.005 m2
#cylinder: 1.059 0.139 0.000 1.059 0.139 0.002 0.009 m9
#cylinder: 0.168 0.136 0.000 0.168 0.136 0.002 0.008 m7
#cylinder: 0.653 0.202 0.000 0.653 0.202 0.002 0.005 m12
#cylinder: 1.082 0.174 0.000 1.082 0.174 0.002 0.009 m12
#cylinder: 0.393 0.105 0.000 0.393 0.105 0.002 0.004 m2
#cylinder: 1.007 0.204 0.000 1.007 0.204 0.002 0.009 m17
#cylinder: 1.036 0.134 0.000 1.036 0.134 0.002 0.003 m18
#cylinder: 0.290 0.204 0.000 0.290 0.204 0.002 0.004 m11
#cylinder: 0.445 0.116 0.000 0.445 0.116 0.002 0.008 m17
#cylinder: 1.050 0.145 0.000 1.050 0.145 0.002 0.003 m3
#cylinder: 0.773 0.102 0.000 0.773 0.102 0.002 0.006 m16
#cylinder: 0.591 0.217 0.000 0.591 0.217 0.002 0.007 m15
#cylinder: 1.030 0.213 0.000 1.030 0.213 0.002 0.004 m3
#cylinder: 0.353 0.217 0.000 0.353 0.217 0.002 0.010 m11
#cylinder: 0.807 0.131 0.000 0.807 0.131 0.002 0.003 m8
#cylinder: 0.234 0.181 0.000 0.234 0.181 0.002 0.005 m16
#cylinder: 0.043 0.159 0.000 0.043 0.159 0.002 0.010 m13
#cylinder: 0.741 0.158 0.000 0.741 0.158 0.002 0.004 m19
#cylinder: 0.303 0.166 0.000 0.303 0.166 0.002 0.004 m17
#cylinder: 0.325 0.201 0.000 0.325 0.201 0.002 0.008 m13
#cylinder: 0.000 0.219 0.000 0.000 0.219 0.002 0.007 m5
#cylinder: 0.122 0.158 0.000 0.122 0.158 0.002 0.009 m5
#cylinder: 0.309 0.186 0.000 0.309 0.186 0.002 0.009 m18
#cylinder: 0.863 0.207 0.000 0.863 0.207 0.002 0.005 m7
#cylinder: 0.527 0.141 0.000 0.527 0.141 0.002 0.010 m16
#cylinder: 0.818 0.210 0.000 0.818 0.210 0.002 0.003 m20
#cylinder: 0.265 0.141 0.000 0.265 0.141 0.002 0.004 m10
#cylinder: 0.103 0.115 0.000 0.103 0.115 0.002 0.003 m12
#cylinder: 0.634 0.132 0.000 0.634 0.132 0.002 0.010 m17
#cylinder: 0.505 0.130 0.000 0.505 0.130 0.002 0.002 m8
#cylinder: 0.132 0.141 0.000 0.132 0.141 0.002 0.003 m1
#cylinder: 0.273 0.213 0.000 0.273 0.213 0.002 0.003 m8
#cylinder: 0.569 0.154 0.000 0.569 0.154 0.002 0.005 m20
#cylinder: 1.034 0.157 0.000 1.034 0.157 0.002 0.004 m5
#cylinder: 0.136 0.179 0.000 0.136 0.179 0.002 0.009 m5
#cylinder: 0.408 0.117 0.000 0.408 0.117 0.002 0.007 m13
#cylinder: 0.799 0.150 0.000 0.799 0.150 0.002 0.005 m14
#cylinder: 0.607 0.201 0.000 0.607 0.201 0.002 0.009 m3
#cylinder: 0.727 0.220 0.000 0.727 0.220 0.002 0.007 m11
#cylinder: 0.730 0.133 0.000 0.730 0.133 0.002 0.009 m8
#cylinder: 0.443 0.100 0.000 0.443 0.100 0.002 0.004 m5
#cylinder: 0.578 0.159 0.000 0.578 0.159 0.002 0.006 m7
#cylinder: 0.535 0.136 0.000 0.535 0.136 0.002 0.005 m20
#cylinder: 0.069 0.139 0.000 0.069 0.139 0.002 0.009 m19
#cylinder: 0.636 0.211 0.000 0.636 0.211 0.002 0.006 m9
#cylinder: 0.725 0.216 0.000 0.725 0.216 0.002 0.007 m9
#cylinder: 0.412 0.187 0.000 0.412 0.187 0.002 0.010 m7
#cylinder: 0.316 0.163 0.000 0.316 0.163 0.002 0.005 m14
#cylinder: 0.023 0.172 0.000 0.023 0.172 0.002 0.002 m16
#cylinder: 0.509 0.155 0.000 0.509 0.155 0.002 0.004 m16
#cylinder: 0.631 0.129 0.000 0.631 0.129 0.002 0.009 m10
#cylinder: 0.353 0.209 0.000 0.353 0.209 0.002 0.006 m15
#cylinder: 0.793 0.157 0.000 0.793 0.157 0.002 0.004 m19
#cylinder: 0.611 0.219 0.000 0.611 0.219 0.002 0.006 m14
#cylinder: 0.110 0.142 0.000 0.110 0.142 0.002 0.007 m3
#cylinder: 1.052 0.129 0.000 1.052 0.129 0.002 0.004 m14
#cylinder: 0.242 0.106 0.000 0.242 0.106 0.002 0.004 m1
#cylinder: 0.004 0.122 0.000 0.004 0.122 0.002 0.006 m16
#cylinder: 0.665 0.210 0.000 0.665 0.210 0.002 0.009 m12
#cylinder: 0.827 0.198 0.000 0.827 0.198 0.002 0.006 m13
#cylinder: 0.097 0.111 0.000 0.097 0.111 0.002 0.005 m6
#cylinder: 0.893 0.173 0.000 0.893 0.173 0.002 0.008 m15
#cylinder: 0.292 0.124 0.000 0.292 0.124 0.002 0.005 m8
#cylinder: 0.254 0.193 0.000 0.254 0.193 0.002 0.003 m18
#cylinder: 0.105 0.162 0.000 0.105 0.162 0.002 0.003 m1
#cylinder: 0.227 0.191 0.000 0.227 0.191 0.002 0.007 m12
#cylinder: 0.376 0.108 0.000 0.376 0.108 0.002 0.002 m4
#cylinder: 0.364 0.174 0.000 0.364 0.174 0.002 0.004 m9
#cylinder: 0.508 0.185 0.000 0.508 0.185 0.002 0.006 m12
#cylinder: 0.992 0.177 0.000 0.992 0.177 0.002 0.006 m20
#cylinder: 0.706 0.201 0.000 0.706 0.201 0.002 0.004 m11
#cylinder: 0.908 0.220 0.000 0.908 0.220 0.002 0.005 m7
#cylinder: 0.223 0.196 0.000 0.223 0.196 0.002 0.008 m7
#cylinder: 0.945 0.182 0.000 0.945 0.182 0.002 0.007 m3
#cylinder: 0.874 0.112 0.000 0.874 0.112 0.002 0.009 m3
#cylinder: 0.874 0.137 0.000 0.874 0.137 0.002 0.003 m12
#cylinder: 0.756 0.193 0.000 0.756 0.193 0.002 0.004 m2
#cylinder: 0.177 0.153 0.000 0.177 0.153 0.002 0.003 m17
#cylinder: 0.714 0.216 0.000 0.714 0.216 0.002 0.006 m5
#cylinder: 0.638 0.196 0.000 0.638 0.196 0.002 0.008 m15
#cylinder: 0.488 0.158 0.000 0.488 0.158 0.002 0.009 m10
#cylinder: 0.973 0.143 0.000 0.973 0.143 0.002 0.004 m1
#cylinder: 0.129 0.107 0.000 0.129 0.107 0.002 0.005 m13
#cylinder: 0.647 0.177 0.000 0.647 0.177 0.002 0.006 m20
#cylinder: 0.999 0.189 0.000 0.999 0.189 0.002 0.003 m13
#cylinder: 0.820 0.182 0.000 0.820 0.182 0.002 0.007 m14
#cylinder: 0.427 0.200 0.000 0.427 0.200 0.002 0.009 m7
#cylinder: 0.658 0.114 0.000 0.658 0.114 0.002 0.009 m16
#cylinder: 0.698 0.205 0.000 0.698 0.205 0.002 0.009 m13
#cylinder: 0.621 0.197 0.000 0.621 0.197 0.002 0.004 m8
#cylinder: 0.962 0.207 0.000 0.962 0.207 0.002 0.007 m16
#cylinder: 0.067 0.214 0.000 0.067 0.214 0.002 0.003 m4
#cylinder: 0.724 0.157 0.000 0.724 0.157 0.002 0.006 m6
#cylinder: 0.175 0.197 0.000 0.175 0.197 0.002 0.007 m8
#cylinder: 0.569 0.173 0.000 0.569 0.173 0.002 0.003 m13
#cylinder: 0.686 0.190 0.000 0.686 0.190 0.002 0.004 m16
#cylinder: 1.005 0.188 0.000 1.005 0.188 0.002 0.003 m10
#cylinder: 0.056 0.193 0.000 0.056 0.193 0.002 0.006 m8
#cylinder: 0.091 0.151 0.000 0.091 0.151 0.002 0.009 m16
#cylinder: 0.140 0.117 0.000 0.140 0.117 0.002 0.006 m14
#cylinder: 0.198 0.140 0.000 0.198 0.140 0.002 0.009 m12
#cylinder: 0.934 0.116 0.000 0.934 0.116 0.002 0.005 m11
#cylinder: 0.475 0.111 0.000 0.475 0.111 0.002 0.009 m14
#cylinder: 0.141 0.108 0.000 0.141 0.108 0.002 0.007 m8
#cylinder: 0.297 0.132 0.000 0.297 0.132 0.002 0.006 m11
#cylinder: 0.530 0.152 0.000 0.530 0.152 0.002 0.002 m19
#cylinder: 0.846 0.135 0.000 0.846 0.135 0.002 0.005 m10
#cylinder: 0.448 0.163 0.000 0.448 0.163 0.002 0.007 m9
#cylinder: 0.097 0.149 0.000 0.097 0.149 0.002 0.010 m20
#cylinder: 0.585 0.115 0.000 0.585 0.115 0.002 0.007 m3
#cylinder: 0.811 0.162 0.000 0.811 0.162 0.002 0.006 m11
#cylinder: 0.726 0.209 0.000 0.726 0.209 0.002 0.002 m4
#cylinder: 0.310 0.174 0.000 0.310 0.174 0.002 0.004 m6
#cylinder: 0.255 0.195 0.000 0.255 0.195 0.002 0.007 m7
#cylinder: 0.462 0.110 0.000 0.462 0.110 0.002 0.002 m17
#cylinder: 0.607 0.127 0.000 0.607 0.127 0.002 0.007 m8
#cylinder: 0.055 0.185 0.000 0.055 0.185 0.002 0.010 m8
#cylinder: 0.594 0.205 0.000 0.594 0.205 0.002 0.003 m17
#cylinder: 0.396 0.136 0.000 0.396 0.136 0.002 0.005 m9
#cylinder: 1.050 0.203 0.000 1.050 0.203 0.002 0.007 m17
#cylinder: 0.743 0.125 0.000 0.743 0.125 0.002 0.004 m2
#cylinder: 0.595 0.112 0.000 0.595 0.112 0.002 0.004 m20
#cylinder: 0.808 0.163 0.000 0.808 0.163 0.002 0.004 m9
#cylinder: 0.501 0.114 0.000 0.501 0.114 0.002 0.005 m19
#cylinder: 0.840 0.141 0.000 0.840 0.141 0.002 0.006 m5
#cylinder: 0.602 0.125 0.000 0.602 0.125 0.002 0.005 m11
#cylinder: 0.022 0.135 0.000 0.022 0.135 0.002 0.003 m12
#cylinder: 0.334 0.144 0.000 0.334 0.144 0.002 0.005 m5
#cylinder: 0.321 0.124 0.000 0.321 0.124 0.002 0.009 m12
#cylinder: 0.887 0.182 0.000 0.887 0.182 0.002 0.010 m5
#cylinder: 0.031 0.139 0.000 0.031 0.139 0.002 0.004 m18
#cylinder: 0.347 0.175 0.000 0.347 0.175 0.002 0.010 m8
#cylinder: 0.694 0.173 0.000 0.694 0.173 0.002 0.010 m7
#cylinder: 0.869 0.104 0.000 0.869 0.104 0.002 0.003 m20
#cylinder: 0.061 0.107 0.000 0.061 0.107 0.002 0.007 m13
#cylinder: 0.357 0.179 0.000 0.357 0.179 0.002 0.004 m19
#cylinder: 0.216 0.135 0.000 0.216 0.135 0.002 0.005 m20
#cylinder: 1.046 0.178 0.000 1.046 0.178 0.002 0.004 m3
#cylinder: 0.283 0.141 0.000 0.283 0.141 0.002 0.004 m14
#cylinder: 0.822 0.131 0.000 0.822 0.131 0.002 0.009 m1
#cylinder: 1.015 0.173 0.000 1.015 0.173 0.002 0.005 m4
#cylinder: 1.020 0.172 0.000 1.020 0.172 0.002 0.004 m15
#cylinder: 0.741 0.170 0.000 0.741 0.170 0.002 0.006 m20
#cylinder: 0.722 0.173 0.000 0.722 0.173 0.002 0.007 m4
#cylinder: 1.068 0.206 0.000 1.068 0.206 0.002 0.009 m18
#cylinder: 0.671 0.217 0.000 0.671 0.217 0.002 0.006 m3
#cylinder: 0.679 0.201 0.000 0.679 0.201 0.002 0.003 m18
#cylinder: 1.024 0.159 0.000 1.024 0.159 0.002 0.005 m15
#cylinder: 0.396 0.170 0.000 0.396 0.170 0.002 0.006 m14
#cylinder: 1.064 0.182 0.000 1.064 0.182 0.002 0.002 m13
#cylinder: 0.409 0.100 0.000 0.409 0.100 0.002 0.010 m2
#cylinder: 0.198 0.200 0.000 0.198 0.200 0.002 0.004 m1
#cylinder: 0.989 0.105 0.000 0.989 0.105 0.002 0.002 m8
#cylinder: 0.851 0.218 0.000 0.851 0.218 0.002 0.008 m1
#cylinder: 0.034 0.186 0.000 0.034 0.186 0.002 0.010 m3
#cylinder: 1.068 0.103 0.000 1.068 0.103 0.002 0.003 m11
#cylinder: 0.731 0.105 0.000 0.731 0.105 0.002 0.003 m6
#cylinder: 0.356 0.210 0.000 0.356 0.210 0.002 0.009 m17
#cylinder: 0.259 0.144 0.000 0.259 0.144 0.002 0.005 m12
#cylinder: 0.265 0.217 0.000 0.265 0.217 0.002 0.004 m2
