testingplz 
#domain: 1.200 0.300 0.002 
#dx_dy_dz: 0.002 0.002 0.002 
#time_window: 5.000000e-09 

#excitation_file: mala_source_modified.txt 
#hertzian_dipole: z 0.080 0.250 0 mala_source 
#rx: 0.120 0.250 0.000 
#src_steps: 0.002 0.000 0.000 
#rx_steps: 0.002 0.000 0.000 

#material: 5.000 0.220 1.000 0.000 concrete
#material: 1.000 0.000 1.000 0.000 air
#material: 80.000 0.500 1.000 0.000 water

#material: 1.000 0.000 1.000 0.000 m1
#material: 2.000 0.000 1.000 0.000 m2
#material: 3.000 0.000 1.000 0.000 m3
#material: 4.000 0.000 1.000 0.000 m4
#material: 5.000 0.000 1.000 0.000 m5
#material: 6.000 0.000 1.000 0.000 m6
#material: 7.000 0.000 1.000 0.000 m7
#material: 8.000 0.000 1.000 0.000 m8
#material: 9.000 0.000 1.000 0.000 m9
#material: 10.000 0.000 1.000 0.000 m10
#material: 11.000 0.000 1.000 0.000 m11
#material: 12.000 0.000 1.000 0.000 m12
#material: 13.000 0.000 1.000 0.000 m13
#material: 14.000 0.000 1.000 0.000 m14
#material: 15.000 0.000 1.000 0.000 m15
#material: 16.000 0.000 1.000 0.000 m16
#material: 17.000 0.000 1.000 0.000 m17
#material: 18.000 0.000 1.000 0.000 m18
#material: 19.000 0.000 1.000 0.000 m19
#material: 20.000 0.000 1.000 0.000 m20

#box: 0.000 0.000 0.000 1.200 0.250 0.002 concrete

#cylinder: 0.666 0.189 0.000 0.666 0.189 0.002 0.005 m6
#cylinder: 0.025 0.119 0.000 0.025 0.119 0.002 0.004 m1
#cylinder: 1.018 0.175 0.000 1.018 0.175 0.002 0.010 m10
#cylinder: 0.772 0.131 0.000 0.772 0.131 0.002 0.003 m11
#cylinder: 0.467 0.157 0.000 0.467 0.157 0.002 0.010 m12
#cylinder: 0.031 0.145 0.000 0.031 0.145 0.002 0.006 m17
#cylinder: 0.291 0.158 0.000 0.291 0.158 0.002 0.009 m20
#cylinder: 0.584 0.141 0.000 0.584 0.141 0.002 0.003 m11
#cylinder: 0.151 0.120 0.000 0.151 0.120 0.002 0.004 m18
#cylinder: 0.181 0.200 0.000 0.181 0.200 0.002 0.004 m12
#cylinder: 1.043 0.170 0.000 1.043 0.170 0.002 0.004 m1
#cylinder: 0.491 0.168 0.000 0.491 0.168 0.002 0.005 m15
#cylinder: 0.627 0.211 0.000 0.627 0.211 0.002 0.009 m19
#cylinder: 0.841 0.156 0.000 0.841 0.156 0.002 0.006 m10
#cylinder: 0.170 0.174 0.000 0.170 0.174 0.002 0.008 m20
#cylinder: 0.980 0.193 0.000 0.980 0.193 0.002 0.006 m17
#cylinder: 0.426 0.121 0.000 0.426 0.121 0.002 0.007 m18
#cylinder: 0.399 0.199 0.000 0.399 0.199 0.002 0.005 m13
#cylinder: 0.080 0.125 0.000 0.080 0.125 0.002 0.002 m6
#cylinder: 0.725 0.190 0.000 0.725 0.190 0.002 0.007 m20
#cylinder: 0.910 0.103 0.000 0.910 0.103 0.002 0.009 m4
#cylinder: 0.080 0.198 0.000 0.080 0.198 0.002 0.004 m9
#cylinder: 0.514 0.156 0.000 0.514 0.156 0.002 0.007 m14
#cylinder: 0.246 0.155 0.000 0.246 0.155 0.002 0.009 m5
#cylinder: 0.935 0.159 0.000 0.935 0.159 0.002 0.009 m15
#cylinder: 0.496 0.127 0.000 0.496 0.127 0.002 0.004 m7
#cylinder: 0.005 0.135 0.000 0.005 0.135 0.002 0.003 m7
#cylinder: 0.450 0.162 0.000 0.450 0.162 0.002 0.004 m18
#cylinder: 0.854 0.215 0.000 0.854 0.215 0.002 0.009 m19
#cylinder: 1.091 0.192 0.000 1.091 0.192 0.002 0.003 m10
#cylinder: 0.010 0.201 0.000 0.010 0.201 0.002 0.007 m6
#cylinder: 0.436 0.168 0.000 0.436 0.168 0.002 0.005 m5
#cylinder: 0.982 0.200 0.000 0.982 0.200 0.002 0.004 m1
#cylinder: 0.396 0.146 0.000 0.396 0.146 0.002 0.004 m19
#cylinder: 0.830 0.196 0.000 0.830 0.196 0.002 0.005 m2
#cylinder: 0.197 0.122 0.000 0.197 0.122 0.002 0.005 m3
#cylinder: 0.770 0.164 0.000 0.770 0.164 0.002 0.004 m9
#cylinder: 0.793 0.106 0.000 0.793 0.106 0.002 0.005 m18
#cylinder: 0.774 0.180 0.000 0.774 0.180 0.002 0.003 m19
#cylinder: 0.594 0.113 0.000 0.594 0.113 0.002 0.007 m20
#cylinder: 0.335 0.206 0.000 0.335 0.206 0.002 0.007 m5
#cylinder: 1.074 0.104 0.000 1.074 0.104 0.002 0.007 m9
#cylinder: 0.002 0.171 0.000 0.002 0.171 0.002 0.004 m14
#cylinder: 0.311 0.137 0.000 0.311 0.137 0.002 0.003 m14
#cylinder: 0.740 0.106 0.000 0.740 0.106 0.002 0.005 m2
#cylinder: 0.584 0.136 0.000 0.584 0.136 0.002 0.009 m9
#cylinder: 0.239 0.113 0.000 0.239 0.113 0.002 0.005 m19
#cylinder: 0.620 0.194 0.000 0.620 0.194 0.002 0.008 m10
#cylinder: 0.406 0.101 0.000 0.406 0.101 0.002 0.006 m1
#cylinder: 0.271 0.216 0.000 0.271 0.216 0.002 0.007 m8
#cylinder: 0.235 0.194 0.000 0.235 0.194 0.002 0.006 m19
#cylinder: 0.698 0.116 0.000 0.698 0.116 0.002 0.003 m4
#cylinder: 0.377 0.122 0.000 0.377 0.122 0.002 0.002 m12
#cylinder: 1.061 0.148 0.000 1.061 0.148 0.002 0.009 m15
#cylinder: 1.067 0.175 0.000 1.067 0.175 0.002 0.006 m9
#cylinder: 0.141 0.151 0.000 0.141 0.151 0.002 0.009 m1
#cylinder: 0.073 0.204 0.000 0.073 0.204 0.002 0.008 m14
#cylinder: 0.657 0.188 0.000 0.657 0.188 0.002 0.007 m8
#cylinder: 0.572 0.124 0.000 0.572 0.124 0.002 0.004 m1
#cylinder: 0.733 0.122 0.000 0.733 0.122 0.002 0.005 m13
#cylinder: 0.911 0.162 0.000 0.911 0.162 0.002 0.003 m17
#cylinder: 0.944 0.158 0.000 0.944 0.158 0.002 0.004 m15
#cylinder: 0.408 0.178 0.000 0.408 0.178 0.002 0.009 m8
#cylinder: 0.255 0.210 0.000 0.255 0.210 0.002 0.009 m12
#cylinder: 0.228 0.168 0.000 0.228 0.168 0.002 0.004 m5
#cylinder: 0.961 0.190 0.000 0.961 0.190 0.002 0.006 m18
#cylinder: 0.301 0.104 0.000 0.301 0.104 0.002 0.010 m7
#cylinder: 0.042 0.110 0.000 0.042 0.110 0.002 0.008 m17
#cylinder: 0.537 0.185 0.000 0.537 0.185 0.002 0.009 m6
#cylinder: 0.799 0.181 0.000 0.799 0.181 0.002 0.004 m14
#cylinder: 0.147 0.197 0.000 0.147 0.197 0.002 0.006 m19
#cylinder: 0.221 0.129 0.000 0.221 0.129 0.002 0.005 m10
#cylinder: 0.077 0.197 0.000 0.077 0.197 0.002 0.009 m15
#cylinder: 0.916 0.212 0.000 0.916 0.212 0.002 0.006 m3
#cylinder: 0.072 0.195 0.000 0.072 0.195 0.002 0.005 m17
#cylinder: 0.923 0.121 0.000 0.923 0.121 0.002 0.009 m5
#cylinder: 1.049 0.116 0.000 1.049 0.116 0.002 0.005 m1
#cylinder: 0.273 0.147 0.000 0.273 0.147 0.002 0.004 m10
#cylinder: 0.909 0.164 0.000 0.909 0.164 0.002 0.010 m20
#cylinder: 0.953 0.140 0.000 0.953 0.140 0.002 0.006 m11
#cylinder: 0.780 0.166 0.000 0.780 0.166 0.002 0.004 m9
#cylinder: 0.548 0.155 0.000 0.548 0.155 0.002 0.002 m15
#cylinder: 0.825 0.122 0.000 0.825 0.122 0.002 0.003 m8
#cylinder: 0.215 0.130 0.000 0.215 0.130 0.002 0.003 m13
#cylinder: 0.330 0.216 0.000 0.330 0.216 0.002 0.003 m9
#cylinder: 0.709 0.123 0.000 0.709 0.123 0.002 0.006 m19
#cylinder: 1.088 0.200 0.000 1.088 0.200 0.002 0.006 m16
#cylinder: 0.896 0.151 0.000 0.896 0.151 0.002 0.009 m9
#cylinder: 0.699 0.159 0.000 0.699 0.159 0.002 0.009 m10
#cylinder: 0.780 0.152 0.000 0.780 0.152 0.002 0.009 m9
#cylinder: 0.794 0.133 0.000 0.794 0.133 0.002 0.010 m13
#cylinder: 0.332 0.213 0.000 0.332 0.213 0.002 0.009 m2
#cylinder: 0.981 0.123 0.000 0.981 0.123 0.002 0.009 m4
#cylinder: 0.010 0.190 0.000 0.010 0.190 0.002 0.007 m3
#cylinder: 0.802 0.128 0.000 0.802 0.128 0.002 0.007 m19
#cylinder: 0.173 0.208 0.000 0.173 0.208 0.002 0.002 m12
#cylinder: 0.143 0.177 0.000 0.143 0.177 0.002 0.003 m7
#cylinder: 0.697 0.164 0.000 0.697 0.164 0.002 0.005 m12
#cylinder: 0.450 0.131 0.000 0.450 0.131 0.002 0.005 m3
#cylinder: 0.459 0.118 0.000 0.459 0.118 0.002 0.007 m7
#cylinder: 0.633 0.194 0.000 0.633 0.194 0.002 0.010 m16
#cylinder: 0.575 0.117 0.000 0.575 0.117 0.002 0.010 m8
#cylinder: 0.644 0.197 0.000 0.644 0.197 0.002 0.005 m17
#cylinder: 0.698 0.159 0.000 0.698 0.159 0.002 0.006 m12
#cylinder: 0.916 0.162 0.000 0.916 0.162 0.002 0.010 m20
#cylinder: 0.274 0.158 0.000 0.274 0.158 0.002 0.007 m10
#cylinder: 0.904 0.146 0.000 0.904 0.146 0.002 0.004 m12
#cylinder: 0.391 0.116 0.000 0.391 0.116 0.002 0.003 m11
#cylinder: 0.990 0.220 0.000 0.990 0.220 0.002 0.006 m7
#cylinder: 0.481 0.160 0.000 0.481 0.160 0.002 0.008 m17
#cylinder: 1.074 0.172 0.000 1.074 0.172 0.002 0.008 m18
#cylinder: 0.654 0.143 0.000 0.654 0.143 0.002 0.005 m8
#cylinder: 0.129 0.132 0.000 0.129 0.132 0.002 0.003 m16
#cylinder: 0.597 0.193 0.000 0.597 0.193 0.002 0.004 m15
#cylinder: 0.720 0.209 0.000 0.720 0.209 0.002 0.009 m7
#cylinder: 1.071 0.203 0.000 1.071 0.203 0.002 0.003 m14
#cylinder: 0.791 0.211 0.000 0.791 0.211 0.002 0.002 m18
#cylinder: 0.179 0.205 0.000 0.179 0.205 0.002 0.005 m17
#cylinder: 0.780 0.219 0.000 0.780 0.219 0.002 0.009 m7
#cylinder: 0.581 0.111 0.000 0.581 0.111 0.002 0.010 m3
#cylinder: 0.088 0.160 0.000 0.088 0.160 0.002 0.003 m1
#cylinder: 0.507 0.137 0.000 0.507 0.137 0.002 0.009 m5
#cylinder: 0.161 0.214 0.000 0.161 0.214 0.002 0.003 m17
#cylinder: 0.927 0.119 0.000 0.927 0.119 0.002 0.004 m13
#cylinder: 0.222 0.151 0.000 0.222 0.151 0.002 0.006 m5
#cylinder: 0.326 0.167 0.000 0.326 0.167 0.002 0.004 m13
#cylinder: 1.052 0.201 0.000 1.052 0.201 0.002 0.003 m14
#cylinder: 0.634 0.158 0.000 0.634 0.158 0.002 0.005 m19
#cylinder: 0.418 0.211 0.000 0.418 0.211 0.002 0.007 m9
#cylinder: 1.049 0.178 0.000 1.049 0.178 0.002 0.003 m13
#cylinder: 1.028 0.102 0.000 1.028 0.102 0.002 0.008 m6
#cylinder: 0.527 0.212 0.000 0.527 0.212 0.002 0.010 m17
#cylinder: 0.661 0.121 0.000 0.661 0.121 0.002 0.003 m3
#cylinder: 0.056 0.191 0.000 0.056 0.191 0.002 0.004 m3
#cylinder: 0.096 0.139 0.000 0.096 0.139 0.002 0.007 m20
#cylinder: 0.164 0.138 0.000 0.164 0.138 0.002 0.010 m20
#cylinder: 0.146 0.122 0.000 0.146 0.122 0.002 0.006 m13
#cylinder: 0.431 0.125 0.000 0.431 0.125 0.002 0.009 m19
#cylinder: 1.000 0.163 0.000 1.000 0.163 0.002 0.004 m6
#cylinder: 0.686 0.159 0.000 0.686 0.159 0.002 0.009 m1
#cylinder: 0.599 0.194 0.000 0.599 0.194 0.002 0.004 m19
#cylinder: 1.061 0.193 0.000 1.061 0.193 0.002 0.003 m19
#cylinder: 0.789 0.201 0.000 0.789 0.201 0.002 0.004 m6
#cylinder: 0.877 0.108 0.000 0.877 0.108 0.002 0.010 m2
#cylinder: 0.207 0.212 0.000 0.207 0.212 0.002 0.004 m4
#cylinder: 0.014 0.178 0.000 0.014 0.178 0.002 0.004 m7
#cylinder: 0.413 0.144 0.000 0.413 0.144 0.002 0.002 m14
#cylinder: 0.643 0.178 0.000 0.643 0.178 0.002 0.008 m8
#cylinder: 0.357 0.208 0.000 0.357 0.208 0.002 0.004 m8
#cylinder: 0.804 0.129 0.000 0.804 0.129 0.002 0.003 m2
#cylinder: 0.791 0.201 0.000 0.791 0.201 0.002 0.009 m18
#cylinder: 1.094 0.171 0.000 1.094 0.171 0.002 0.002 m6
#cylinder: 0.293 0.189 0.000 0.293 0.189 0.002 0.006 m13
#cylinder: 0.918 0.196 0.000 0.918 0.196 0.002 0.008 m19
#cylinder: 0.086 0.134 0.000 0.086 0.134 0.002 0.008 m14
#cylinder: 0.136 0.207 0.000 0.136 0.207 0.002 0.004 m12
#cylinder: 0.617 0.104 0.000 0.617 0.104 0.002 0.007 m17
#cylinder: 0.950 0.211 0.000 0.950 0.211 0.002 0.004 m5
#cylinder: 0.349 0.213 0.000 0.349 0.213 0.002 0.009 m20
#cylinder: 1.036 0.109 0.000 1.036 0.109 0.002 0.004 m6
#cylinder: 0.878 0.165 0.000 0.878 0.165 0.002 0.005 m10
#cylinder: 1.011 0.128 0.000 1.011 0.128 0.002 0.004 m13
#cylinder: 0.104 0.153 0.000 0.104 0.153 0.002 0.004 m12
#cylinder: 0.961 0.192 0.000 0.961 0.192 0.002 0.009 m10
#cylinder: 0.823 0.145 0.000 0.823 0.145 0.002 0.002 m8
#cylinder: 0.539 0.199 0.000 0.539 0.199 0.002 0.009 m20
#cylinder: 0.527 0.189 0.000 0.527 0.189 0.002 0.009 m16
#cylinder: 0.527 0.182 0.000 0.527 0.182 0.002 0.008 m6
#cylinder: 1.036 0.195 0.000 1.036 0.195 0.002 0.010 m6
#cylinder: 0.329 0.183 0.000 0.329 0.183 0.002 0.006 m4
#cylinder: 0.312 0.110 0.000 0.312 0.110 0.002 0.002 m9
#cylinder: 0.182 0.202 0.000 0.182 0.202 0.002 0.008 m10
#cylinder: 0.895 0.128 0.000 0.895 0.128 0.002 0.010 m4
#cylinder: 0.168 0.213 0.000 0.168 0.213 0.002 0.003 m18
#cylinder: 0.209 0.134 0.000 0.209 0.134 0.002 0.006 m16
#cylinder: 0.938 0.127 0.000 0.938 0.127 0.002 0.006 m10
#cylinder: 0.470 0.201 0.000 0.470 0.201 0.002 0.004 m3
#cylinder: 0.482 0.183 0.000 0.482 0.183 0.002 0.003 m2
#cylinder: 0.866 0.182 0.000 0.866 0.182 0.002 0.004 m8
#cylinder: 0.532 0.141 0.000 0.532 0.141 0.002 0.003 m17
#cylinder: 0.378 0.214 0.000 0.378 0.214 0.002 0.003 m1
#cylinder: 0.992 0.175 0.000 0.992 0.175 0.002 0.005 m9
#cylinder: 0.935 0.173 0.000 0.935 0.173 0.002 0.004 m8
#cylinder: 0.393 0.100 0.000 0.393 0.100 0.002 0.005 m1
#cylinder: 0.494 0.118 0.000 0.494 0.118 0.002 0.004 m1
#cylinder: 1.046 0.165 0.000 1.046 0.165 0.002 0.002 m14
#cylinder: 1.032 0.204 0.000 1.032 0.204 0.002 0.006 m18
#cylinder: 0.677 0.102 0.000 0.677 0.102 0.002 0.006 m11
#cylinder: 0.662 0.109 0.000 0.662 0.109 0.002 0.009 m13
#cylinder: 0.624 0.199 0.000 0.624 0.199 0.002 0.003 m1
#cylinder: 0.934 0.211 0.000 0.934 0.211 0.002 0.005 m19
#cylinder: 0.585 0.204 0.000 0.585 0.204 0.002 0.007 m11
#cylinder: 0.889 0.201 0.000 0.889 0.201 0.002 0.009 m12
#cylinder: 0.778 0.150 0.000 0.778 0.150 0.002 0.003 m11
#cylinder: 0.143 0.148 0.000 0.143 0.148 0.002 0.009 m20
#cylinder: 0.663 0.127 0.000 0.663 0.127 0.002 0.004 m7
#cylinder: 1.065 0.115 0.000 1.065 0.115 0.002 0.004 m9
#cylinder: 0.979 0.129 0.000 0.979 0.129 0.002 0.004 m16
#cylinder: 0.743 0.196 0.000 0.743 0.196 0.002 0.009 m17
#cylinder: 0.531 0.160 0.000 0.531 0.160 0.002 0.004 m17
