testingplz 
#domain: 1.200 0.300 0.002 
#dx_dy_dz: 0.002 0.002 0.002 
#time_window: 5.000000e-09 

#excitation_file: mala_source_modified.txt 
#hertzian_dipole: z 0.080 0.250 0 mala_source 
#rx: 0.120 0.250 0.000 
#src_steps: 0.002 0.000 0.000 
#rx_steps: 0.002 0.000 0.000 

#material: 5.000 0.220 1.000 0.000 concrete
#material: 1.000 0.000 1.000 0.000 air
#material: 80.000 0.500 1.000 0.000 water

#material: 1.000 0.000 1.000 0.000 m1
#material: 2.000 0.000 1.000 0.000 m2
#material: 3.000 0.000 1.000 0.000 m3
#material: 4.000 0.000 1.000 0.000 m4
#material: 5.000 0.000 1.000 0.000 m5
#material: 6.000 0.000 1.000 0.000 m6
#material: 7.000 0.000 1.000 0.000 m7
#material: 8.000 0.000 1.000 0.000 m8
#material: 9.000 0.000 1.000 0.000 m9
#material: 10.000 0.000 1.000 0.000 m10
#material: 11.000 0.000 1.000 0.000 m11
#material: 12.000 0.000 1.000 0.000 m12
#material: 13.000 0.000 1.000 0.000 m13
#material: 14.000 0.000 1.000 0.000 m14
#material: 15.000 0.000 1.000 0.000 m15
#material: 16.000 0.000 1.000 0.000 m16
#material: 17.000 0.000 1.000 0.000 m17
#material: 18.000 0.000 1.000 0.000 m18
#material: 19.000 0.000 1.000 0.000 m19
#material: 20.000 0.000 1.000 0.000 m20

#box: 0.000 0.000 0.000 1.200 0.250 0.002 concrete

#cylinder: 0.894 0.192 0.000 0.894 0.192 0.002 0.002 m16
#cylinder: 0.814 0.115 0.000 0.814 0.115 0.002 0.004 m9
#cylinder: 0.171 0.113 0.000 0.171 0.113 0.002 0.004 m12
#cylinder: 0.529 0.123 0.000 0.529 0.123 0.002 0.010 m18
#cylinder: 0.688 0.132 0.000 0.688 0.132 0.002 0.006 m7
#cylinder: 0.548 0.217 0.000 0.548 0.217 0.002 0.010 m9
#cylinder: 0.928 0.116 0.000 0.928 0.116 0.002 0.006 m20
#cylinder: 0.101 0.158 0.000 0.101 0.158 0.002 0.009 m6
#cylinder: 0.600 0.161 0.000 0.600 0.161 0.002 0.010 m19
#cylinder: 0.199 0.110 0.000 0.199 0.110 0.002 0.005 m3
#cylinder: 0.425 0.188 0.000 0.425 0.188 0.002 0.003 m6
#cylinder: 0.105 0.184 0.000 0.105 0.184 0.002 0.010 m19
#cylinder: 0.623 0.109 0.000 0.623 0.109 0.002 0.004 m7
#cylinder: 0.321 0.141 0.000 0.321 0.141 0.002 0.004 m20
#cylinder: 0.533 0.196 0.000 0.533 0.196 0.002 0.002 m17
#cylinder: 0.534 0.180 0.000 0.534 0.180 0.002 0.009 m8
#cylinder: 0.814 0.181 0.000 0.814 0.181 0.002 0.004 m9
#cylinder: 1.091 0.125 0.000 1.091 0.125 0.002 0.009 m19
#cylinder: 0.703 0.122 0.000 0.703 0.122 0.002 0.004 m16
#cylinder: 0.039 0.159 0.000 0.039 0.159 0.002 0.009 m14
#cylinder: 0.139 0.154 0.000 0.139 0.154 0.002 0.003 m16
#cylinder: 0.760 0.148 0.000 0.760 0.148 0.002 0.004 m20
#cylinder: 0.650 0.202 0.000 0.650 0.202 0.002 0.003 m15
#cylinder: 0.109 0.114 0.000 0.109 0.114 0.002 0.006 m14
#cylinder: 0.308 0.218 0.000 0.308 0.218 0.002 0.007 m18
#cylinder: 0.153 0.202 0.000 0.153 0.202 0.002 0.004 m6
#cylinder: 1.025 0.194 0.000 1.025 0.194 0.002 0.004 m10
#cylinder: 0.137 0.124 0.000 0.137 0.124 0.002 0.007 m15
#cylinder: 0.311 0.184 0.000 0.311 0.184 0.002 0.006 m5
#cylinder: 0.478 0.140 0.000 0.478 0.140 0.002 0.007 m20
#cylinder: 0.856 0.170 0.000 0.856 0.170 0.002 0.007 m15
#cylinder: 0.788 0.175 0.000 0.788 0.175 0.002 0.002 m13
#cylinder: 0.881 0.186 0.000 0.881 0.186 0.002 0.002 m11
#cylinder: 0.049 0.196 0.000 0.049 0.196 0.002 0.004 m15
#cylinder: 0.803 0.143 0.000 0.803 0.143 0.002 0.009 m5
#cylinder: 0.203 0.186 0.000 0.203 0.186 0.002 0.003 m2
#cylinder: 0.303 0.141 0.000 0.303 0.141 0.002 0.009 m17
#cylinder: 0.045 0.151 0.000 0.045 0.151 0.002 0.010 m6
#cylinder: 0.720 0.158 0.000 0.720 0.158 0.002 0.005 m7
#cylinder: 0.779 0.182 0.000 0.779 0.182 0.002 0.008 m18
#cylinder: 1.084 0.176 0.000 1.084 0.176 0.002 0.002 m9
#cylinder: 0.479 0.158 0.000 0.479 0.158 0.002 0.006 m18
#cylinder: 0.545 0.175 0.000 0.545 0.175 0.002 0.009 m1
#cylinder: 0.619 0.176 0.000 0.619 0.176 0.002 0.010 m6
#cylinder: 0.849 0.151 0.000 0.849 0.151 0.002 0.003 m5
#cylinder: 0.274 0.159 0.000 0.274 0.159 0.002 0.007 m18
#cylinder: 1.065 0.176 0.000 1.065 0.176 0.002 0.004 m14
#cylinder: 1.100 0.207 0.000 1.100 0.207 0.002 0.003 m8
#cylinder: 0.074 0.153 0.000 0.074 0.153 0.002 0.007 m2
#cylinder: 0.065 0.169 0.000 0.065 0.169 0.002 0.006 m9
#cylinder: 0.809 0.109 0.000 0.809 0.109 0.002 0.004 m15
#cylinder: 0.815 0.100 0.000 0.815 0.100 0.002 0.009 m8
#cylinder: 0.251 0.104 0.000 0.251 0.104 0.002 0.007 m7
#cylinder: 1.085 0.157 0.000 1.085 0.157 0.002 0.003 m11
#cylinder: 0.817 0.132 0.000 0.817 0.132 0.002 0.008 m20
#cylinder: 0.470 0.179 0.000 0.470 0.179 0.002 0.005 m16
#cylinder: 0.752 0.130 0.000 0.752 0.130 0.002 0.009 m16
#cylinder: 0.401 0.203 0.000 0.401 0.203 0.002 0.010 m17
#cylinder: 0.217 0.153 0.000 0.217 0.153 0.002 0.009 m14
#cylinder: 0.834 0.165 0.000 0.834 0.165 0.002 0.008 m5
#cylinder: 1.091 0.168 0.000 1.091 0.168 0.002 0.004 m18
#cylinder: 1.096 0.145 0.000 1.096 0.145 0.002 0.009 m9
#cylinder: 1.011 0.115 0.000 1.011 0.115 0.002 0.004 m10
#cylinder: 0.161 0.108 0.000 0.161 0.108 0.002 0.010 m8
#cylinder: 1.078 0.158 0.000 1.078 0.158 0.002 0.009 m19
#cylinder: 0.478 0.105 0.000 0.478 0.105 0.002 0.005 m16
#cylinder: 0.860 0.139 0.000 0.860 0.139 0.002 0.009 m14
#cylinder: 0.757 0.199 0.000 0.757 0.199 0.002 0.008 m16
#cylinder: 0.935 0.192 0.000 0.935 0.192 0.002 0.009 m9
#cylinder: 0.521 0.189 0.000 0.521 0.189 0.002 0.005 m11
#cylinder: 1.003 0.154 0.000 1.003 0.154 0.002 0.010 m15
#cylinder: 0.522 0.197 0.000 0.522 0.197 0.002 0.007 m20
#cylinder: 0.267 0.152 0.000 0.267 0.152 0.002 0.003 m6
#cylinder: 0.165 0.219 0.000 0.165 0.219 0.002 0.010 m19
#cylinder: 0.416 0.176 0.000 0.416 0.176 0.002 0.003 m20
#cylinder: 0.965 0.152 0.000 0.965 0.152 0.002 0.004 m17
#cylinder: 0.362 0.147 0.000 0.362 0.147 0.002 0.004 m3
#cylinder: 0.728 0.220 0.000 0.728 0.220 0.002 0.009 m9
#cylinder: 0.948 0.150 0.000 0.948 0.150 0.002 0.003 m11
#cylinder: 0.446 0.160 0.000 0.446 0.160 0.002 0.006 m5
#cylinder: 0.347 0.218 0.000 0.347 0.218 0.002 0.006 m15
#cylinder: 1.099 0.113 0.000 1.099 0.113 0.002 0.006 m16
#cylinder: 0.768 0.109 0.000 0.768 0.109 0.002 0.006 m8
#cylinder: 0.765 0.107 0.000 0.765 0.107 0.002 0.004 m20
#cylinder: 1.052 0.108 0.000 1.052 0.108 0.002 0.009 m14
#cylinder: 0.341 0.213 0.000 0.341 0.213 0.002 0.003 m1
#cylinder: 0.048 0.175 0.000 0.048 0.175 0.002 0.009 m6
#cylinder: 1.030 0.132 0.000 1.030 0.132 0.002 0.004 m6
#cylinder: 0.080 0.115 0.000 0.080 0.115 0.002 0.003 m10
#cylinder: 0.655 0.186 0.000 0.655 0.186 0.002 0.006 m5
#cylinder: 0.987 0.128 0.000 0.987 0.128 0.002 0.003 m13
#cylinder: 0.289 0.114 0.000 0.289 0.114 0.002 0.009 m3
#cylinder: 0.194 0.193 0.000 0.194 0.193 0.002 0.004 m7
#cylinder: 0.438 0.210 0.000 0.438 0.210 0.002 0.009 m12
#cylinder: 0.340 0.116 0.000 0.340 0.116 0.002 0.004 m1
#cylinder: 1.068 0.104 0.000 1.068 0.104 0.002 0.003 m14
#cylinder: 0.508 0.111 0.000 0.508 0.111 0.002 0.010 m6
#cylinder: 0.561 0.140 0.000 0.561 0.140 0.002 0.004 m2
#cylinder: 0.024 0.217 0.000 0.024 0.217 0.002 0.005 m15
#cylinder: 0.938 0.211 0.000 0.938 0.211 0.002 0.006 m14
#cylinder: 0.830 0.103 0.000 0.830 0.103 0.002 0.009 m14
#cylinder: 0.580 0.168 0.000 0.580 0.168 0.002 0.009 m2
#cylinder: 0.656 0.159 0.000 0.656 0.159 0.002 0.005 m17
#cylinder: 0.931 0.202 0.000 0.931 0.202 0.002 0.007 m16
#cylinder: 0.687 0.146 0.000 0.687 0.146 0.002 0.008 m1
#cylinder: 0.717 0.106 0.000 0.717 0.106 0.002 0.009 m2
#cylinder: 0.168 0.220 0.000 0.168 0.220 0.002 0.005 m4
#cylinder: 0.157 0.166 0.000 0.157 0.166 0.002 0.009 m15
#cylinder: 0.064 0.109 0.000 0.064 0.109 0.002 0.003 m16
#cylinder: 0.381 0.156 0.000 0.381 0.156 0.002 0.003 m20
#cylinder: 0.148 0.191 0.000 0.148 0.191 0.002 0.008 m18
#cylinder: 0.977 0.153 0.000 0.977 0.153 0.002 0.009 m10
#cylinder: 1.002 0.156 0.000 1.002 0.156 0.002 0.009 m14
#cylinder: 0.316 0.172 0.000 0.316 0.172 0.002 0.006 m15
#cylinder: 0.722 0.108 0.000 0.722 0.108 0.002 0.004 m6
#cylinder: 1.070 0.131 0.000 1.070 0.131 0.002 0.008 m1
#cylinder: 0.287 0.127 0.000 0.287 0.127 0.002 0.003 m13
#cylinder: 0.360 0.163 0.000 0.360 0.163 0.002 0.006 m19
#cylinder: 0.819 0.126 0.000 0.819 0.126 0.002 0.007 m18
#cylinder: 0.587 0.149 0.000 0.587 0.149 0.002 0.008 m13
#cylinder: 0.644 0.162 0.000 0.644 0.162 0.002 0.010 m13
#cylinder: 0.128 0.189 0.000 0.128 0.189 0.002 0.008 m3
#cylinder: 0.500 0.215 0.000 0.500 0.215 0.002 0.004 m12
#cylinder: 0.879 0.145 0.000 0.879 0.145 0.002 0.005 m4
#cylinder: 0.424 0.204 0.000 0.424 0.204 0.002 0.009 m12
#cylinder: 1.044 0.215 0.000 1.044 0.215 0.002 0.009 m3
#cylinder: 0.303 0.108 0.000 0.303 0.108 0.002 0.004 m9
#cylinder: 0.171 0.136 0.000 0.171 0.136 0.002 0.002 m1
#cylinder: 0.686 0.134 0.000 0.686 0.134 0.002 0.009 m9
#cylinder: 0.554 0.150 0.000 0.554 0.150 0.002 0.009 m7
#cylinder: 0.619 0.150 0.000 0.619 0.150 0.002 0.009 m1
#cylinder: 0.762 0.210 0.000 0.762 0.210 0.002 0.005 m16
#cylinder: 0.452 0.136 0.000 0.452 0.136 0.002 0.010 m2
#cylinder: 0.019 0.112 0.000 0.019 0.112 0.002 0.006 m6
#cylinder: 0.038 0.183 0.000 0.038 0.183 0.002 0.007 m11
#cylinder: 0.793 0.219 0.000 0.793 0.219 0.002 0.006 m7
#cylinder: 1.083 0.168 0.000 1.083 0.168 0.002 0.003 m1
#cylinder: 0.835 0.131 0.000 0.835 0.131 0.002 0.003 m15
#cylinder: 0.455 0.120 0.000 0.455 0.120 0.002 0.005 m3
#cylinder: 0.583 0.154 0.000 0.583 0.154 0.002 0.008 m8
#cylinder: 0.653 0.143 0.000 0.653 0.143 0.002 0.006 m7
#cylinder: 0.860 0.126 0.000 0.860 0.126 0.002 0.006 m11
#cylinder: 0.037 0.148 0.000 0.037 0.148 0.002 0.004 m10
#cylinder: 0.798 0.148 0.000 0.798 0.148 0.002 0.008 m5
#cylinder: 0.579 0.111 0.000 0.579 0.111 0.002 0.009 m10
#cylinder: 0.906 0.184 0.000 0.906 0.184 0.002 0.006 m12
#cylinder: 0.223 0.144 0.000 0.223 0.144 0.002 0.008 m16
#cylinder: 0.061 0.130 0.000 0.061 0.130 0.002 0.005 m12
#cylinder: 0.950 0.196 0.000 0.950 0.196 0.002 0.008 m13
#cylinder: 0.235 0.203 0.000 0.235 0.203 0.002 0.009 m6
#cylinder: 0.140 0.166 0.000 0.140 0.166 0.002 0.009 m3
#cylinder: 0.063 0.177 0.000 0.063 0.177 0.002 0.003 m16
#cylinder: 0.434 0.112 0.000 0.434 0.112 0.002 0.003 m20
#cylinder: 0.476 0.106 0.000 0.476 0.106 0.002 0.006 m3
#cylinder: 0.262 0.132 0.000 0.262 0.132 0.002 0.003 m7
#cylinder: 0.578 0.212 0.000 0.578 0.212 0.002 0.007 m19
#cylinder: 0.833 0.169 0.000 0.833 0.169 0.002 0.002 m17
#cylinder: 0.135 0.156 0.000 0.135 0.156 0.002 0.010 m20
#cylinder: 0.128 0.172 0.000 0.128 0.172 0.002 0.007 m19
#cylinder: 0.290 0.100 0.000 0.290 0.100 0.002 0.006 m4
#cylinder: 0.454 0.128 0.000 0.454 0.128 0.002 0.007 m2
#cylinder: 0.076 0.161 0.000 0.076 0.161 0.002 0.003 m11
#cylinder: 0.700 0.202 0.000 0.700 0.202 0.002 0.004 m4
#cylinder: 0.480 0.135 0.000 0.480 0.135 0.002 0.008 m6
#cylinder: 0.488 0.128 0.000 0.488 0.128 0.002 0.007 m16
#cylinder: 0.048 0.119 0.000 0.048 0.119 0.002 0.008 m10
#cylinder: 0.263 0.151 0.000 0.263 0.151 0.002 0.010 m8
#cylinder: 0.352 0.169 0.000 0.352 0.169 0.002 0.009 m9
#cylinder: 1.026 0.117 0.000 1.026 0.117 0.002 0.004 m11
#cylinder: 1.081 0.119 0.000 1.081 0.119 0.002 0.004 m11
#cylinder: 0.966 0.105 0.000 0.966 0.105 0.002 0.004 m15
#cylinder: 0.599 0.206 0.000 0.599 0.206 0.002 0.005 m4
#cylinder: 0.231 0.157 0.000 0.231 0.157 0.002 0.010 m8
#cylinder: 0.004 0.190 0.000 0.004 0.190 0.002 0.009 m10
#cylinder: 0.016 0.110 0.000 0.016 0.110 0.002 0.005 m3
#cylinder: 0.485 0.128 0.000 0.485 0.128 0.002 0.009 m16
#cylinder: 0.241 0.153 0.000 0.241 0.153 0.002 0.004 m10
#cylinder: 0.356 0.194 0.000 0.356 0.194 0.002 0.004 m20
#cylinder: 0.268 0.106 0.000 0.268 0.106 0.002 0.007 m3
#cylinder: 0.331 0.178 0.000 0.331 0.178 0.002 0.007 m15
#cylinder: 0.826 0.169 0.000 0.826 0.169 0.002 0.005 m8
#cylinder: 1.067 0.189 0.000 1.067 0.189 0.002 0.009 m10
#cylinder: 0.118 0.190 0.000 0.118 0.190 0.002 0.005 m14
#cylinder: 0.153 0.184 0.000 0.153 0.184 0.002 0.004 m17
#cylinder: 0.353 0.130 0.000 0.353 0.130 0.002 0.007 m20
#cylinder: 0.338 0.208 0.000 0.338 0.208 0.002 0.008 m15
#cylinder: 0.913 0.123 0.000 0.913 0.123 0.002 0.006 m18
#cylinder: 0.583 0.127 0.000 0.583 0.127 0.002 0.007 m17
#cylinder: 1.093 0.220 0.000 1.093 0.220 0.002 0.005 m8
#cylinder: 0.998 0.185 0.000 0.998 0.185 0.002 0.007 m18
#cylinder: 0.361 0.166 0.000 0.361 0.166 0.002 0.006 m2
#cylinder: 0.105 0.129 0.000 0.105 0.129 0.002 0.004 m20
#cylinder: 0.816 0.186 0.000 0.816 0.186 0.002 0.010 m15
#cylinder: 0.466 0.178 0.000 0.466 0.178 0.002 0.009 m16
#cylinder: 0.207 0.114 0.000 0.207 0.114 0.002 0.004 m19
#cylinder: 0.585 0.129 0.000 0.585 0.129 0.002 0.007 m14
#cylinder: 0.292 0.116 0.000 0.292 0.116 0.002 0.007 m1
#cylinder: 0.104 0.103 0.000 0.104 0.103 0.002 0.008 m10
#cylinder: 0.978 0.190 0.000 0.978 0.190 0.002 0.003 m20
#cylinder: 0.121 0.193 0.000 0.121 0.193 0.002 0.002 m15
