testingplz 
#domain: 1.200 0.300 0.002 
#dx_dy_dz: 0.002 0.002 0.002 
#time_window: 5.000000e-09 

#excitation_file: mala_source_modified.txt 
#hertzian_dipole: z 0.080 0.250 0 mala_source 
#rx: 0.120 0.250 0.000 
#src_steps: 0.002 0.000 0.000 
#rx_steps: 0.002 0.000 0.000 

#material: 5.000 0.220 1.000 0.000 concrete
#material: 1.000 0.000 1.000 0.000 air
#material: 80.000 0.500 1.000 0.000 water

#material: 1.000 0.000 1.000 0.000 m1
#material: 2.000 0.000 1.000 0.000 m2
#material: 3.000 0.000 1.000 0.000 m3
#material: 4.000 0.000 1.000 0.000 m4
#material: 5.000 0.000 1.000 0.000 m5
#material: 6.000 0.000 1.000 0.000 m6
#material: 7.000 0.000 1.000 0.000 m7
#material: 8.000 0.000 1.000 0.000 m8
#material: 9.000 0.000 1.000 0.000 m9
#material: 10.000 0.000 1.000 0.000 m10
#material: 11.000 0.000 1.000 0.000 m11
#material: 12.000 0.000 1.000 0.000 m12
#material: 13.000 0.000 1.000 0.000 m13
#material: 14.000 0.000 1.000 0.000 m14
#material: 15.000 0.000 1.000 0.000 m15
#material: 16.000 0.000 1.000 0.000 m16
#material: 17.000 0.000 1.000 0.000 m17
#material: 18.000 0.000 1.000 0.000 m18
#material: 19.000 0.000 1.000 0.000 m19
#material: 20.000 0.000 1.000 0.000 m20

#box: 0.000 0.000 0.000 1.200 0.250 0.002 concrete

#cylinder: 0.779 0.139 0.000 0.779 0.139 0.002 0.006 m3
#cylinder: 0.105 0.126 0.000 0.105 0.126 0.002 0.006 m17
#cylinder: 0.500 0.124 0.000 0.500 0.124 0.002 0.009 m16
#cylinder: 0.452 0.166 0.000 0.452 0.166 0.002 0.006 m5
#cylinder: 0.037 0.179 0.000 0.037 0.179 0.002 0.009 m18
#cylinder: 0.049 0.216 0.000 0.049 0.216 0.002 0.005 m12
#cylinder: 0.361 0.217 0.000 0.361 0.217 0.002 0.005 m3
#cylinder: 0.291 0.177 0.000 0.291 0.177 0.002 0.004 m12
#cylinder: 0.351 0.133 0.000 0.351 0.133 0.002 0.009 m17
#cylinder: 0.674 0.175 0.000 0.674 0.175 0.002 0.003 m7
#cylinder: 1.034 0.106 0.000 1.034 0.106 0.002 0.004 m12
#cylinder: 0.473 0.165 0.000 0.473 0.165 0.002 0.002 m16
#cylinder: 0.220 0.182 0.000 0.220 0.182 0.002 0.006 m15
#cylinder: 0.645 0.174 0.000 0.645 0.174 0.002 0.002 m7
#cylinder: 0.494 0.105 0.000 0.494 0.105 0.002 0.009 m18
#cylinder: 0.740 0.217 0.000 0.740 0.217 0.002 0.003 m18
#cylinder: 0.416 0.219 0.000 0.416 0.219 0.002 0.010 m10
#cylinder: 0.359 0.164 0.000 0.359 0.164 0.002 0.008 m6
#cylinder: 0.170 0.166 0.000 0.170 0.166 0.002 0.007 m10
#cylinder: 0.656 0.106 0.000 0.656 0.106 0.002 0.005 m8
#cylinder: 0.151 0.142 0.000 0.151 0.142 0.002 0.004 m10
#cylinder: 0.034 0.196 0.000 0.034 0.196 0.002 0.009 m8
#cylinder: 0.554 0.148 0.000 0.554 0.148 0.002 0.009 m16
#cylinder: 1.059 0.169 0.000 1.059 0.169 0.002 0.007 m14
#cylinder: 0.017 0.145 0.000 0.017 0.145 0.002 0.009 m20
#cylinder: 0.419 0.143 0.000 0.419 0.143 0.002 0.009 m6
#cylinder: 0.731 0.183 0.000 0.731 0.183 0.002 0.003 m16
#cylinder: 0.489 0.196 0.000 0.489 0.196 0.002 0.009 m8
#cylinder: 0.351 0.162 0.000 0.351 0.162 0.002 0.007 m7
#cylinder: 0.958 0.166 0.000 0.958 0.166 0.002 0.009 m14
#cylinder: 0.446 0.118 0.000 0.446 0.118 0.002 0.006 m1
#cylinder: 0.489 0.152 0.000 0.489 0.152 0.002 0.005 m9
#cylinder: 1.009 0.198 0.000 1.009 0.198 0.002 0.004 m15
#cylinder: 0.925 0.147 0.000 0.925 0.147 0.002 0.003 m4
#cylinder: 0.847 0.171 0.000 0.847 0.171 0.002 0.003 m16
#cylinder: 0.412 0.128 0.000 0.412 0.128 0.002 0.003 m1
#cylinder: 0.306 0.182 0.000 0.306 0.182 0.002 0.009 m16
#cylinder: 0.690 0.218 0.000 0.690 0.218 0.002 0.007 m2
#cylinder: 0.146 0.203 0.000 0.146 0.203 0.002 0.004 m5
#cylinder: 0.552 0.146 0.000 0.552 0.146 0.002 0.008 m18
#cylinder: 0.466 0.157 0.000 0.466 0.157 0.002 0.004 m12
#cylinder: 0.625 0.126 0.000 0.625 0.126 0.002 0.002 m10
#cylinder: 0.043 0.149 0.000 0.043 0.149 0.002 0.007 m4
#cylinder: 0.281 0.168 0.000 0.281 0.168 0.002 0.005 m20
#cylinder: 0.212 0.220 0.000 0.212 0.220 0.002 0.010 m18
#cylinder: 0.630 0.141 0.000 0.630 0.141 0.002 0.009 m16
#cylinder: 0.816 0.186 0.000 0.816 0.186 0.002 0.005 m4
#cylinder: 0.477 0.202 0.000 0.477 0.202 0.002 0.004 m7
#cylinder: 0.968 0.118 0.000 0.968 0.118 0.002 0.008 m12
#cylinder: 0.466 0.174 0.000 0.466 0.174 0.002 0.004 m5
#cylinder: 0.295 0.113 0.000 0.295 0.113 0.002 0.010 m20
#cylinder: 0.351 0.164 0.000 0.351 0.164 0.002 0.004 m15
#cylinder: 0.925 0.125 0.000 0.925 0.125 0.002 0.005 m2
#cylinder: 0.849 0.193 0.000 0.849 0.193 0.002 0.004 m13
#cylinder: 0.064 0.218 0.000 0.064 0.218 0.002 0.006 m14
#cylinder: 0.732 0.172 0.000 0.732 0.172 0.002 0.005 m13
#cylinder: 0.508 0.172 0.000 0.508 0.172 0.002 0.003 m8
#cylinder: 0.640 0.120 0.000 0.640 0.120 0.002 0.004 m18
#cylinder: 0.578 0.161 0.000 0.578 0.161 0.002 0.009 m14
#cylinder: 1.091 0.108 0.000 1.091 0.108 0.002 0.005 m19
#cylinder: 0.176 0.129 0.000 0.176 0.129 0.002 0.009 m16
#cylinder: 0.809 0.106 0.000 0.809 0.106 0.002 0.008 m1
#cylinder: 0.201 0.176 0.000 0.201 0.176 0.002 0.002 m12
#cylinder: 0.867 0.136 0.000 0.867 0.136 0.002 0.005 m20
#cylinder: 0.526 0.175 0.000 0.526 0.175 0.002 0.010 m14
#cylinder: 0.030 0.206 0.000 0.030 0.206 0.002 0.010 m7
#cylinder: 0.715 0.165 0.000 0.715 0.165 0.002 0.005 m7
#cylinder: 0.150 0.190 0.000 0.150 0.190 0.002 0.007 m2
#cylinder: 0.960 0.183 0.000 0.960 0.183 0.002 0.009 m15
#cylinder: 0.484 0.166 0.000 0.484 0.166 0.002 0.006 m7
#cylinder: 0.427 0.181 0.000 0.427 0.181 0.002 0.007 m12
#cylinder: 0.319 0.177 0.000 0.319 0.177 0.002 0.005 m9
#cylinder: 0.295 0.153 0.000 0.295 0.153 0.002 0.004 m11
#cylinder: 0.737 0.190 0.000 0.737 0.190 0.002 0.004 m2
#cylinder: 0.570 0.217 0.000 0.570 0.217 0.002 0.009 m19
#cylinder: 0.073 0.128 0.000 0.073 0.128 0.002 0.004 m19
#cylinder: 0.634 0.153 0.000 0.634 0.153 0.002 0.009 m14
#cylinder: 0.458 0.109 0.000 0.458 0.109 0.002 0.008 m8
#cylinder: 0.687 0.200 0.000 0.687 0.200 0.002 0.007 m7
#cylinder: 0.045 0.129 0.000 0.045 0.129 0.002 0.003 m13
#cylinder: 0.416 0.150 0.000 0.416 0.150 0.002 0.004 m11
#cylinder: 0.454 0.181 0.000 0.454 0.181 0.002 0.002 m18
#cylinder: 0.022 0.113 0.000 0.022 0.113 0.002 0.007 m7
#cylinder: 0.502 0.214 0.000 0.502 0.214 0.002 0.007 m8
#cylinder: 0.121 0.166 0.000 0.121 0.166 0.002 0.006 m9
#cylinder: 0.850 0.189 0.000 0.850 0.189 0.002 0.003 m4
#cylinder: 0.470 0.124 0.000 0.470 0.124 0.002 0.006 m19
#cylinder: 0.327 0.159 0.000 0.327 0.159 0.002 0.005 m10
#cylinder: 0.596 0.215 0.000 0.596 0.215 0.002 0.003 m10
#cylinder: 0.963 0.166 0.000 0.963 0.166 0.002 0.004 m18
#cylinder: 0.039 0.114 0.000 0.039 0.114 0.002 0.005 m19
#cylinder: 0.057 0.122 0.000 0.057 0.122 0.002 0.004 m9
#cylinder: 0.883 0.210 0.000 0.883 0.210 0.002 0.009 m16
#cylinder: 0.145 0.217 0.000 0.145 0.217 0.002 0.009 m19
#cylinder: 0.249 0.107 0.000 0.249 0.107 0.002 0.003 m4
#cylinder: 0.901 0.128 0.000 0.901 0.128 0.002 0.007 m3
#cylinder: 1.053 0.194 0.000 1.053 0.194 0.002 0.007 m13
#cylinder: 0.098 0.187 0.000 0.098 0.187 0.002 0.005 m8
#cylinder: 0.562 0.157 0.000 0.562 0.157 0.002 0.004 m9
#cylinder: 0.164 0.179 0.000 0.164 0.179 0.002 0.007 m15
#cylinder: 0.983 0.165 0.000 0.983 0.165 0.002 0.010 m3
#cylinder: 0.175 0.108 0.000 0.175 0.108 0.002 0.006 m4
#cylinder: 0.830 0.181 0.000 0.830 0.181 0.002 0.006 m7
#cylinder: 0.910 0.177 0.000 0.910 0.177 0.002 0.007 m11
#cylinder: 0.387 0.169 0.000 0.387 0.169 0.002 0.006 m11
#cylinder: 0.558 0.216 0.000 0.558 0.216 0.002 0.003 m17
#cylinder: 1.001 0.140 0.000 1.001 0.140 0.002 0.008 m13
#cylinder: 0.287 0.145 0.000 0.287 0.145 0.002 0.002 m15
#cylinder: 0.116 0.124 0.000 0.116 0.124 0.002 0.009 m2
#cylinder: 0.034 0.139 0.000 0.034 0.139 0.002 0.003 m3
#cylinder: 0.519 0.188 0.000 0.519 0.188 0.002 0.004 m6
#cylinder: 0.299 0.102 0.000 0.299 0.102 0.002 0.008 m8
#cylinder: 0.145 0.212 0.000 0.145 0.212 0.002 0.006 m1
#cylinder: 0.528 0.176 0.000 0.528 0.176 0.002 0.008 m15
#cylinder: 0.701 0.157 0.000 0.701 0.157 0.002 0.009 m14
#cylinder: 1.072 0.213 0.000 1.072 0.213 0.002 0.003 m14
#cylinder: 0.100 0.115 0.000 0.100 0.115 0.002 0.006 m19
#cylinder: 0.409 0.216 0.000 0.409 0.216 0.002 0.004 m3
#cylinder: 0.639 0.214 0.000 0.639 0.214 0.002 0.005 m6
#cylinder: 0.822 0.159 0.000 0.822 0.159 0.002 0.009 m5
#cylinder: 0.123 0.150 0.000 0.123 0.150 0.002 0.005 m14
#cylinder: 0.937 0.140 0.000 0.937 0.140 0.002 0.002 m5
#cylinder: 1.084 0.159 0.000 1.084 0.159 0.002 0.005 m2
#cylinder: 0.292 0.161 0.000 0.292 0.161 0.002 0.004 m13
#cylinder: 1.091 0.172 0.000 1.091 0.172 0.002 0.009 m1
#cylinder: 0.244 0.149 0.000 0.244 0.149 0.002 0.007 m10
#cylinder: 1.088 0.202 0.000 1.088 0.202 0.002 0.010 m7
#cylinder: 0.195 0.197 0.000 0.195 0.197 0.002 0.010 m13
#cylinder: 0.282 0.175 0.000 0.282 0.175 0.002 0.008 m11
#cylinder: 1.008 0.149 0.000 1.008 0.149 0.002 0.004 m14
#cylinder: 0.495 0.142 0.000 0.495 0.142 0.002 0.004 m9
#cylinder: 0.828 0.126 0.000 0.828 0.126 0.002 0.004 m4
#cylinder: 0.115 0.195 0.000 0.115 0.195 0.002 0.006 m13
#cylinder: 0.253 0.201 0.000 0.253 0.201 0.002 0.005 m6
#cylinder: 0.767 0.134 0.000 0.767 0.134 0.002 0.005 m15
#cylinder: 0.890 0.169 0.000 0.890 0.169 0.002 0.007 m15
#cylinder: 0.675 0.186 0.000 0.675 0.186 0.002 0.005 m3
#cylinder: 0.003 0.138 0.000 0.003 0.138 0.002 0.006 m10
#cylinder: 0.629 0.160 0.000 0.629 0.160 0.002 0.009 m6
#cylinder: 0.435 0.199 0.000 0.435 0.199 0.002 0.005 m19
#cylinder: 0.516 0.135 0.000 0.516 0.135 0.002 0.006 m4
#cylinder: 0.382 0.121 0.000 0.382 0.121 0.002 0.005 m12
#cylinder: 0.457 0.146 0.000 0.457 0.146 0.002 0.007 m20
#cylinder: 1.052 0.144 0.000 1.052 0.144 0.002 0.005 m2
#cylinder: 0.037 0.152 0.000 0.037 0.152 0.002 0.002 m18
#cylinder: 0.356 0.115 0.000 0.356 0.115 0.002 0.003 m1
#cylinder: 0.778 0.185 0.000 0.778 0.185 0.002 0.010 m14
#cylinder: 0.722 0.171 0.000 0.722 0.171 0.002 0.009 m14
#cylinder: 0.075 0.196 0.000 0.075 0.196 0.002 0.005 m14
#cylinder: 0.371 0.115 0.000 0.371 0.115 0.002 0.008 m11
#cylinder: 0.905 0.216 0.000 0.905 0.216 0.002 0.005 m19
#cylinder: 0.822 0.115 0.000 0.822 0.115 0.002 0.004 m18
#cylinder: 0.945 0.207 0.000 0.945 0.207 0.002 0.009 m9
#cylinder: 1.017 0.199 0.000 1.017 0.199 0.002 0.006 m5
#cylinder: 0.782 0.102 0.000 0.782 0.102 0.002 0.004 m3
#cylinder: 0.862 0.170 0.000 0.862 0.170 0.002 0.004 m5
#cylinder: 0.557 0.132 0.000 0.557 0.132 0.002 0.004 m18
#cylinder: 0.309 0.176 0.000 0.309 0.176 0.002 0.009 m1
#cylinder: 0.803 0.173 0.000 0.803 0.173 0.002 0.003 m18
#cylinder: 0.344 0.133 0.000 0.344 0.133 0.002 0.009 m1
#cylinder: 0.819 0.171 0.000 0.819 0.171 0.002 0.009 m12
#cylinder: 0.594 0.151 0.000 0.594 0.151 0.002 0.004 m10
#cylinder: 0.535 0.209 0.000 0.535 0.209 0.002 0.010 m15
#cylinder: 0.283 0.185 0.000 0.283 0.185 0.002 0.010 m13
#cylinder: 0.500 0.136 0.000 0.500 0.136 0.002 0.004 m1
#cylinder: 0.413 0.184 0.000 0.413 0.184 0.002 0.009 m1
#cylinder: 0.612 0.107 0.000 0.612 0.107 0.002 0.004 m6
#cylinder: 0.385 0.101 0.000 0.385 0.101 0.002 0.002 m11
#cylinder: 0.558 0.209 0.000 0.558 0.209 0.002 0.008 m3
#cylinder: 0.253 0.160 0.000 0.253 0.160 0.002 0.006 m12
#cylinder: 0.859 0.124 0.000 0.859 0.124 0.002 0.010 m2
#cylinder: 0.853 0.220 0.000 0.853 0.220 0.002 0.003 m16
#cylinder: 0.001 0.125 0.000 0.001 0.125 0.002 0.009 m12
#cylinder: 0.725 0.169 0.000 0.725 0.169 0.002 0.005 m8
#cylinder: 0.421 0.149 0.000 0.421 0.149 0.002 0.007 m3
#cylinder: 0.975 0.102 0.000 0.975 0.102 0.002 0.006 m4
#cylinder: 0.495 0.161 0.000 0.495 0.161 0.002 0.008 m15
#cylinder: 0.987 0.122 0.000 0.987 0.122 0.002 0.007 m1
#cylinder: 1.078 0.201 0.000 1.078 0.201 0.002 0.010 m8
#cylinder: 0.684 0.136 0.000 0.684 0.136 0.002 0.009 m3
#cylinder: 0.989 0.153 0.000 0.989 0.153 0.002 0.004 m15
#cylinder: 0.764 0.164 0.000 0.764 0.164 0.002 0.002 m12
#cylinder: 0.269 0.216 0.000 0.269 0.216 0.002 0.008 m15
#cylinder: 0.943 0.219 0.000 0.943 0.219 0.002 0.008 m4
#cylinder: 0.889 0.124 0.000 0.889 0.124 0.002 0.005 m8
#cylinder: 0.285 0.175 0.000 0.285 0.175 0.002 0.009 m20
#cylinder: 0.485 0.178 0.000 0.485 0.178 0.002 0.005 m8
#cylinder: 0.911 0.154 0.000 0.911 0.154 0.002 0.007 m20
#cylinder: 1.063 0.144 0.000 1.063 0.144 0.002 0.005 m1
#cylinder: 1.087 0.218 0.000 1.087 0.218 0.002 0.007 m4
#cylinder: 0.111 0.145 0.000 0.111 0.145 0.002 0.005 m6
#cylinder: 0.807 0.214 0.000 0.807 0.214 0.002 0.009 m17
#cylinder: 0.231 0.170 0.000 0.231 0.170 0.002 0.004 m16
#cylinder: 0.565 0.203 0.000 0.565 0.203 0.002 0.005 m11
#cylinder: 0.304 0.164 0.000 0.304 0.164 0.002 0.009 m2
#cylinder: 1.096 0.122 0.000 1.096 0.122 0.002 0.010 m7
#cylinder: 0.586 0.216 0.000 0.586 0.216 0.002 0.006 m5
#cylinder: 0.356 0.103 0.000 0.356 0.103 0.002 0.007 m5
#cylinder: 0.144 0.174 0.000 0.144 0.174 0.002 0.002 m6
#cylinder: 0.798 0.218 0.000 0.798 0.218 0.002 0.004 m3
