testingplz 
#domain: 1.200 0.300 0.002 
#dx_dy_dz: 0.002 0.002 0.002 
#time_window: 5.000000e-09 

#excitation_file: mala_source_modified.txt 
#hertzian_dipole: z 0.080 0.250 0 mala_source 
#rx: 0.120 0.250 0.000 
#src_steps: 0.002 0.000 0.000 
#rx_steps: 0.002 0.000 0.000 

#material: 5.000 0.220 1.000 0.000 concrete
#material: 1.000 0.000 1.000 0.000 air
#material: 80.000 0.500 1.000 0.000 water

#material: 1.000 0.000 1.000 0.000 m1
#material: 2.000 0.000 1.000 0.000 m2
#material: 3.000 0.000 1.000 0.000 m3
#material: 4.000 0.000 1.000 0.000 m4
#material: 5.000 0.000 1.000 0.000 m5
#material: 6.000 0.000 1.000 0.000 m6
#material: 7.000 0.000 1.000 0.000 m7
#material: 8.000 0.000 1.000 0.000 m8
#material: 9.000 0.000 1.000 0.000 m9
#material: 10.000 0.000 1.000 0.000 m10
#material: 11.000 0.000 1.000 0.000 m11
#material: 12.000 0.000 1.000 0.000 m12
#material: 13.000 0.000 1.000 0.000 m13
#material: 14.000 0.000 1.000 0.000 m14
#material: 15.000 0.000 1.000 0.000 m15
#material: 16.000 0.000 1.000 0.000 m16
#material: 17.000 0.000 1.000 0.000 m17
#material: 18.000 0.000 1.000 0.000 m18
#material: 19.000 0.000 1.000 0.000 m19
#material: 20.000 0.000 1.000 0.000 m20

#box: 0.000 0.000 0.000 1.200 0.250 0.002 concrete

#cylinder: 0.770 0.182 0.000 0.770 0.182 0.002 0.002 m18
#cylinder: 0.452 0.160 0.000 0.452 0.160 0.002 0.009 m19
#cylinder: 0.240 0.186 0.000 0.240 0.186 0.002 0.009 m10
#cylinder: 0.098 0.205 0.000 0.098 0.205 0.002 0.004 m15
#cylinder: 0.548 0.193 0.000 0.548 0.193 0.002 0.004 m11
#cylinder: 0.565 0.141 0.000 0.565 0.141 0.002 0.009 m11
#cylinder: 0.851 0.189 0.000 0.851 0.189 0.002 0.008 m1
#cylinder: 0.811 0.159 0.000 0.811 0.159 0.002 0.007 m13
#cylinder: 0.041 0.140 0.000 0.041 0.140 0.002 0.004 m15
#cylinder: 0.482 0.193 0.000 0.482 0.193 0.002 0.009 m12
#cylinder: 0.491 0.220 0.000 0.491 0.220 0.002 0.010 m15
#cylinder: 0.337 0.197 0.000 0.337 0.197 0.002 0.007 m12
#cylinder: 0.374 0.186 0.000 0.374 0.186 0.002 0.006 m18
#cylinder: 1.081 0.118 0.000 1.081 0.118 0.002 0.006 m20
#cylinder: 0.988 0.110 0.000 0.988 0.110 0.002 0.009 m2
#cylinder: 0.137 0.110 0.000 0.137 0.110 0.002 0.010 m14
#cylinder: 0.885 0.132 0.000 0.885 0.132 0.002 0.005 m3
#cylinder: 1.085 0.137 0.000 1.085 0.137 0.002 0.004 m7
#cylinder: 0.039 0.159 0.000 0.039 0.159 0.002 0.003 m8
#cylinder: 0.638 0.121 0.000 0.638 0.121 0.002 0.005 m14
#cylinder: 0.360 0.158 0.000 0.360 0.158 0.002 0.010 m17
#cylinder: 0.519 0.161 0.000 0.519 0.161 0.002 0.009 m5
#cylinder: 0.606 0.158 0.000 0.606 0.158 0.002 0.009 m7
#cylinder: 1.073 0.153 0.000 1.073 0.153 0.002 0.003 m12
#cylinder: 0.019 0.102 0.000 0.019 0.102 0.002 0.009 m18
#cylinder: 0.765 0.205 0.000 0.765 0.205 0.002 0.005 m20
#cylinder: 0.207 0.137 0.000 0.207 0.137 0.002 0.004 m19
#cylinder: 0.814 0.190 0.000 0.814 0.190 0.002 0.009 m14
#cylinder: 0.332 0.110 0.000 0.332 0.110 0.002 0.006 m16
#cylinder: 0.585 0.143 0.000 0.585 0.143 0.002 0.008 m14
#cylinder: 0.323 0.165 0.000 0.323 0.165 0.002 0.003 m15
#cylinder: 1.085 0.191 0.000 1.085 0.191 0.002 0.008 m8
#cylinder: 0.516 0.219 0.000 0.516 0.219 0.002 0.003 m19
#cylinder: 0.408 0.147 0.000 0.408 0.147 0.002 0.005 m4
#cylinder: 0.665 0.107 0.000 0.665 0.107 0.002 0.004 m20
#cylinder: 0.811 0.121 0.000 0.811 0.121 0.002 0.007 m9
#cylinder: 1.000 0.201 0.000 1.000 0.201 0.002 0.004 m12
#cylinder: 1.052 0.212 0.000 1.052 0.212 0.002 0.003 m8
#cylinder: 0.975 0.159 0.000 0.975 0.159 0.002 0.006 m17
#cylinder: 0.915 0.195 0.000 0.915 0.195 0.002 0.008 m9
#cylinder: 0.116 0.151 0.000 0.116 0.151 0.002 0.007 m5
#cylinder: 0.956 0.123 0.000 0.956 0.123 0.002 0.009 m13
#cylinder: 0.394 0.210 0.000 0.394 0.210 0.002 0.006 m1
#cylinder: 0.903 0.189 0.000 0.903 0.189 0.002 0.007 m19
#cylinder: 0.959 0.148 0.000 0.959 0.148 0.002 0.004 m17
#cylinder: 0.114 0.129 0.000 0.114 0.129 0.002 0.004 m14
#cylinder: 0.540 0.217 0.000 0.540 0.217 0.002 0.002 m19
#cylinder: 0.897 0.110 0.000 0.897 0.110 0.002 0.007 m2
#cylinder: 1.067 0.210 0.000 1.067 0.210 0.002 0.005 m18
#cylinder: 0.714 0.131 0.000 0.714 0.131 0.002 0.009 m19
#cylinder: 0.979 0.177 0.000 0.979 0.177 0.002 0.005 m10
#cylinder: 0.938 0.186 0.000 0.938 0.186 0.002 0.007 m19
#cylinder: 0.656 0.201 0.000 0.656 0.201 0.002 0.009 m18
#cylinder: 0.898 0.207 0.000 0.898 0.207 0.002 0.006 m20
#cylinder: 0.336 0.154 0.000 0.336 0.154 0.002 0.005 m12
#cylinder: 0.853 0.210 0.000 0.853 0.210 0.002 0.003 m15
#cylinder: 0.136 0.135 0.000 0.136 0.135 0.002 0.004 m20
#cylinder: 0.536 0.103 0.000 0.536 0.103 0.002 0.010 m10
#cylinder: 0.416 0.181 0.000 0.416 0.181 0.002 0.004 m15
#cylinder: 1.099 0.185 0.000 1.099 0.185 0.002 0.007 m18
#cylinder: 1.099 0.201 0.000 1.099 0.201 0.002 0.006 m20
#cylinder: 0.491 0.112 0.000 0.491 0.112 0.002 0.010 m3
#cylinder: 1.026 0.105 0.000 1.026 0.105 0.002 0.003 m2
#cylinder: 0.769 0.162 0.000 0.769 0.162 0.002 0.003 m5
#cylinder: 0.103 0.160 0.000 0.103 0.160 0.002 0.007 m17
#cylinder: 0.056 0.220 0.000 0.056 0.220 0.002 0.009 m18
#cylinder: 0.412 0.201 0.000 0.412 0.201 0.002 0.005 m1
#cylinder: 0.663 0.181 0.000 0.663 0.181 0.002 0.003 m19
#cylinder: 1.067 0.126 0.000 1.067 0.126 0.002 0.004 m10
#cylinder: 0.622 0.195 0.000 0.622 0.195 0.002 0.006 m17
#cylinder: 0.546 0.113 0.000 0.546 0.113 0.002 0.005 m20
#cylinder: 0.006 0.161 0.000 0.006 0.161 0.002 0.005 m15
#cylinder: 0.285 0.219 0.000 0.285 0.219 0.002 0.009 m12
#cylinder: 0.444 0.190 0.000 0.444 0.190 0.002 0.004 m14
#cylinder: 0.698 0.168 0.000 0.698 0.168 0.002 0.004 m8
#cylinder: 0.444 0.165 0.000 0.444 0.165 0.002 0.009 m5
#cylinder: 0.168 0.124 0.000 0.168 0.124 0.002 0.003 m16
#cylinder: 0.463 0.197 0.000 0.463 0.197 0.002 0.007 m9
#cylinder: 1.072 0.127 0.000 1.072 0.127 0.002 0.003 m12
#cylinder: 0.760 0.133 0.000 0.760 0.133 0.002 0.004 m2
#cylinder: 0.364 0.121 0.000 0.364 0.121 0.002 0.003 m11
#cylinder: 0.752 0.185 0.000 0.752 0.185 0.002 0.006 m18
#cylinder: 0.382 0.165 0.000 0.382 0.165 0.002 0.003 m8
#cylinder: 0.368 0.200 0.000 0.368 0.200 0.002 0.006 m15
#cylinder: 0.553 0.144 0.000 0.553 0.144 0.002 0.004 m3
#cylinder: 0.976 0.203 0.000 0.976 0.203 0.002 0.002 m16
#cylinder: 0.368 0.213 0.000 0.368 0.213 0.002 0.003 m20
#cylinder: 0.988 0.123 0.000 0.988 0.123 0.002 0.010 m5
#cylinder: 0.239 0.109 0.000 0.239 0.109 0.002 0.007 m9
#cylinder: 0.557 0.124 0.000 0.557 0.124 0.002 0.006 m7
#cylinder: 0.042 0.209 0.000 0.042 0.209 0.002 0.004 m11
#cylinder: 0.388 0.118 0.000 0.388 0.118 0.002 0.007 m8
#cylinder: 0.910 0.100 0.000 0.910 0.100 0.002 0.006 m1
#cylinder: 1.098 0.169 0.000 1.098 0.169 0.002 0.002 m17
#cylinder: 0.603 0.178 0.000 0.603 0.178 0.002 0.010 m17
#cylinder: 0.063 0.174 0.000 0.063 0.174 0.002 0.007 m13
#cylinder: 0.265 0.207 0.000 0.265 0.207 0.002 0.006 m4
#cylinder: 0.629 0.146 0.000 0.629 0.146 0.002 0.004 m13
#cylinder: 0.957 0.119 0.000 0.957 0.119 0.002 0.004 m16
#cylinder: 0.190 0.111 0.000 0.190 0.111 0.002 0.008 m3
#cylinder: 0.559 0.161 0.000 0.559 0.161 0.002 0.004 m19
#cylinder: 0.036 0.140 0.000 0.036 0.140 0.002 0.003 m5
#cylinder: 0.534 0.163 0.000 0.534 0.163 0.002 0.003 m2
#cylinder: 0.071 0.154 0.000 0.071 0.154 0.002 0.007 m3
#cylinder: 0.632 0.129 0.000 0.632 0.129 0.002 0.007 m8
#cylinder: 0.665 0.147 0.000 0.665 0.147 0.002 0.005 m15
#cylinder: 0.678 0.125 0.000 0.678 0.125 0.002 0.004 m9
#cylinder: 0.229 0.174 0.000 0.229 0.174 0.002 0.007 m9
#cylinder: 0.567 0.169 0.000 0.567 0.169 0.002 0.009 m15
#cylinder: 0.502 0.204 0.000 0.502 0.204 0.002 0.007 m6
#cylinder: 0.194 0.106 0.000 0.194 0.106 0.002 0.004 m5
#cylinder: 0.583 0.149 0.000 0.583 0.149 0.002 0.004 m12
#cylinder: 0.613 0.100 0.000 0.613 0.100 0.002 0.004 m6
#cylinder: 0.607 0.153 0.000 0.607 0.153 0.002 0.003 m4
#cylinder: 0.941 0.115 0.000 0.941 0.115 0.002 0.003 m15
#cylinder: 0.277 0.147 0.000 0.277 0.147 0.002 0.002 m20
#cylinder: 0.290 0.103 0.000 0.290 0.103 0.002 0.007 m20
#cylinder: 0.210 0.176 0.000 0.210 0.176 0.002 0.007 m7
#cylinder: 1.029 0.140 0.000 1.029 0.140 0.002 0.009 m20
#cylinder: 0.490 0.185 0.000 0.490 0.185 0.002 0.005 m20
#cylinder: 1.040 0.162 0.000 1.040 0.162 0.002 0.005 m4
#cylinder: 0.085 0.124 0.000 0.085 0.124 0.002 0.006 m15
#cylinder: 0.915 0.161 0.000 0.915 0.161 0.002 0.007 m19
#cylinder: 0.831 0.178 0.000 0.831 0.178 0.002 0.003 m10
#cylinder: 0.025 0.144 0.000 0.025 0.144 0.002 0.005 m15
#cylinder: 0.515 0.212 0.000 0.515 0.212 0.002 0.003 m6
#cylinder: 0.445 0.200 0.000 0.445 0.200 0.002 0.003 m5
#cylinder: 0.396 0.153 0.000 0.396 0.153 0.002 0.006 m17
#cylinder: 0.035 0.122 0.000 0.035 0.122 0.002 0.009 m16
#cylinder: 0.177 0.211 0.000 0.177 0.211 0.002 0.003 m9
#cylinder: 0.720 0.140 0.000 0.720 0.140 0.002 0.005 m7
#cylinder: 0.277 0.128 0.000 0.277 0.128 0.002 0.006 m18
#cylinder: 1.088 0.140 0.000 1.088 0.140 0.002 0.008 m14
#cylinder: 1.004 0.131 0.000 1.004 0.131 0.002 0.008 m8
#cylinder: 0.162 0.202 0.000 0.162 0.202 0.002 0.004 m2
#cylinder: 0.843 0.172 0.000 0.843 0.172 0.002 0.009 m1
#cylinder: 0.857 0.168 0.000 0.857 0.168 0.002 0.009 m7
#cylinder: 0.096 0.118 0.000 0.096 0.118 0.002 0.003 m11
#cylinder: 0.227 0.190 0.000 0.227 0.190 0.002 0.005 m5
#cylinder: 0.973 0.205 0.000 0.973 0.205 0.002 0.007 m5
#cylinder: 0.661 0.122 0.000 0.661 0.122 0.002 0.006 m6
#cylinder: 0.169 0.190 0.000 0.169 0.190 0.002 0.008 m3
#cylinder: 0.812 0.201 0.000 0.812 0.201 0.002 0.003 m2
#cylinder: 0.789 0.167 0.000 0.789 0.167 0.002 0.003 m14
#cylinder: 0.995 0.171 0.000 0.995 0.171 0.002 0.009 m19
#cylinder: 0.053 0.181 0.000 0.053 0.181 0.002 0.004 m18
#cylinder: 0.767 0.175 0.000 0.767 0.175 0.002 0.006 m13
#cylinder: 0.226 0.138 0.000 0.226 0.138 0.002 0.003 m8
#cylinder: 0.629 0.107 0.000 0.629 0.107 0.002 0.009 m3
#cylinder: 0.011 0.119 0.000 0.011 0.119 0.002 0.005 m10
#cylinder: 0.102 0.215 0.000 0.102 0.215 0.002 0.004 m4
#cylinder: 0.234 0.108 0.000 0.234 0.108 0.002 0.008 m19
#cylinder: 0.813 0.128 0.000 0.813 0.128 0.002 0.002 m16
#cylinder: 0.526 0.122 0.000 0.526 0.122 0.002 0.004 m2
#cylinder: 0.460 0.152 0.000 0.460 0.152 0.002 0.003 m15
#cylinder: 0.592 0.177 0.000 0.592 0.177 0.002 0.005 m9
#cylinder: 0.922 0.198 0.000 0.922 0.198 0.002 0.002 m3
#cylinder: 0.516 0.180 0.000 0.516 0.180 0.002 0.004 m17
#cylinder: 0.634 0.125 0.000 0.634 0.125 0.002 0.005 m4
#cylinder: 0.210 0.172 0.000 0.210 0.172 0.002 0.003 m18
#cylinder: 0.175 0.127 0.000 0.175 0.127 0.002 0.009 m20
#cylinder: 0.730 0.142 0.000 0.730 0.142 0.002 0.007 m2
#cylinder: 0.297 0.190 0.000 0.297 0.190 0.002 0.004 m18
#cylinder: 0.139 0.171 0.000 0.139 0.171 0.002 0.004 m16
#cylinder: 0.162 0.124 0.000 0.162 0.124 0.002 0.010 m4
#cylinder: 0.132 0.216 0.000 0.132 0.216 0.002 0.002 m18
#cylinder: 0.224 0.109 0.000 0.224 0.109 0.002 0.007 m10
#cylinder: 0.438 0.147 0.000 0.438 0.147 0.002 0.009 m19
#cylinder: 0.251 0.206 0.000 0.251 0.206 0.002 0.009 m10
#cylinder: 0.210 0.119 0.000 0.210 0.119 0.002 0.008 m13
#cylinder: 0.008 0.125 0.000 0.008 0.125 0.002 0.008 m6
#cylinder: 0.510 0.123 0.000 0.510 0.123 0.002 0.007 m8
#cylinder: 0.711 0.169 0.000 0.711 0.169 0.002 0.005 m2
#cylinder: 0.156 0.200 0.000 0.156 0.200 0.002 0.009 m15
#cylinder: 0.067 0.166 0.000 0.067 0.166 0.002 0.006 m4
#cylinder: 0.604 0.108 0.000 0.604 0.108 0.002 0.009 m19
#cylinder: 0.526 0.174 0.000 0.526 0.174 0.002 0.007 m15
#cylinder: 0.189 0.175 0.000 0.189 0.175 0.002 0.005 m20
#cylinder: 0.014 0.200 0.000 0.014 0.200 0.002 0.008 m17
#cylinder: 0.293 0.136 0.000 0.293 0.136 0.002 0.002 m6
#cylinder: 0.577 0.155 0.000 0.577 0.155 0.002 0.007 m3
#cylinder: 0.278 0.166 0.000 0.278 0.166 0.002 0.005 m20
#cylinder: 0.183 0.105 0.000 0.183 0.105 0.002 0.010 m5
#cylinder: 0.982 0.213 0.000 0.982 0.213 0.002 0.002 m11
#cylinder: 0.339 0.128 0.000 0.339 0.128 0.002 0.004 m4
#cylinder: 1.036 0.176 0.000 1.036 0.176 0.002 0.009 m19
#cylinder: 0.838 0.145 0.000 0.838 0.145 0.002 0.004 m17
#cylinder: 0.269 0.218 0.000 0.269 0.218 0.002 0.010 m2
#cylinder: 0.456 0.161 0.000 0.456 0.161 0.002 0.006 m5
#cylinder: 0.617 0.152 0.000 0.617 0.152 0.002 0.009 m4
#cylinder: 1.021 0.191 0.000 1.021 0.191 0.002 0.010 m20
#cylinder: 0.657 0.115 0.000 0.657 0.115 0.002 0.009 m18
#cylinder: 0.991 0.108 0.000 0.991 0.108 0.002 0.004 m8
#cylinder: 0.948 0.191 0.000 0.948 0.191 0.002 0.003 m10
#cylinder: 0.237 0.103 0.000 0.237 0.103 0.002 0.006 m19
#cylinder: 0.059 0.168 0.000 0.059 0.168 0.002 0.005 m1
#cylinder: 0.042 0.155 0.000 0.042 0.155 0.002 0.009 m18
#cylinder: 0.495 0.142 0.000 0.495 0.142 0.002 0.009 m1
#cylinder: 0.924 0.153 0.000 0.924 0.153 0.002 0.009 m5
#cylinder: 0.748 0.116 0.000 0.748 0.116 0.002 0.004 m15
