testingplz 
#domain: 1.200 0.300 0.002 
#dx_dy_dz: 0.002 0.002 0.002 
#time_window: 5.000000e-09 

#excitation_file: mala_source_modified.txt 
#hertzian_dipole: z 0.080 0.250 0 mala_source 
#rx: 0.120 0.250 0.000 
#src_steps: 0.002 0.000 0.000 
#rx_steps: 0.002 0.000 0.000 

#material: 5.000 0.220 1.000 0.000 concrete
#material: 1.000 0.000 1.000 0.000 air
#material: 80.000 0.500 1.000 0.000 water

#material: 1.000 0.000 1.000 0.000 m1
#material: 2.000 0.000 1.000 0.000 m2
#material: 3.000 0.000 1.000 0.000 m3
#material: 4.000 0.000 1.000 0.000 m4
#material: 5.000 0.000 1.000 0.000 m5
#material: 6.000 0.000 1.000 0.000 m6
#material: 7.000 0.000 1.000 0.000 m7
#material: 8.000 0.000 1.000 0.000 m8
#material: 9.000 0.000 1.000 0.000 m9
#material: 10.000 0.000 1.000 0.000 m10
#material: 11.000 0.000 1.000 0.000 m11
#material: 12.000 0.000 1.000 0.000 m12
#material: 13.000 0.000 1.000 0.000 m13
#material: 14.000 0.000 1.000 0.000 m14
#material: 15.000 0.000 1.000 0.000 m15
#material: 16.000 0.000 1.000 0.000 m16
#material: 17.000 0.000 1.000 0.000 m17
#material: 18.000 0.000 1.000 0.000 m18
#material: 19.000 0.000 1.000 0.000 m19
#material: 20.000 0.000 1.000 0.000 m20

#box: 0.000 0.000 0.000 1.200 0.250 0.002 concrete

#cylinder: 0.140 0.109 0.000 0.140 0.109 0.002 0.010 m11
#cylinder: 0.500 0.100 0.000 0.500 0.100 0.002 0.009 m17
#cylinder: 0.256 0.134 0.000 0.256 0.134 0.002 0.010 m11
#cylinder: 0.087 0.194 0.000 0.087 0.194 0.002 0.006 m6
#cylinder: 0.136 0.190 0.000 0.136 0.190 0.002 0.010 m11
#cylinder: 0.663 0.153 0.000 0.663 0.153 0.002 0.007 m16
#cylinder: 0.513 0.129 0.000 0.513 0.129 0.002 0.003 m7
#cylinder: 0.416 0.121 0.000 0.416 0.121 0.002 0.006 m12
#cylinder: 0.811 0.151 0.000 0.811 0.151 0.002 0.008 m5
#cylinder: 0.962 0.156 0.000 0.962 0.156 0.002 0.008 m3
#cylinder: 0.079 0.131 0.000 0.079 0.131 0.002 0.003 m3
#cylinder: 0.637 0.157 0.000 0.637 0.157 0.002 0.006 m12
#cylinder: 0.962 0.194 0.000 0.962 0.194 0.002 0.003 m10
#cylinder: 0.266 0.127 0.000 0.266 0.127 0.002 0.004 m4
#cylinder: 0.547 0.134 0.000 0.547 0.134 0.002 0.009 m12
#cylinder: 0.056 0.159 0.000 0.056 0.159 0.002 0.008 m1
#cylinder: 0.923 0.103 0.000 0.923 0.103 0.002 0.004 m16
#cylinder: 0.650 0.175 0.000 0.650 0.175 0.002 0.002 m19
#cylinder: 0.493 0.197 0.000 0.493 0.197 0.002 0.007 m12
#cylinder: 0.625 0.179 0.000 0.625 0.179 0.002 0.002 m12
#cylinder: 0.965 0.179 0.000 0.965 0.179 0.002 0.008 m9
#cylinder: 0.540 0.193 0.000 0.540 0.193 0.002 0.006 m20
#cylinder: 0.123 0.195 0.000 0.123 0.195 0.002 0.009 m15
#cylinder: 0.657 0.176 0.000 0.657 0.176 0.002 0.010 m4
#cylinder: 0.690 0.210 0.000 0.690 0.210 0.002 0.008 m14
#cylinder: 0.935 0.109 0.000 0.935 0.109 0.002 0.002 m11
#cylinder: 0.460 0.104 0.000 0.460 0.104 0.002 0.007 m19
#cylinder: 0.846 0.195 0.000 0.846 0.195 0.002 0.009 m11
#cylinder: 0.202 0.170 0.000 0.202 0.170 0.002 0.005 m19
#cylinder: 0.452 0.143 0.000 0.452 0.143 0.002 0.004 m14
#cylinder: 0.575 0.203 0.000 0.575 0.203 0.002 0.008 m4
#cylinder: 0.704 0.142 0.000 0.704 0.142 0.002 0.008 m17
#cylinder: 0.734 0.212 0.000 0.734 0.212 0.002 0.006 m4
#cylinder: 0.733 0.107 0.000 0.733 0.107 0.002 0.004 m20
#cylinder: 0.357 0.116 0.000 0.357 0.116 0.002 0.009 m12
#cylinder: 0.315 0.188 0.000 0.315 0.188 0.002 0.004 m4
#cylinder: 0.957 0.107 0.000 0.957 0.107 0.002 0.004 m11
#cylinder: 1.048 0.126 0.000 1.048 0.126 0.002 0.003 m18
#cylinder: 0.449 0.181 0.000 0.449 0.181 0.002 0.010 m12
#cylinder: 0.815 0.122 0.000 0.815 0.122 0.002 0.006 m15
#cylinder: 0.850 0.194 0.000 0.850 0.194 0.002 0.003 m17
#cylinder: 0.803 0.141 0.000 0.803 0.141 0.002 0.003 m17
#cylinder: 0.031 0.115 0.000 0.031 0.115 0.002 0.010 m7
#cylinder: 1.061 0.102 0.000 1.061 0.102 0.002 0.004 m3
#cylinder: 0.392 0.176 0.000 0.392 0.176 0.002 0.003 m17
#cylinder: 0.569 0.141 0.000 0.569 0.141 0.002 0.003 m15
#cylinder: 0.510 0.214 0.000 0.510 0.214 0.002 0.006 m15
#cylinder: 0.909 0.137 0.000 0.909 0.137 0.002 0.009 m20
#cylinder: 1.078 0.174 0.000 1.078 0.174 0.002 0.005 m8
#cylinder: 0.923 0.181 0.000 0.923 0.181 0.002 0.004 m18
#cylinder: 0.431 0.172 0.000 0.431 0.172 0.002 0.004 m4
#cylinder: 1.092 0.155 0.000 1.092 0.155 0.002 0.007 m18
#cylinder: 0.998 0.178 0.000 0.998 0.178 0.002 0.005 m17
#cylinder: 0.391 0.204 0.000 0.391 0.204 0.002 0.006 m3
#cylinder: 0.293 0.189 0.000 0.293 0.189 0.002 0.007 m7
#cylinder: 0.060 0.103 0.000 0.060 0.103 0.002 0.006 m16
#cylinder: 0.660 0.217 0.000 0.660 0.217 0.002 0.002 m3
#cylinder: 0.433 0.108 0.000 0.433 0.108 0.002 0.003 m7
#cylinder: 0.273 0.144 0.000 0.273 0.144 0.002 0.003 m17
#cylinder: 0.318 0.146 0.000 0.318 0.146 0.002 0.010 m14
#cylinder: 0.506 0.161 0.000 0.506 0.161 0.002 0.004 m18
#cylinder: 1.076 0.115 0.000 1.076 0.115 0.002 0.005 m8
#cylinder: 0.556 0.204 0.000 0.556 0.204 0.002 0.005 m13
#cylinder: 0.222 0.127 0.000 0.222 0.127 0.002 0.006 m2
#cylinder: 0.379 0.200 0.000 0.379 0.200 0.002 0.006 m5
#cylinder: 0.737 0.190 0.000 0.737 0.190 0.002 0.004 m6
#cylinder: 0.736 0.120 0.000 0.736 0.120 0.002 0.002 m15
#cylinder: 1.048 0.193 0.000 1.048 0.193 0.002 0.009 m13
#cylinder: 0.525 0.180 0.000 0.525 0.180 0.002 0.007 m18
#cylinder: 0.407 0.101 0.000 0.407 0.101 0.002 0.003 m17
#cylinder: 0.103 0.145 0.000 0.103 0.145 0.002 0.009 m13
#cylinder: 0.046 0.212 0.000 0.046 0.212 0.002 0.009 m11
#cylinder: 0.635 0.142 0.000 0.635 0.142 0.002 0.004 m13
#cylinder: 0.913 0.100 0.000 0.913 0.100 0.002 0.004 m18
#cylinder: 0.994 0.200 0.000 0.994 0.200 0.002 0.010 m19
#cylinder: 0.729 0.158 0.000 0.729 0.158 0.002 0.007 m6
#cylinder: 0.575 0.145 0.000 0.575 0.145 0.002 0.009 m20
#cylinder: 0.679 0.145 0.000 0.679 0.145 0.002 0.006 m14
#cylinder: 0.250 0.152 0.000 0.250 0.152 0.002 0.007 m12
#cylinder: 0.086 0.178 0.000 0.086 0.178 0.002 0.008 m1
#cylinder: 0.069 0.102 0.000 0.069 0.102 0.002 0.004 m17
#cylinder: 1.098 0.147 0.000 1.098 0.147 0.002 0.006 m5
#cylinder: 0.794 0.199 0.000 0.794 0.199 0.002 0.003 m1
#cylinder: 0.579 0.186 0.000 0.579 0.186 0.002 0.006 m18
#cylinder: 0.874 0.217 0.000 0.874 0.217 0.002 0.003 m10
#cylinder: 0.157 0.193 0.000 0.157 0.193 0.002 0.010 m10
#cylinder: 0.160 0.171 0.000 0.160 0.171 0.002 0.008 m16
#cylinder: 0.450 0.218 0.000 0.450 0.218 0.002 0.003 m1
#cylinder: 0.767 0.102 0.000 0.767 0.102 0.002 0.010 m18
#cylinder: 0.244 0.107 0.000 0.244 0.107 0.002 0.006 m9
#cylinder: 1.087 0.122 0.000 1.087 0.122 0.002 0.007 m18
#cylinder: 0.294 0.191 0.000 0.294 0.191 0.002 0.002 m5
#cylinder: 0.851 0.156 0.000 0.851 0.156 0.002 0.003 m6
#cylinder: 0.108 0.109 0.000 0.108 0.109 0.002 0.003 m8
#cylinder: 0.839 0.110 0.000 0.839 0.110 0.002 0.002 m18
#cylinder: 0.044 0.152 0.000 0.044 0.152 0.002 0.009 m14
#cylinder: 0.323 0.215 0.000 0.323 0.215 0.002 0.003 m19
#cylinder: 0.704 0.183 0.000 0.704 0.183 0.002 0.007 m2
#cylinder: 1.062 0.152 0.000 1.062 0.152 0.002 0.003 m6
#cylinder: 0.955 0.164 0.000 0.955 0.164 0.002 0.003 m19
#cylinder: 0.985 0.177 0.000 0.985 0.177 0.002 0.003 m2
#cylinder: 0.533 0.168 0.000 0.533 0.168 0.002 0.003 m20
#cylinder: 0.275 0.183 0.000 0.275 0.183 0.002 0.009 m2
#cylinder: 1.040 0.141 0.000 1.040 0.141 0.002 0.008 m20
#cylinder: 0.354 0.193 0.000 0.354 0.193 0.002 0.008 m11
#cylinder: 0.650 0.146 0.000 0.650 0.146 0.002 0.008 m3
#cylinder: 0.933 0.167 0.000 0.933 0.167 0.002 0.003 m9
#cylinder: 0.579 0.124 0.000 0.579 0.124 0.002 0.009 m19
#cylinder: 0.384 0.197 0.000 0.384 0.197 0.002 0.005 m18
#cylinder: 0.514 0.148 0.000 0.514 0.148 0.002 0.005 m8
#cylinder: 0.383 0.171 0.000 0.383 0.171 0.002 0.005 m17
#cylinder: 0.001 0.136 0.000 0.001 0.136 0.002 0.004 m19
#cylinder: 0.544 0.161 0.000 0.544 0.161 0.002 0.007 m20
#cylinder: 0.244 0.203 0.000 0.244 0.203 0.002 0.010 m15
#cylinder: 0.184 0.164 0.000 0.184 0.164 0.002 0.006 m7
#cylinder: 0.992 0.168 0.000 0.992 0.168 0.002 0.007 m10
#cylinder: 0.341 0.174 0.000 0.341 0.174 0.002 0.003 m10
#cylinder: 0.765 0.130 0.000 0.765 0.130 0.002 0.009 m16
#cylinder: 0.941 0.122 0.000 0.941 0.122 0.002 0.005 m20
#cylinder: 0.256 0.145 0.000 0.256 0.145 0.002 0.007 m8
#cylinder: 0.498 0.171 0.000 0.498 0.171 0.002 0.006 m20
#cylinder: 0.738 0.140 0.000 0.738 0.140 0.002 0.003 m2
#cylinder: 0.950 0.205 0.000 0.950 0.205 0.002 0.008 m17
#cylinder: 0.378 0.128 0.000 0.378 0.128 0.002 0.004 m10
#cylinder: 0.446 0.196 0.000 0.446 0.196 0.002 0.009 m10
#cylinder: 0.836 0.147 0.000 0.836 0.147 0.002 0.004 m4
#cylinder: 0.003 0.159 0.000 0.003 0.159 0.002 0.004 m11
#cylinder: 0.520 0.129 0.000 0.520 0.129 0.002 0.003 m16
#cylinder: 0.128 0.104 0.000 0.128 0.104 0.002 0.006 m5
#cylinder: 0.787 0.136 0.000 0.787 0.136 0.002 0.009 m3
#cylinder: 0.026 0.148 0.000 0.026 0.148 0.002 0.006 m17
#cylinder: 0.223 0.213 0.000 0.223 0.213 0.002 0.003 m14
#cylinder: 1.086 0.174 0.000 1.086 0.174 0.002 0.004 m9
#cylinder: 0.008 0.114 0.000 0.008 0.114 0.002 0.002 m7
#cylinder: 0.284 0.213 0.000 0.284 0.213 0.002 0.009 m3
#cylinder: 0.619 0.143 0.000 0.619 0.143 0.002 0.009 m12
#cylinder: 0.036 0.205 0.000 0.036 0.205 0.002 0.009 m20
#cylinder: 0.355 0.112 0.000 0.355 0.112 0.002 0.004 m12
#cylinder: 0.905 0.216 0.000 0.905 0.216 0.002 0.005 m12
#cylinder: 1.007 0.162 0.000 1.007 0.162 0.002 0.003 m2
#cylinder: 0.797 0.183 0.000 0.797 0.183 0.002 0.003 m20
#cylinder: 1.082 0.181 0.000 1.082 0.181 0.002 0.009 m19
#cylinder: 0.885 0.139 0.000 0.885 0.139 0.002 0.010 m12
#cylinder: 0.786 0.179 0.000 0.786 0.179 0.002 0.007 m17
#cylinder: 0.225 0.180 0.000 0.225 0.180 0.002 0.009 m1
#cylinder: 0.313 0.106 0.000 0.313 0.106 0.002 0.004 m2
#cylinder: 0.169 0.162 0.000 0.169 0.162 0.002 0.007 m10
#cylinder: 0.717 0.205 0.000 0.717 0.205 0.002 0.004 m17
#cylinder: 0.452 0.129 0.000 0.452 0.129 0.002 0.009 m15
#cylinder: 0.907 0.123 0.000 0.907 0.123 0.002 0.002 m20
#cylinder: 0.203 0.100 0.000 0.203 0.100 0.002 0.004 m20
#cylinder: 0.810 0.102 0.000 0.810 0.102 0.002 0.004 m14
#cylinder: 0.933 0.134 0.000 0.933 0.134 0.002 0.004 m14
#cylinder: 0.855 0.215 0.000 0.855 0.215 0.002 0.006 m8
#cylinder: 0.215 0.202 0.000 0.215 0.202 0.002 0.009 m13
#cylinder: 0.674 0.169 0.000 0.674 0.169 0.002 0.006 m10
#cylinder: 0.424 0.177 0.000 0.424 0.177 0.002 0.007 m7
#cylinder: 0.337 0.204 0.000 0.337 0.204 0.002 0.003 m12
#cylinder: 0.921 0.139 0.000 0.921 0.139 0.002 0.003 m8
#cylinder: 0.946 0.198 0.000 0.946 0.198 0.002 0.003 m2
#cylinder: 0.334 0.136 0.000 0.334 0.136 0.002 0.003 m10
#cylinder: 0.544 0.112 0.000 0.544 0.112 0.002 0.003 m17
#cylinder: 0.284 0.164 0.000 0.284 0.164 0.002 0.002 m6
#cylinder: 0.313 0.110 0.000 0.313 0.110 0.002 0.003 m18
#cylinder: 0.973 0.168 0.000 0.973 0.168 0.002 0.003 m6
#cylinder: 0.476 0.126 0.000 0.476 0.126 0.002 0.006 m14
#cylinder: 0.260 0.164 0.000 0.260 0.164 0.002 0.009 m2
#cylinder: 0.129 0.166 0.000 0.129 0.166 0.002 0.009 m1
#cylinder: 0.881 0.105 0.000 0.881 0.105 0.002 0.004 m5
#cylinder: 0.539 0.215 0.000 0.539 0.215 0.002 0.006 m3
#cylinder: 0.242 0.151 0.000 0.242 0.151 0.002 0.005 m7
#cylinder: 0.643 0.211 0.000 0.643 0.211 0.002 0.004 m20
#cylinder: 0.389 0.130 0.000 0.389 0.130 0.002 0.010 m8
#cylinder: 0.528 0.194 0.000 0.528 0.194 0.002 0.007 m15
#cylinder: 0.200 0.195 0.000 0.200 0.195 0.002 0.009 m1
#cylinder: 0.823 0.159 0.000 0.823 0.159 0.002 0.009 m6
#cylinder: 0.454 0.178 0.000 0.454 0.178 0.002 0.007 m4
#cylinder: 0.193 0.130 0.000 0.193 0.130 0.002 0.004 m10
#cylinder: 0.805 0.178 0.000 0.805 0.178 0.002 0.005 m9
#cylinder: 0.925 0.173 0.000 0.925 0.173 0.002 0.008 m6
#cylinder: 0.723 0.170 0.000 0.723 0.170 0.002 0.007 m16
#cylinder: 0.407 0.175 0.000 0.407 0.175 0.002 0.003 m3
#cylinder: 0.251 0.128 0.000 0.251 0.128 0.002 0.010 m1
#cylinder: 0.020 0.119 0.000 0.020 0.119 0.002 0.009 m6
#cylinder: 0.840 0.109 0.000 0.840 0.109 0.002 0.003 m16
#cylinder: 0.240 0.160 0.000 0.240 0.160 0.002 0.004 m8
#cylinder: 0.802 0.126 0.000 0.802 0.126 0.002 0.006 m2
#cylinder: 1.057 0.107 0.000 1.057 0.107 0.002 0.003 m18
#cylinder: 0.307 0.105 0.000 0.307 0.105 0.002 0.006 m13
#cylinder: 0.633 0.186 0.000 0.633 0.186 0.002 0.003 m15
#cylinder: 0.672 0.211 0.000 0.672 0.211 0.002 0.009 m17
#cylinder: 0.042 0.105 0.000 0.042 0.105 0.002 0.004 m19
#cylinder: 0.024 0.216 0.000 0.024 0.216 0.002 0.007 m11
#cylinder: 0.387 0.189 0.000 0.387 0.189 0.002 0.006 m1
#cylinder: 0.411 0.195 0.000 0.411 0.195 0.002 0.004 m14
#cylinder: 0.056 0.123 0.000 0.056 0.123 0.002 0.008 m6
#cylinder: 0.173 0.193 0.000 0.173 0.193 0.002 0.004 m20
#cylinder: 0.727 0.129 0.000 0.727 0.129 0.002 0.005 m17
#cylinder: 1.005 0.109 0.000 1.005 0.109 0.002 0.003 m3
#cylinder: 0.151 0.210 0.000 0.151 0.210 0.002 0.005 m15
