testingplz 
#domain: 1.200 0.300 0.002 
#dx_dy_dz: 0.002 0.002 0.002 
#time_window: 5.000000e-09 

#excitation_file: mala_source_modified.txt 
#hertzian_dipole: z 0.080 0.250 0 mala_source 
#rx: 0.120 0.250 0.000 
#src_steps: 0.002 0.000 0.000 
#rx_steps: 0.002 0.000 0.000 

#material: 5.000 0.220 1.000 0.000 concrete
#material: 1.000 0.000 1.000 0.000 air
#material: 80.000 0.500 1.000 0.000 water

#material: 1.000 0.000 1.000 0.000 m1
#material: 2.000 0.000 1.000 0.000 m2
#material: 3.000 0.000 1.000 0.000 m3
#material: 4.000 0.000 1.000 0.000 m4
#material: 5.000 0.000 1.000 0.000 m5
#material: 6.000 0.000 1.000 0.000 m6
#material: 7.000 0.000 1.000 0.000 m7
#material: 8.000 0.000 1.000 0.000 m8
#material: 9.000 0.000 1.000 0.000 m9
#material: 10.000 0.000 1.000 0.000 m10
#material: 11.000 0.000 1.000 0.000 m11
#material: 12.000 0.000 1.000 0.000 m12
#material: 13.000 0.000 1.000 0.000 m13
#material: 14.000 0.000 1.000 0.000 m14
#material: 15.000 0.000 1.000 0.000 m15
#material: 16.000 0.000 1.000 0.000 m16
#material: 17.000 0.000 1.000 0.000 m17
#material: 18.000 0.000 1.000 0.000 m18
#material: 19.000 0.000 1.000 0.000 m19
#material: 20.000 0.000 1.000 0.000 m20

#box: 0.000 0.000 0.000 1.200 0.250 0.002 concrete

#cylinder: 1.008 0.219 0.000 1.008 0.219 0.002 0.006 m4
#cylinder: 1.043 0.130 0.000 1.043 0.130 0.002 0.006 m4
#cylinder: 0.010 0.183 0.000 0.010 0.183 0.002 0.009 m9
#cylinder: 0.453 0.198 0.000 0.453 0.198 0.002 0.010 m7
#cylinder: 0.059 0.119 0.000 0.059 0.119 0.002 0.004 m7
#cylinder: 0.800 0.190 0.000 0.800 0.190 0.002 0.007 m1
#cylinder: 0.944 0.187 0.000 0.944 0.187 0.002 0.004 m4
#cylinder: 0.139 0.151 0.000 0.139 0.151 0.002 0.005 m8
#cylinder: 0.553 0.132 0.000 0.553 0.132 0.002 0.006 m18
#cylinder: 1.097 0.128 0.000 1.097 0.128 0.002 0.004 m17
#cylinder: 0.693 0.119 0.000 0.693 0.119 0.002 0.005 m3
#cylinder: 0.881 0.129 0.000 0.881 0.129 0.002 0.005 m14
#cylinder: 0.620 0.196 0.000 0.620 0.196 0.002 0.005 m17
#cylinder: 0.486 0.161 0.000 0.486 0.161 0.002 0.008 m4
#cylinder: 0.552 0.212 0.000 0.552 0.212 0.002 0.005 m1
#cylinder: 0.253 0.167 0.000 0.253 0.167 0.002 0.007 m17
#cylinder: 0.677 0.135 0.000 0.677 0.135 0.002 0.005 m8
#cylinder: 0.225 0.100 0.000 0.225 0.100 0.002 0.003 m9
#cylinder: 0.535 0.149 0.000 0.535 0.149 0.002 0.002 m5
#cylinder: 0.081 0.187 0.000 0.081 0.187 0.002 0.008 m1
#cylinder: 0.636 0.185 0.000 0.636 0.185 0.002 0.009 m5
#cylinder: 0.172 0.137 0.000 0.172 0.137 0.002 0.007 m9
#cylinder: 0.996 0.104 0.000 0.996 0.104 0.002 0.009 m16
#cylinder: 0.507 0.137 0.000 0.507 0.137 0.002 0.004 m20
#cylinder: 0.560 0.141 0.000 0.560 0.141 0.002 0.005 m16
#cylinder: 0.034 0.101 0.000 0.034 0.101 0.002 0.009 m12
#cylinder: 1.018 0.155 0.000 1.018 0.155 0.002 0.010 m19
#cylinder: 0.069 0.115 0.000 0.069 0.115 0.002 0.002 m3
#cylinder: 0.228 0.178 0.000 0.228 0.178 0.002 0.003 m3
#cylinder: 0.988 0.115 0.000 0.988 0.115 0.002 0.009 m20
#cylinder: 0.054 0.193 0.000 0.054 0.193 0.002 0.003 m9
#cylinder: 1.085 0.159 0.000 1.085 0.159 0.002 0.008 m7
#cylinder: 0.018 0.217 0.000 0.018 0.217 0.002 0.010 m13
#cylinder: 0.121 0.194 0.000 0.121 0.194 0.002 0.010 m8
#cylinder: 0.584 0.163 0.000 0.584 0.163 0.002 0.004 m13
#cylinder: 0.759 0.100 0.000 0.759 0.100 0.002 0.008 m10
#cylinder: 0.671 0.194 0.000 0.671 0.194 0.002 0.010 m13
#cylinder: 0.326 0.195 0.000 0.326 0.195 0.002 0.007 m18
#cylinder: 0.717 0.193 0.000 0.717 0.193 0.002 0.005 m1
#cylinder: 0.501 0.212 0.000 0.501 0.212 0.002 0.007 m14
#cylinder: 0.936 0.195 0.000 0.936 0.195 0.002 0.003 m6
#cylinder: 0.258 0.135 0.000 0.258 0.135 0.002 0.004 m3
#cylinder: 0.221 0.108 0.000 0.221 0.108 0.002 0.003 m16
#cylinder: 0.537 0.102 0.000 0.537 0.102 0.002 0.009 m9
#cylinder: 1.097 0.122 0.000 1.097 0.122 0.002 0.004 m10
#cylinder: 0.516 0.142 0.000 0.516 0.142 0.002 0.004 m20
#cylinder: 0.346 0.206 0.000 0.346 0.206 0.002 0.004 m19
#cylinder: 0.848 0.175 0.000 0.848 0.175 0.002 0.009 m13
#cylinder: 0.774 0.166 0.000 0.774 0.166 0.002 0.007 m16
#cylinder: 0.210 0.184 0.000 0.210 0.184 0.002 0.002 m6
#cylinder: 1.028 0.188 0.000 1.028 0.188 0.002 0.009 m1
#cylinder: 0.394 0.114 0.000 0.394 0.114 0.002 0.009 m3
#cylinder: 0.612 0.176 0.000 0.612 0.176 0.002 0.010 m20
#cylinder: 0.969 0.194 0.000 0.969 0.194 0.002 0.004 m5
#cylinder: 0.149 0.214 0.000 0.149 0.214 0.002 0.004 m15
#cylinder: 0.621 0.107 0.000 0.621 0.107 0.002 0.003 m10
#cylinder: 0.651 0.177 0.000 0.651 0.177 0.002 0.009 m10
#cylinder: 0.918 0.142 0.000 0.918 0.142 0.002 0.004 m3
#cylinder: 0.919 0.148 0.000 0.919 0.148 0.002 0.005 m3
#cylinder: 0.037 0.123 0.000 0.037 0.123 0.002 0.004 m19
#cylinder: 0.730 0.137 0.000 0.730 0.137 0.002 0.009 m17
#cylinder: 0.263 0.111 0.000 0.263 0.111 0.002 0.004 m4
#cylinder: 0.021 0.162 0.000 0.021 0.162 0.002 0.005 m13
#cylinder: 0.450 0.102 0.000 0.450 0.102 0.002 0.009 m5
#cylinder: 0.801 0.172 0.000 0.801 0.172 0.002 0.002 m5
#cylinder: 0.519 0.169 0.000 0.519 0.169 0.002 0.006 m13
#cylinder: 0.970 0.190 0.000 0.970 0.190 0.002 0.007 m12
#cylinder: 0.169 0.138 0.000 0.169 0.138 0.002 0.003 m17
#cylinder: 1.049 0.196 0.000 1.049 0.196 0.002 0.002 m17
#cylinder: 0.699 0.154 0.000 0.699 0.154 0.002 0.004 m16
#cylinder: 0.948 0.219 0.000 0.948 0.219 0.002 0.005 m3
#cylinder: 0.308 0.109 0.000 0.308 0.109 0.002 0.009 m8
#cylinder: 0.858 0.124 0.000 0.858 0.124 0.002 0.004 m4
#cylinder: 0.079 0.127 0.000 0.079 0.127 0.002 0.004 m15
#cylinder: 0.772 0.176 0.000 0.772 0.176 0.002 0.003 m17
#cylinder: 0.823 0.198 0.000 0.823 0.198 0.002 0.006 m5
#cylinder: 0.144 0.144 0.000 0.144 0.144 0.002 0.005 m7
#cylinder: 0.342 0.177 0.000 0.342 0.177 0.002 0.005 m14
#cylinder: 0.995 0.172 0.000 0.995 0.172 0.002 0.008 m14
#cylinder: 0.802 0.160 0.000 0.802 0.160 0.002 0.004 m17
#cylinder: 0.991 0.182 0.000 0.991 0.182 0.002 0.008 m5
#cylinder: 0.967 0.136 0.000 0.967 0.136 0.002 0.010 m13
#cylinder: 0.325 0.131 0.000 0.325 0.131 0.002 0.008 m3
#cylinder: 0.817 0.126 0.000 0.817 0.126 0.002 0.005 m7
#cylinder: 0.570 0.189 0.000 0.570 0.189 0.002 0.010 m17
#cylinder: 0.143 0.155 0.000 0.143 0.155 0.002 0.006 m16
#cylinder: 0.830 0.209 0.000 0.830 0.209 0.002 0.005 m15
#cylinder: 0.755 0.143 0.000 0.755 0.143 0.002 0.004 m8
#cylinder: 1.028 0.205 0.000 1.028 0.205 0.002 0.006 m11
#cylinder: 0.884 0.100 0.000 0.884 0.100 0.002 0.005 m16
#cylinder: 0.694 0.196 0.000 0.694 0.196 0.002 0.009 m17
#cylinder: 0.898 0.126 0.000 0.898 0.126 0.002 0.005 m6
#cylinder: 1.056 0.211 0.000 1.056 0.211 0.002 0.007 m18
#cylinder: 1.075 0.114 0.000 1.075 0.114 0.002 0.009 m17
#cylinder: 0.824 0.202 0.000 0.824 0.202 0.002 0.007 m4
#cylinder: 0.860 0.197 0.000 0.860 0.197 0.002 0.009 m20
#cylinder: 0.705 0.178 0.000 0.705 0.178 0.002 0.009 m17
#cylinder: 0.106 0.195 0.000 0.106 0.195 0.002 0.009 m20
#cylinder: 0.991 0.156 0.000 0.991 0.156 0.002 0.004 m7
#cylinder: 0.187 0.102 0.000 0.187 0.102 0.002 0.007 m6
#cylinder: 0.230 0.203 0.000 0.230 0.203 0.002 0.006 m10
#cylinder: 0.998 0.126 0.000 0.998 0.126 0.002 0.003 m9
#cylinder: 0.924 0.105 0.000 0.924 0.105 0.002 0.007 m7
#cylinder: 0.425 0.169 0.000 0.425 0.169 0.002 0.004 m15
#cylinder: 0.789 0.185 0.000 0.789 0.185 0.002 0.006 m12
#cylinder: 0.461 0.152 0.000 0.461 0.152 0.002 0.005 m18
#cylinder: 0.794 0.217 0.000 0.794 0.217 0.002 0.004 m10
#cylinder: 0.830 0.104 0.000 0.830 0.104 0.002 0.007 m3
#cylinder: 0.281 0.101 0.000 0.281 0.101 0.002 0.010 m12
#cylinder: 0.885 0.139 0.000 0.885 0.139 0.002 0.004 m16
#cylinder: 0.439 0.118 0.000 0.439 0.118 0.002 0.009 m16
#cylinder: 0.250 0.186 0.000 0.250 0.186 0.002 0.009 m16
#cylinder: 0.383 0.217 0.000 0.383 0.217 0.002 0.009 m19
#cylinder: 0.457 0.215 0.000 0.457 0.215 0.002 0.004 m6
#cylinder: 0.727 0.141 0.000 0.727 0.141 0.002 0.005 m10
#cylinder: 1.048 0.165 0.000 1.048 0.165 0.002 0.004 m7
#cylinder: 0.363 0.150 0.000 0.363 0.150 0.002 0.010 m6
#cylinder: 0.654 0.133 0.000 0.654 0.133 0.002 0.003 m5
#cylinder: 1.071 0.129 0.000 1.071 0.129 0.002 0.008 m14
#cylinder: 0.099 0.164 0.000 0.099 0.164 0.002 0.007 m18
#cylinder: 0.392 0.104 0.000 0.392 0.104 0.002 0.009 m4
#cylinder: 0.253 0.216 0.000 0.253 0.216 0.002 0.006 m3
#cylinder: 0.989 0.128 0.000 0.989 0.128 0.002 0.003 m3
#cylinder: 0.389 0.121 0.000 0.389 0.121 0.002 0.007 m14
#cylinder: 0.665 0.170 0.000 0.665 0.170 0.002 0.005 m8
#cylinder: 0.115 0.200 0.000 0.115 0.200 0.002 0.005 m11
#cylinder: 0.894 0.140 0.000 0.894 0.140 0.002 0.010 m14
#cylinder: 0.646 0.147 0.000 0.646 0.147 0.002 0.004 m10
#cylinder: 0.920 0.129 0.000 0.920 0.129 0.002 0.003 m16
#cylinder: 0.465 0.197 0.000 0.465 0.197 0.002 0.009 m17
#cylinder: 0.768 0.205 0.000 0.768 0.205 0.002 0.004 m15
#cylinder: 0.493 0.123 0.000 0.493 0.123 0.002 0.008 m11
#cylinder: 0.204 0.217 0.000 0.204 0.217 0.002 0.010 m14
#cylinder: 1.035 0.102 0.000 1.035 0.102 0.002 0.002 m19
#cylinder: 0.915 0.175 0.000 0.915 0.175 0.002 0.002 m19
#cylinder: 0.207 0.157 0.000 0.207 0.157 0.002 0.004 m2
#cylinder: 0.811 0.102 0.000 0.811 0.102 0.002 0.004 m5
#cylinder: 0.420 0.183 0.000 0.420 0.183 0.002 0.006 m5
#cylinder: 0.814 0.148 0.000 0.814 0.148 0.002 0.003 m15
#cylinder: 0.868 0.152 0.000 0.868 0.152 0.002 0.002 m6
#cylinder: 0.801 0.102 0.000 0.801 0.102 0.002 0.005 m17
#cylinder: 0.162 0.104 0.000 0.162 0.104 0.002 0.008 m4
#cylinder: 0.254 0.215 0.000 0.254 0.215 0.002 0.004 m10
#cylinder: 0.501 0.208 0.000 0.501 0.208 0.002 0.005 m11
#cylinder: 0.557 0.137 0.000 0.557 0.137 0.002 0.003 m20
#cylinder: 0.100 0.217 0.000 0.100 0.217 0.002 0.007 m19
#cylinder: 0.458 0.133 0.000 0.458 0.133 0.002 0.006 m1
#cylinder: 0.908 0.184 0.000 0.908 0.184 0.002 0.009 m7
#cylinder: 0.816 0.177 0.000 0.816 0.177 0.002 0.005 m13
#cylinder: 0.296 0.203 0.000 0.296 0.203 0.002 0.006 m7
#cylinder: 0.085 0.160 0.000 0.085 0.160 0.002 0.002 m8
#cylinder: 0.372 0.177 0.000 0.372 0.177 0.002 0.010 m6
#cylinder: 0.381 0.144 0.000 0.381 0.144 0.002 0.009 m10
#cylinder: 0.188 0.151 0.000 0.188 0.151 0.002 0.009 m17
#cylinder: 0.773 0.106 0.000 0.773 0.106 0.002 0.008 m13
#cylinder: 0.390 0.124 0.000 0.390 0.124 0.002 0.005 m4
#cylinder: 0.286 0.200 0.000 0.286 0.200 0.002 0.009 m11
#cylinder: 0.111 0.183 0.000 0.111 0.183 0.002 0.010 m20
#cylinder: 0.194 0.124 0.000 0.194 0.124 0.002 0.003 m10
#cylinder: 0.667 0.146 0.000 0.667 0.146 0.002 0.009 m8
#cylinder: 0.608 0.142 0.000 0.608 0.142 0.002 0.010 m17
#cylinder: 1.054 0.172 0.000 1.054 0.172 0.002 0.003 m16
#cylinder: 0.158 0.174 0.000 0.158 0.174 0.002 0.004 m6
#cylinder: 1.078 0.146 0.000 1.078 0.146 0.002 0.009 m5
#cylinder: 0.325 0.198 0.000 0.325 0.198 0.002 0.010 m18
#cylinder: 0.032 0.167 0.000 0.032 0.167 0.002 0.009 m7
#cylinder: 1.031 0.112 0.000 1.031 0.112 0.002 0.010 m12
#cylinder: 0.823 0.143 0.000 0.823 0.143 0.002 0.009 m6
#cylinder: 1.049 0.158 0.000 1.049 0.158 0.002 0.009 m14
#cylinder: 0.439 0.152 0.000 0.439 0.152 0.002 0.010 m13
#cylinder: 0.898 0.136 0.000 0.898 0.136 0.002 0.007 m19
#cylinder: 0.233 0.159 0.000 0.233 0.159 0.002 0.004 m10
#cylinder: 0.605 0.179 0.000 0.605 0.179 0.002 0.008 m19
#cylinder: 0.723 0.182 0.000 0.723 0.182 0.002 0.003 m19
#cylinder: 0.743 0.140 0.000 0.743 0.140 0.002 0.008 m4
#cylinder: 0.844 0.206 0.000 0.844 0.206 0.002 0.004 m15
#cylinder: 0.908 0.170 0.000 0.908 0.170 0.002 0.007 m8
#cylinder: 0.241 0.125 0.000 0.241 0.125 0.002 0.002 m1
#cylinder: 0.205 0.140 0.000 0.205 0.140 0.002 0.009 m19
#cylinder: 0.953 0.180 0.000 0.953 0.180 0.002 0.005 m15
#cylinder: 0.982 0.186 0.000 0.982 0.186 0.002 0.006 m16
#cylinder: 0.808 0.127 0.000 0.808 0.127 0.002 0.004 m1
#cylinder: 0.327 0.117 0.000 0.327 0.117 0.002 0.007 m19
#cylinder: 0.675 0.217 0.000 0.675 0.217 0.002 0.004 m7
#cylinder: 1.051 0.191 0.000 1.051 0.191 0.002 0.009 m9
#cylinder: 1.064 0.171 0.000 1.064 0.171 0.002 0.003 m19
#cylinder: 0.553 0.205 0.000 0.553 0.205 0.002 0.003 m19
#cylinder: 0.311 0.139 0.000 0.311 0.139 0.002 0.004 m19
#cylinder: 0.943 0.164 0.000 0.943 0.164 0.002 0.009 m2
#cylinder: 0.153 0.197 0.000 0.153 0.197 0.002 0.009 m14
#cylinder: 0.099 0.141 0.000 0.099 0.141 0.002 0.006 m18
#cylinder: 0.702 0.171 0.000 0.702 0.171 0.002 0.009 m3
#cylinder: 0.651 0.170 0.000 0.651 0.170 0.002 0.004 m16
#cylinder: 1.040 0.198 0.000 1.040 0.198 0.002 0.010 m8
#cylinder: 0.299 0.171 0.000 0.299 0.171 0.002 0.008 m3
#cylinder: 0.180 0.121 0.000 0.180 0.121 0.002 0.009 m14
#cylinder: 0.192 0.168 0.000 0.192 0.168 0.002 0.004 m14
#cylinder: 0.075 0.218 0.000 0.075 0.218 0.002 0.009 m18
#cylinder: 0.562 0.140 0.000 0.562 0.140 0.002 0.004 m3
#cylinder: 0.043 0.133 0.000 0.043 0.133 0.002 0.007 m20
