testingplz 
#domain: 1.200 0.300 0.002 
#dx_dy_dz: 0.002 0.002 0.002 
#time_window: 5.000000e-09 

#excitation_file: mala_source_modified.txt 
#hertzian_dipole: z 0.080 0.250 0 mala_source 
#rx: 0.120 0.250 0.000 
#src_steps: 0.002 0.000 0.000 
#rx_steps: 0.002 0.000 0.000 

#material: 5.000 0.220 1.000 0.000 concrete
#material: 1.000 0.000 1.000 0.000 air
#material: 80.000 0.500 1.000 0.000 water

#material: 1.000 0.000 1.000 0.000 m1
#material: 2.000 0.000 1.000 0.000 m2
#material: 3.000 0.000 1.000 0.000 m3
#material: 4.000 0.000 1.000 0.000 m4
#material: 5.000 0.000 1.000 0.000 m5
#material: 6.000 0.000 1.000 0.000 m6
#material: 7.000 0.000 1.000 0.000 m7
#material: 8.000 0.000 1.000 0.000 m8
#material: 9.000 0.000 1.000 0.000 m9
#material: 10.000 0.000 1.000 0.000 m10
#material: 11.000 0.000 1.000 0.000 m11
#material: 12.000 0.000 1.000 0.000 m12
#material: 13.000 0.000 1.000 0.000 m13
#material: 14.000 0.000 1.000 0.000 m14
#material: 15.000 0.000 1.000 0.000 m15
#material: 16.000 0.000 1.000 0.000 m16
#material: 17.000 0.000 1.000 0.000 m17
#material: 18.000 0.000 1.000 0.000 m18
#material: 19.000 0.000 1.000 0.000 m19
#material: 20.000 0.000 1.000 0.000 m20

#box: 0.000 0.000 0.000 1.200 0.250 0.002 concrete

#cylinder: 0.473 0.197 0.000 0.473 0.197 0.002 0.010 m11
#cylinder: 0.882 0.133 0.000 0.882 0.133 0.002 0.009 m10
#cylinder: 0.050 0.131 0.000 0.050 0.131 0.002 0.010 m18
#cylinder: 0.318 0.178 0.000 0.318 0.178 0.002 0.003 m16
#cylinder: 0.989 0.192 0.000 0.989 0.192 0.002 0.008 m1
#cylinder: 0.195 0.102 0.000 0.195 0.102 0.002 0.004 m15
#cylinder: 0.957 0.215 0.000 0.957 0.215 0.002 0.010 m3
#cylinder: 0.791 0.207 0.000 0.791 0.207 0.002 0.004 m10
#cylinder: 0.928 0.143 0.000 0.928 0.143 0.002 0.002 m14
#cylinder: 0.002 0.128 0.000 0.002 0.128 0.002 0.005 m17
#cylinder: 0.930 0.137 0.000 0.930 0.137 0.002 0.004 m1
#cylinder: 0.399 0.177 0.000 0.399 0.177 0.002 0.004 m6
#cylinder: 0.008 0.154 0.000 0.008 0.154 0.002 0.007 m16
#cylinder: 0.632 0.200 0.000 0.632 0.200 0.002 0.009 m5
#cylinder: 0.974 0.100 0.000 0.974 0.100 0.002 0.003 m14
#cylinder: 0.693 0.217 0.000 0.693 0.217 0.002 0.009 m6
#cylinder: 0.144 0.151 0.000 0.144 0.151 0.002 0.006 m17
#cylinder: 0.533 0.135 0.000 0.533 0.135 0.002 0.004 m14
#cylinder: 0.565 0.162 0.000 0.565 0.162 0.002 0.004 m18
#cylinder: 0.204 0.102 0.000 0.204 0.102 0.002 0.006 m18
#cylinder: 1.094 0.138 0.000 1.094 0.138 0.002 0.005 m12
#cylinder: 0.988 0.193 0.000 0.988 0.193 0.002 0.009 m8
#cylinder: 0.818 0.199 0.000 0.818 0.199 0.002 0.003 m17
#cylinder: 0.125 0.206 0.000 0.125 0.206 0.002 0.006 m5
#cylinder: 0.458 0.177 0.000 0.458 0.177 0.002 0.005 m3
#cylinder: 0.016 0.205 0.000 0.016 0.205 0.002 0.009 m8
#cylinder: 0.800 0.168 0.000 0.800 0.168 0.002 0.005 m15
#cylinder: 0.670 0.100 0.000 0.670 0.100 0.002 0.003 m10
#cylinder: 0.649 0.194 0.000 0.649 0.194 0.002 0.004 m9
#cylinder: 0.365 0.115 0.000 0.365 0.115 0.002 0.003 m4
#cylinder: 0.235 0.140 0.000 0.235 0.140 0.002 0.009 m4
#cylinder: 0.338 0.150 0.000 0.338 0.150 0.002 0.006 m17
#cylinder: 0.197 0.217 0.000 0.197 0.217 0.002 0.006 m15
#cylinder: 0.925 0.116 0.000 0.925 0.116 0.002 0.003 m17
#cylinder: 0.011 0.193 0.000 0.011 0.193 0.002 0.003 m18
#cylinder: 0.852 0.181 0.000 0.852 0.181 0.002 0.010 m4
#cylinder: 0.366 0.104 0.000 0.366 0.104 0.002 0.009 m9
#cylinder: 0.282 0.109 0.000 0.282 0.109 0.002 0.002 m17
#cylinder: 0.561 0.109 0.000 0.561 0.109 0.002 0.005 m4
#cylinder: 0.183 0.149 0.000 0.183 0.149 0.002 0.006 m18
#cylinder: 0.275 0.188 0.000 0.275 0.188 0.002 0.010 m5
#cylinder: 0.563 0.124 0.000 0.563 0.124 0.002 0.005 m7
#cylinder: 0.402 0.219 0.000 0.402 0.219 0.002 0.004 m19
#cylinder: 0.224 0.121 0.000 0.224 0.121 0.002 0.004 m1
#cylinder: 0.461 0.125 0.000 0.461 0.125 0.002 0.002 m8
#cylinder: 0.225 0.112 0.000 0.225 0.112 0.002 0.004 m19
#cylinder: 0.470 0.211 0.000 0.470 0.211 0.002 0.003 m17
#cylinder: 0.662 0.155 0.000 0.662 0.155 0.002 0.005 m20
#cylinder: 0.004 0.130 0.000 0.004 0.130 0.002 0.008 m11
#cylinder: 0.637 0.112 0.000 0.637 0.112 0.002 0.007 m10
#cylinder: 0.642 0.103 0.000 0.642 0.103 0.002 0.007 m6
#cylinder: 0.918 0.151 0.000 0.918 0.151 0.002 0.007 m12
#cylinder: 0.599 0.162 0.000 0.599 0.162 0.002 0.005 m11
#cylinder: 0.023 0.189 0.000 0.023 0.189 0.002 0.005 m4
#cylinder: 0.755 0.216 0.000 0.755 0.216 0.002 0.004 m20
#cylinder: 0.985 0.111 0.000 0.985 0.111 0.002 0.009 m7
#cylinder: 0.342 0.122 0.000 0.342 0.122 0.002 0.010 m3
#cylinder: 0.511 0.138 0.000 0.511 0.138 0.002 0.006 m3
#cylinder: 0.013 0.105 0.000 0.013 0.105 0.002 0.008 m8
#cylinder: 0.301 0.129 0.000 0.301 0.129 0.002 0.006 m13
#cylinder: 1.022 0.193 0.000 1.022 0.193 0.002 0.008 m18
#cylinder: 0.434 0.172 0.000 0.434 0.172 0.002 0.009 m10
#cylinder: 0.037 0.164 0.000 0.037 0.164 0.002 0.005 m16
#cylinder: 0.679 0.177 0.000 0.679 0.177 0.002 0.006 m7
#cylinder: 0.521 0.147 0.000 0.521 0.147 0.002 0.009 m20
#cylinder: 1.032 0.209 0.000 1.032 0.209 0.002 0.007 m11
#cylinder: 0.702 0.209 0.000 0.702 0.209 0.002 0.004 m8
#cylinder: 0.662 0.213 0.000 0.662 0.213 0.002 0.002 m5
#cylinder: 0.625 0.143 0.000 0.625 0.143 0.002 0.010 m11
#cylinder: 0.666 0.182 0.000 0.666 0.182 0.002 0.005 m3
#cylinder: 0.855 0.203 0.000 0.855 0.203 0.002 0.009 m18
#cylinder: 0.611 0.142 0.000 0.611 0.142 0.002 0.009 m11
#cylinder: 0.407 0.162 0.000 0.407 0.162 0.002 0.010 m9
#cylinder: 0.338 0.163 0.000 0.338 0.163 0.002 0.004 m4
#cylinder: 0.520 0.202 0.000 0.520 0.202 0.002 0.009 m18
#cylinder: 0.549 0.215 0.000 0.549 0.215 0.002 0.010 m1
#cylinder: 0.659 0.182 0.000 0.659 0.182 0.002 0.004 m7
#cylinder: 1.087 0.145 0.000 1.087 0.145 0.002 0.006 m19
#cylinder: 1.075 0.199 0.000 1.075 0.199 0.002 0.005 m14
#cylinder: 0.042 0.107 0.000 0.042 0.107 0.002 0.004 m7
#cylinder: 0.484 0.191 0.000 0.484 0.191 0.002 0.004 m19
#cylinder: 0.284 0.128 0.000 0.284 0.128 0.002 0.003 m11
#cylinder: 0.179 0.107 0.000 0.179 0.107 0.002 0.007 m8
#cylinder: 0.054 0.162 0.000 0.054 0.162 0.002 0.006 m8
#cylinder: 1.051 0.139 0.000 1.051 0.139 0.002 0.003 m7
#cylinder: 0.213 0.108 0.000 0.213 0.108 0.002 0.004 m9
#cylinder: 0.815 0.174 0.000 0.815 0.174 0.002 0.005 m11
#cylinder: 0.784 0.154 0.000 0.784 0.154 0.002 0.005 m2
#cylinder: 0.728 0.194 0.000 0.728 0.194 0.002 0.005 m20
#cylinder: 0.907 0.170 0.000 0.907 0.170 0.002 0.006 m19
#cylinder: 0.698 0.166 0.000 0.698 0.166 0.002 0.008 m2
#cylinder: 0.146 0.187 0.000 0.146 0.187 0.002 0.007 m9
#cylinder: 0.190 0.149 0.000 0.190 0.149 0.002 0.007 m12
#cylinder: 0.957 0.116 0.000 0.957 0.116 0.002 0.008 m18
#cylinder: 0.650 0.149 0.000 0.650 0.149 0.002 0.007 m14
#cylinder: 0.964 0.156 0.000 0.964 0.156 0.002 0.002 m9
#cylinder: 1.065 0.107 0.000 1.065 0.107 0.002 0.004 m2
#cylinder: 1.029 0.207 0.000 1.029 0.207 0.002 0.009 m7
#cylinder: 0.745 0.126 0.000 0.745 0.126 0.002 0.004 m13
#cylinder: 0.734 0.195 0.000 0.734 0.195 0.002 0.003 m1
#cylinder: 1.050 0.196 0.000 1.050 0.196 0.002 0.005 m3
#cylinder: 0.630 0.210 0.000 0.630 0.210 0.002 0.004 m15
#cylinder: 0.385 0.102 0.000 0.385 0.102 0.002 0.010 m20
#cylinder: 0.515 0.133 0.000 0.515 0.133 0.002 0.009 m10
#cylinder: 0.801 0.213 0.000 0.801 0.213 0.002 0.002 m4
#cylinder: 0.655 0.118 0.000 0.655 0.118 0.002 0.007 m6
#cylinder: 0.049 0.203 0.000 0.049 0.203 0.002 0.008 m8
#cylinder: 0.844 0.117 0.000 0.844 0.117 0.002 0.006 m12
#cylinder: 0.175 0.125 0.000 0.175 0.125 0.002 0.010 m1
#cylinder: 0.702 0.199 0.000 0.702 0.199 0.002 0.006 m20
#cylinder: 1.041 0.177 0.000 1.041 0.177 0.002 0.009 m17
#cylinder: 1.003 0.196 0.000 1.003 0.196 0.002 0.002 m14
#cylinder: 0.209 0.109 0.000 0.209 0.109 0.002 0.006 m11
#cylinder: 0.707 0.107 0.000 0.707 0.107 0.002 0.003 m8
#cylinder: 0.238 0.137 0.000 0.238 0.137 0.002 0.006 m9
#cylinder: 0.159 0.146 0.000 0.159 0.146 0.002 0.009 m7
#cylinder: 0.014 0.100 0.000 0.014 0.100 0.002 0.004 m8
#cylinder: 0.924 0.152 0.000 0.924 0.152 0.002 0.009 m8
#cylinder: 0.946 0.117 0.000 0.946 0.117 0.002 0.002 m7
#cylinder: 0.516 0.115 0.000 0.516 0.115 0.002 0.009 m18
#cylinder: 1.080 0.126 0.000 1.080 0.126 0.002 0.004 m9
#cylinder: 0.665 0.220 0.000 0.665 0.220 0.002 0.002 m18
#cylinder: 0.771 0.165 0.000 0.771 0.165 0.002 0.009 m13
#cylinder: 0.022 0.195 0.000 0.022 0.195 0.002 0.002 m10
#cylinder: 0.715 0.162 0.000 0.715 0.162 0.002 0.009 m13
#cylinder: 0.707 0.214 0.000 0.707 0.214 0.002 0.004 m9
#cylinder: 0.538 0.185 0.000 0.538 0.185 0.002 0.010 m16
#cylinder: 0.939 0.103 0.000 0.939 0.103 0.002 0.005 m2
#cylinder: 0.660 0.120 0.000 0.660 0.120 0.002 0.005 m16
#cylinder: 0.111 0.144 0.000 0.111 0.144 0.002 0.005 m2
#cylinder: 0.251 0.211 0.000 0.251 0.211 0.002 0.004 m10
#cylinder: 0.286 0.162 0.000 0.286 0.162 0.002 0.004 m15
#cylinder: 1.055 0.212 0.000 1.055 0.212 0.002 0.005 m6
#cylinder: 0.896 0.157 0.000 0.896 0.157 0.002 0.004 m18
#cylinder: 1.058 0.103 0.000 1.058 0.103 0.002 0.004 m12
#cylinder: 0.059 0.172 0.000 0.059 0.172 0.002 0.003 m7
#cylinder: 1.001 0.167 0.000 1.001 0.167 0.002 0.010 m5
#cylinder: 0.531 0.119 0.000 0.531 0.119 0.002 0.006 m12
#cylinder: 0.362 0.141 0.000 0.362 0.141 0.002 0.004 m5
#cylinder: 0.354 0.127 0.000 0.354 0.127 0.002 0.007 m7
#cylinder: 0.006 0.122 0.000 0.006 0.122 0.002 0.004 m8
#cylinder: 0.919 0.143 0.000 0.919 0.143 0.002 0.004 m15
#cylinder: 0.072 0.115 0.000 0.072 0.115 0.002 0.008 m20
#cylinder: 1.060 0.175 0.000 1.060 0.175 0.002 0.006 m3
#cylinder: 0.159 0.210 0.000 0.159 0.210 0.002 0.004 m14
#cylinder: 0.183 0.171 0.000 0.183 0.171 0.002 0.005 m5
#cylinder: 0.422 0.148 0.000 0.422 0.148 0.002 0.006 m18
#cylinder: 0.145 0.207 0.000 0.145 0.207 0.002 0.004 m12
#cylinder: 0.910 0.104 0.000 0.910 0.104 0.002 0.004 m19
#cylinder: 0.115 0.206 0.000 0.115 0.206 0.002 0.003 m4
#cylinder: 0.058 0.212 0.000 0.058 0.212 0.002 0.004 m16
#cylinder: 0.771 0.104 0.000 0.771 0.104 0.002 0.009 m1
#cylinder: 0.256 0.203 0.000 0.256 0.203 0.002 0.009 m6
#cylinder: 0.646 0.185 0.000 0.646 0.185 0.002 0.004 m11
#cylinder: 0.866 0.114 0.000 0.866 0.114 0.002 0.009 m2
#cylinder: 0.041 0.168 0.000 0.041 0.168 0.002 0.009 m1
#cylinder: 0.104 0.144 0.000 0.104 0.144 0.002 0.007 m6
#cylinder: 0.028 0.170 0.000 0.028 0.170 0.002 0.004 m13
#cylinder: 0.404 0.150 0.000 0.404 0.150 0.002 0.009 m11
#cylinder: 0.273 0.136 0.000 0.273 0.136 0.002 0.007 m12
#cylinder: 0.568 0.113 0.000 0.568 0.113 0.002 0.006 m14
#cylinder: 0.486 0.119 0.000 0.486 0.119 0.002 0.006 m14
#cylinder: 0.933 0.218 0.000 0.933 0.218 0.002 0.003 m19
#cylinder: 1.001 0.194 0.000 1.001 0.194 0.002 0.009 m11
#cylinder: 0.575 0.122 0.000 0.575 0.122 0.002 0.010 m7
#cylinder: 0.895 0.208 0.000 0.895 0.208 0.002 0.009 m5
#cylinder: 1.042 0.138 0.000 1.042 0.138 0.002 0.003 m5
#cylinder: 0.747 0.210 0.000 0.747 0.210 0.002 0.007 m3
#cylinder: 0.341 0.193 0.000 0.341 0.193 0.002 0.009 m20
#cylinder: 0.032 0.129 0.000 0.032 0.129 0.002 0.003 m14
#cylinder: 0.308 0.165 0.000 0.308 0.165 0.002 0.009 m4
#cylinder: 0.797 0.122 0.000 0.797 0.122 0.002 0.006 m3
#cylinder: 0.877 0.193 0.000 0.877 0.193 0.002 0.009 m19
#cylinder: 0.761 0.197 0.000 0.761 0.197 0.002 0.006 m18
#cylinder: 0.632 0.152 0.000 0.632 0.152 0.002 0.005 m4
#cylinder: 1.082 0.177 0.000 1.082 0.177 0.002 0.004 m13
#cylinder: 0.214 0.117 0.000 0.214 0.117 0.002 0.003 m8
#cylinder: 0.990 0.196 0.000 0.990 0.196 0.002 0.007 m6
#cylinder: 0.286 0.191 0.000 0.286 0.191 0.002 0.004 m18
#cylinder: 0.637 0.125 0.000 0.637 0.125 0.002 0.004 m5
#cylinder: 0.691 0.116 0.000 0.691 0.116 0.002 0.004 m7
#cylinder: 0.148 0.201 0.000 0.148 0.201 0.002 0.004 m10
#cylinder: 0.450 0.139 0.000 0.450 0.139 0.002 0.007 m16
#cylinder: 0.147 0.128 0.000 0.147 0.128 0.002 0.007 m12
#cylinder: 0.501 0.200 0.000 0.501 0.200 0.002 0.003 m10
#cylinder: 0.255 0.161 0.000 0.255 0.161 0.002 0.003 m11
#cylinder: 0.279 0.156 0.000 0.279 0.156 0.002 0.009 m16
#cylinder: 1.092 0.210 0.000 1.092 0.210 0.002 0.004 m7
#cylinder: 1.008 0.156 0.000 1.008 0.156 0.002 0.004 m16
#cylinder: 1.011 0.185 0.000 1.011 0.185 0.002 0.009 m16
#cylinder: 0.971 0.174 0.000 0.971 0.174 0.002 0.005 m11
#cylinder: 0.731 0.197 0.000 0.731 0.197 0.002 0.007 m2
#cylinder: 0.237 0.142 0.000 0.237 0.142 0.002 0.006 m18
#cylinder: 0.557 0.176 0.000 0.557 0.176 0.002 0.003 m10
#cylinder: 0.587 0.154 0.000 0.587 0.154 0.002 0.004 m5
#cylinder: 0.073 0.191 0.000 0.073 0.191 0.002 0.004 m5
#cylinder: 0.218 0.116 0.000 0.218 0.116 0.002 0.009 m8
#cylinder: 0.400 0.219 0.000 0.400 0.219 0.002 0.005 m7
#cylinder: 0.855 0.102 0.000 0.855 0.102 0.002 0.003 m20
#cylinder: 0.934 0.109 0.000 0.934 0.109 0.002 0.004 m12
