testingplz 
#domain: 10.200 0.300 0.002 
#dx_dy_dz: 0.002 0.002 0.002 
#time_window: 5.000000e-09 

#excitation_file: mala_source_modified.txt 
#hertzian_dipole: z 0.080 0.250 0 mala_source 
#rx: 0.120 0.250 0.000 
#src_steps: 0.002 0.000 0.000 
#rx_steps: 0.002 0.000 0.000 

#material: 5.000 0.220 1.000 0.000 concrete
#material: 1.000 0.000 1.000 0.000 air
#material: 80.000 0.500 1.000 0.000 water

#material: 1.000 0.000 1.000 0.000 m1
#material: 2.000 0.000 1.000 0.000 m2
#material: 3.000 0.000 1.000 0.000 m3
#material: 4.000 0.000 1.000 0.000 m4
#material: 5.000 0.000 1.000 0.000 m5
#material: 6.000 0.000 1.000 0.000 m6
#material: 7.000 0.000 1.000 0.000 m7
#material: 8.000 0.000 1.000 0.000 m8
#material: 9.000 0.000 1.000 0.000 m9
#material: 10.000 0.000 1.000 0.000 m10
#material: 11.000 0.000 1.000 0.000 m11
#material: 12.000 0.000 1.000 0.000 m12
#material: 13.000 0.000 1.000 0.000 m13
#material: 14.000 0.000 1.000 0.000 m14
#material: 15.000 0.000 1.000 0.000 m15
#material: 16.000 0.000 1.000 0.000 m16
#material: 17.000 0.000 1.000 0.000 m17
#material: 18.000 0.000 1.000 0.000 m18
#material: 19.000 0.000 1.000 0.000 m19
#material: 20.000 0.000 1.000 0.000 m20

#box: 0.000 0.000 0.000 10.200 0.250 0.002 concrete

#cylinder: 2.819 0.136 0.000 2.819 0.136 0.002 0.010 m11
#cylinder: 2.640 0.146 0.000 2.640 0.146 0.002 0.009 m17
#cylinder: 3.984 0.220 0.000 3.984 0.220 0.002 0.010 m2
#cylinder: 8.354 0.172 0.000 8.354 0.172 0.002 0.006 m7
#cylinder: 0.811 0.104 0.000 0.811 0.104 0.002 0.003 m10
#cylinder: 8.306 0.161 0.000 8.306 0.161 0.002 0.010 m1
#cylinder: 4.529 0.116 0.000 4.529 0.116 0.002 0.004 m9
#cylinder: 0.263 0.164 0.000 0.263 0.164 0.002 0.010 m17
#cylinder: 0.547 0.154 0.000 0.547 0.154 0.002 0.003 m10
#cylinder: 5.241 0.209 0.000 5.241 0.209 0.002 0.005 m18
#cylinder: 2.654 0.164 0.000 2.654 0.164 0.002 0.007 m14
#cylinder: 8.658 0.147 0.000 8.658 0.147 0.002 0.007 m19
#cylinder: 3.967 0.124 0.000 3.967 0.124 0.002 0.010 m20
#cylinder: 7.419 0.139 0.000 7.419 0.139 0.002 0.010 m14
#cylinder: 4.979 0.115 0.000 4.979 0.115 0.002 0.005 m2
#cylinder: 6.394 0.100 0.000 6.394 0.100 0.002 0.002 m19
#cylinder: 9.982 0.177 0.000 9.982 0.177 0.002 0.004 m12
#cylinder: 2.440 0.161 0.000 2.440 0.161 0.002 0.006 m1
#cylinder: 6.849 0.182 0.000 6.849 0.182 0.002 0.005 m8
#cylinder: 8.532 0.159 0.000 8.532 0.159 0.002 0.005 m11
#cylinder: 8.486 0.195 0.000 8.486 0.195 0.002 0.007 m18
#cylinder: 3.963 0.216 0.000 3.963 0.216 0.002 0.009 m15
#cylinder: 1.256 0.133 0.000 1.256 0.133 0.002 0.006 m12
#cylinder: 2.789 0.109 0.000 2.789 0.109 0.002 0.005 m9
#cylinder: 0.629 0.126 0.000 0.629 0.126 0.002 0.008 m1
#cylinder: 9.824 0.137 0.000 9.824 0.137 0.002 0.007 m6
#cylinder: 8.765 0.135 0.000 8.765 0.135 0.002 0.009 m5
#cylinder: 5.177 0.153 0.000 5.177 0.153 0.002 0.008 m2
#cylinder: 6.404 0.182 0.000 6.404 0.182 0.002 0.006 m2
#cylinder: 1.020 0.106 0.000 1.020 0.106 0.002 0.004 m8
#cylinder: 6.353 0.114 0.000 6.353 0.114 0.002 0.005 m9
#cylinder: 8.149 0.217 0.000 8.149 0.217 0.002 0.002 m10
#cylinder: 0.323 0.112 0.000 0.323 0.112 0.002 0.010 m1
#cylinder: 2.056 0.179 0.000 2.056 0.179 0.002 0.004 m3
#cylinder: 2.453 0.213 0.000 2.453 0.213 0.002 0.006 m6
#cylinder: 1.449 0.214 0.000 1.449 0.214 0.002 0.004 m2
#cylinder: 9.729 0.156 0.000 9.729 0.156 0.002 0.009 m15
#cylinder: 9.499 0.115 0.000 9.499 0.115 0.002 0.005 m5
#cylinder: 7.312 0.150 0.000 7.312 0.150 0.002 0.005 m5
#cylinder: 1.408 0.136 0.000 1.408 0.136 0.002 0.008 m6
#cylinder: 2.492 0.213 0.000 2.492 0.213 0.002 0.005 m5
#cylinder: 5.937 0.153 0.000 5.937 0.153 0.002 0.002 m2
#cylinder: 4.277 0.160 0.000 4.277 0.160 0.002 0.009 m16
#cylinder: 9.758 0.145 0.000 9.758 0.145 0.002 0.008 m8
#cylinder: 7.552 0.209 0.000 7.552 0.209 0.002 0.006 m2
#cylinder: 7.042 0.212 0.000 7.042 0.212 0.002 0.007 m1
#cylinder: 10.003 0.162 0.000 10.003 0.162 0.002 0.002 m19
#cylinder: 6.827 0.112 0.000 6.827 0.112 0.002 0.006 m10
#cylinder: 9.041 0.127 0.000 9.041 0.127 0.002 0.006 m18
#cylinder: 2.012 0.120 0.000 2.012 0.120 0.002 0.004 m13
#cylinder: 8.561 0.177 0.000 8.561 0.177 0.002 0.007 m10
#cylinder: 5.725 0.131 0.000 5.725 0.131 0.002 0.006 m15
#cylinder: 4.084 0.179 0.000 4.084 0.179 0.002 0.007 m7
#cylinder: 9.742 0.164 0.000 9.742 0.164 0.002 0.009 m12
#cylinder: 5.017 0.196 0.000 5.017 0.196 0.002 0.005 m12
#cylinder: 2.602 0.169 0.000 2.602 0.169 0.002 0.009 m18
#cylinder: 5.052 0.146 0.000 5.052 0.146 0.002 0.009 m12
#cylinder: 5.526 0.175 0.000 5.526 0.175 0.002 0.007 m16
#cylinder: 7.915 0.100 0.000 7.915 0.100 0.002 0.009 m20
#cylinder: 4.859 0.177 0.000 4.859 0.177 0.002 0.010 m3
#cylinder: 7.409 0.130 0.000 7.409 0.130 0.002 0.003 m16
#cylinder: 6.495 0.180 0.000 6.495 0.180 0.002 0.004 m11
#cylinder: 8.015 0.152 0.000 8.015 0.152 0.002 0.004 m16
#cylinder: 3.706 0.186 0.000 3.706 0.186 0.002 0.004 m10
#cylinder: 1.595 0.182 0.000 1.595 0.182 0.002 0.002 m14
#cylinder: 6.679 0.137 0.000 6.679 0.137 0.002 0.009 m19
#cylinder: 6.795 0.216 0.000 6.795 0.216 0.002 0.007 m6
#cylinder: 6.364 0.183 0.000 6.364 0.183 0.002 0.010 m15
#cylinder: 0.696 0.202 0.000 0.696 0.202 0.002 0.006 m5
#cylinder: 1.760 0.184 0.000 1.760 0.184 0.002 0.010 m14
#cylinder: 3.346 0.137 0.000 3.346 0.137 0.002 0.006 m17
#cylinder: 2.855 0.107 0.000 2.855 0.107 0.002 0.003 m18
#cylinder: 2.309 0.179 0.000 2.309 0.179 0.002 0.009 m16
#cylinder: 5.874 0.214 0.000 5.874 0.214 0.002 0.002 m8
#cylinder: 4.294 0.109 0.000 4.294 0.109 0.002 0.006 m19
#cylinder: 4.697 0.158 0.000 4.697 0.158 0.002 0.007 m1
#cylinder: 6.270 0.116 0.000 6.270 0.116 0.002 0.005 m7
#cylinder: 4.562 0.129 0.000 4.562 0.129 0.002 0.002 m20
#cylinder: 4.084 0.192 0.000 4.084 0.192 0.002 0.008 m19
#cylinder: 3.337 0.166 0.000 3.337 0.166 0.002 0.004 m15
#cylinder: 5.268 0.187 0.000 5.268 0.187 0.002 0.009 m5
#cylinder: 5.218 0.158 0.000 5.218 0.158 0.002 0.004 m11
#cylinder: 1.371 0.104 0.000 1.371 0.104 0.002 0.008 m2
#cylinder: 3.029 0.179 0.000 3.029 0.179 0.002 0.007 m11
#cylinder: 5.481 0.198 0.000 5.481 0.198 0.002 0.007 m10
#cylinder: 1.777 0.151 0.000 1.777 0.151 0.002 0.004 m17
#cylinder: 9.035 0.201 0.000 9.035 0.201 0.002 0.005 m8
#cylinder: 4.546 0.198 0.000 4.546 0.198 0.002 0.006 m12
#cylinder: 8.064 0.134 0.000 8.064 0.134 0.002 0.005 m11
#cylinder: 4.412 0.150 0.000 4.412 0.150 0.002 0.005 m1
#cylinder: 7.427 0.113 0.000 7.427 0.113 0.002 0.005 m7
#cylinder: 7.105 0.152 0.000 7.105 0.152 0.002 0.004 m13
#cylinder: 9.854 0.195 0.000 9.854 0.195 0.002 0.002 m9
#cylinder: 0.636 0.167 0.000 0.636 0.167 0.002 0.007 m11
#cylinder: 8.492 0.165 0.000 8.492 0.165 0.002 0.004 m3
#cylinder: 4.154 0.102 0.000 4.154 0.102 0.002 0.004 m4
#cylinder: 8.739 0.212 0.000 8.739 0.212 0.002 0.005 m19
#cylinder: 2.494 0.139 0.000 2.494 0.139 0.002 0.006 m11
#cylinder: 5.104 0.176 0.000 5.104 0.176 0.002 0.007 m4
#cylinder: 5.213 0.138 0.000 5.213 0.138 0.002 0.007 m9
#cylinder: 0.290 0.100 0.000 0.290 0.100 0.002 0.007 m9
#cylinder: 0.331 0.215 0.000 0.331 0.215 0.002 0.009 m14
#cylinder: 9.149 0.205 0.000 9.149 0.205 0.002 0.004 m8
#cylinder: 0.002 0.218 0.000 0.002 0.218 0.002 0.003 m17
#cylinder: 6.022 0.173 0.000 6.022 0.173 0.002 0.005 m2
#cylinder: 6.765 0.114 0.000 6.765 0.114 0.002 0.002 m7
#cylinder: 1.128 0.195 0.000 1.128 0.195 0.002 0.007 m9
#cylinder: 4.502 0.163 0.000 4.502 0.163 0.002 0.005 m8
#cylinder: 4.659 0.189 0.000 4.659 0.189 0.002 0.003 m20
#cylinder: 7.979 0.105 0.000 7.979 0.105 0.002 0.007 m12
#cylinder: 2.451 0.107 0.000 2.451 0.107 0.002 0.004 m18
#cylinder: 0.349 0.217 0.000 0.349 0.217 0.002 0.008 m7
#cylinder: 3.366 0.212 0.000 3.366 0.212 0.002 0.009 m17
#cylinder: 0.911 0.182 0.000 0.911 0.182 0.002 0.005 m15
#cylinder: 5.345 0.146 0.000 5.345 0.146 0.002 0.009 m20
#cylinder: 0.684 0.149 0.000 0.684 0.149 0.002 0.004 m20
#cylinder: 9.217 0.124 0.000 9.217 0.124 0.002 0.009 m20
#cylinder: 2.660 0.161 0.000 2.660 0.161 0.002 0.005 m1
#cylinder: 4.878 0.113 0.000 4.878 0.113 0.002 0.002 m17
#cylinder: 4.784 0.220 0.000 4.784 0.220 0.002 0.007 m18
#cylinder: 8.026 0.212 0.000 8.026 0.212 0.002 0.009 m7
#cylinder: 4.779 0.131 0.000 4.779 0.131 0.002 0.010 m14
#cylinder: 9.292 0.182 0.000 9.292 0.182 0.002 0.009 m13
#cylinder: 8.203 0.185 0.000 8.203 0.185 0.002 0.006 m5
#cylinder: 3.770 0.145 0.000 3.770 0.145 0.002 0.004 m5
#cylinder: 0.814 0.167 0.000 0.814 0.167 0.002 0.009 m6
#cylinder: 4.897 0.145 0.000 4.897 0.145 0.002 0.003 m4
#cylinder: 0.507 0.151 0.000 0.507 0.151 0.002 0.009 m11
#cylinder: 2.143 0.138 0.000 2.143 0.138 0.002 0.004 m14
#cylinder: 2.258 0.151 0.000 2.258 0.151 0.002 0.005 m18
#cylinder: 1.283 0.157 0.000 1.283 0.157 0.002 0.003 m13
#cylinder: 3.408 0.123 0.000 3.408 0.123 0.002 0.004 m4
#cylinder: 3.695 0.219 0.000 3.695 0.219 0.002 0.004 m13
#cylinder: 6.128 0.160 0.000 6.128 0.160 0.002 0.006 m18
#cylinder: 8.851 0.163 0.000 8.851 0.163 0.002 0.005 m11
#cylinder: 8.868 0.185 0.000 8.868 0.185 0.002 0.004 m12
#cylinder: 3.610 0.116 0.000 3.610 0.116 0.002 0.005 m5
#cylinder: 5.886 0.133 0.000 5.886 0.133 0.002 0.005 m19
#cylinder: 0.787 0.180 0.000 0.787 0.180 0.002 0.009 m3
#cylinder: 7.181 0.220 0.000 7.181 0.220 0.002 0.003 m20
#cylinder: 2.773 0.181 0.000 2.773 0.181 0.002 0.004 m10
#cylinder: 7.664 0.207 0.000 7.664 0.207 0.002 0.002 m8
#cylinder: 7.349 0.118 0.000 7.349 0.118 0.002 0.005 m8
#cylinder: 8.915 0.177 0.000 8.915 0.177 0.002 0.009 m15
#cylinder: 7.851 0.189 0.000 7.851 0.189 0.002 0.003 m2
#cylinder: 8.129 0.182 0.000 8.129 0.182 0.002 0.005 m5
#cylinder: 5.193 0.192 0.000 5.193 0.192 0.002 0.008 m10
#cylinder: 10.017 0.170 0.000 10.017 0.170 0.002 0.009 m7
#cylinder: 4.775 0.125 0.000 4.775 0.125 0.002 0.009 m18
#cylinder: 1.882 0.138 0.000 1.882 0.138 0.002 0.003 m8
#cylinder: 3.605 0.133 0.000 3.605 0.133 0.002 0.009 m7
#cylinder: 4.391 0.179 0.000 4.391 0.179 0.002 0.007 m4
#cylinder: 4.503 0.195 0.000 4.503 0.195 0.002 0.006 m10
#cylinder: 6.334 0.106 0.000 6.334 0.106 0.002 0.010 m16
#cylinder: 7.865 0.113 0.000 7.865 0.113 0.002 0.007 m8
#cylinder: 8.651 0.157 0.000 8.651 0.157 0.002 0.003 m11
#cylinder: 6.331 0.144 0.000 6.331 0.144 0.002 0.002 m17
#cylinder: 3.104 0.104 0.000 3.104 0.104 0.002 0.003 m4
#cylinder: 4.947 0.147 0.000 4.947 0.147 0.002 0.004 m20
#cylinder: 7.356 0.204 0.000 7.356 0.204 0.002 0.009 m19
#cylinder: 6.819 0.174 0.000 6.819 0.174 0.002 0.007 m17
#cylinder: 9.001 0.106 0.000 9.001 0.106 0.002 0.009 m17
#cylinder: 6.329 0.216 0.000 6.329 0.216 0.002 0.005 m12
#cylinder: 3.670 0.151 0.000 3.670 0.151 0.002 0.006 m17
#cylinder: 1.056 0.101 0.000 1.056 0.101 0.002 0.006 m7
#cylinder: 2.576 0.102 0.000 2.576 0.102 0.002 0.004 m6
#cylinder: 3.379 0.217 0.000 3.379 0.217 0.002 0.003 m1
#cylinder: 2.230 0.164 0.000 2.230 0.164 0.002 0.005 m12
#cylinder: 7.736 0.148 0.000 7.736 0.148 0.002 0.005 m3
#cylinder: 5.816 0.110 0.000 5.816 0.110 0.002 0.004 m4
#cylinder: 5.045 0.184 0.000 5.045 0.184 0.002 0.004 m14
#cylinder: 5.776 0.136 0.000 5.776 0.136 0.002 0.009 m19
#cylinder: 9.741 0.173 0.000 9.741 0.173 0.002 0.004 m18
#cylinder: 7.369 0.119 0.000 7.369 0.119 0.002 0.005 m12
#cylinder: 4.360 0.143 0.000 4.360 0.143 0.002 0.009 m11
#cylinder: 4.315 0.139 0.000 4.315 0.139 0.002 0.006 m2
#cylinder: 7.030 0.111 0.000 7.030 0.111 0.002 0.005 m16
#cylinder: 2.543 0.101 0.000 2.543 0.101 0.002 0.006 m6
#cylinder: 8.322 0.133 0.000 8.322 0.133 0.002 0.009 m20
#cylinder: 3.119 0.125 0.000 3.119 0.125 0.002 0.002 m18
#cylinder: 7.761 0.134 0.000 7.761 0.134 0.002 0.005 m13
#cylinder: 6.673 0.180 0.000 6.673 0.180 0.002 0.002 m2
#cylinder: 9.611 0.167 0.000 9.611 0.167 0.002 0.002 m16
#cylinder: 1.717 0.211 0.000 1.717 0.211 0.002 0.004 m16
#cylinder: 1.088 0.165 0.000 1.088 0.165 0.002 0.009 m12
#cylinder: 2.070 0.149 0.000 2.070 0.149 0.002 0.009 m13
#cylinder: 2.961 0.147 0.000 2.961 0.147 0.002 0.006 m8
#cylinder: 8.947 0.148 0.000 8.947 0.148 0.002 0.003 m8
#cylinder: 8.611 0.191 0.000 8.611 0.191 0.002 0.009 m13
#cylinder: 4.571 0.191 0.000 4.571 0.191 0.002 0.010 m16
#cylinder: 0.302 0.219 0.000 0.302 0.219 0.002 0.006 m8
#cylinder: 3.426 0.112 0.000 3.426 0.112 0.002 0.004 m10
#cylinder: 2.435 0.137 0.000 2.435 0.137 0.002 0.003 m5
#cylinder: 0.393 0.147 0.000 0.393 0.147 0.002 0.004 m9
#cylinder: 3.551 0.153 0.000 3.551 0.153 0.002 0.009 m8
#cylinder: 6.465 0.178 0.000 6.465 0.178 0.002 0.007 m6
#cylinder: 1.158 0.118 0.000 1.158 0.118 0.002 0.003 m19
#cylinder: 6.095 0.188 0.000 6.095 0.188 0.002 0.006 m20
#cylinder: 8.855 0.104 0.000 8.855 0.104 0.002 0.007 m9
#cylinder: 2.466 0.132 0.000 2.466 0.132 0.002 0.003 m14
