testingplz 
#domain: 1.200 0.300 0.002 
#dx_dy_dz: 0.002 0.002 0.002 
#time_window: 5.000000e-09 

#excitation_file: mala_source_modified.txt 
#hertzian_dipole: z 0.080 0.250 0 mala_source 
#rx: 0.120 0.250 0.000 
#src_steps: 0.002 0.000 0.000 
#rx_steps: 0.002 0.000 0.000 

#material: 5.000 0.220 1.000 0.000 concrete
#material: 1.000 0.000 1.000 0.000 air
#material: 80.000 0.500 1.000 0.000 water

#material: 1.000 0.000 1.000 0.000 m1
#material: 2.000 0.000 1.000 0.000 m2
#material: 3.000 0.000 1.000 0.000 m3
#material: 4.000 0.000 1.000 0.000 m4
#material: 5.000 0.000 1.000 0.000 m5
#material: 6.000 0.000 1.000 0.000 m6
#material: 7.000 0.000 1.000 0.000 m7
#material: 8.000 0.000 1.000 0.000 m8
#material: 9.000 0.000 1.000 0.000 m9
#material: 10.000 0.000 1.000 0.000 m10
#material: 11.000 0.000 1.000 0.000 m11
#material: 12.000 0.000 1.000 0.000 m12
#material: 13.000 0.000 1.000 0.000 m13
#material: 14.000 0.000 1.000 0.000 m14
#material: 15.000 0.000 1.000 0.000 m15
#material: 16.000 0.000 1.000 0.000 m16
#material: 17.000 0.000 1.000 0.000 m17
#material: 18.000 0.000 1.000 0.000 m18
#material: 19.000 0.000 1.000 0.000 m19
#material: 20.000 0.000 1.000 0.000 m20

#box: 0.000 0.000 0.000 1.200 0.250 0.002 concrete

#cylinder: 0.409 0.176 0.000 0.409 0.176 0.002 0.004 m3
#cylinder: 0.028 0.132 0.000 0.028 0.132 0.002 0.006 m18
#cylinder: 0.708 0.198 0.000 0.708 0.198 0.002 0.005 m20
#cylinder: 0.133 0.218 0.000 0.133 0.218 0.002 0.005 m3
#cylinder: 0.062 0.114 0.000 0.062 0.114 0.002 0.004 m13
#cylinder: 0.922 0.165 0.000 0.922 0.165 0.002 0.009 m20
#cylinder: 0.460 0.139 0.000 0.460 0.139 0.002 0.005 m4
#cylinder: 0.588 0.102 0.000 0.588 0.102 0.002 0.006 m3
#cylinder: 0.014 0.177 0.000 0.014 0.177 0.002 0.007 m15
#cylinder: 0.976 0.203 0.000 0.976 0.203 0.002 0.009 m10
#cylinder: 1.084 0.128 0.000 1.084 0.128 0.002 0.009 m2
#cylinder: 0.013 0.113 0.000 0.013 0.113 0.002 0.003 m2
#cylinder: 0.701 0.156 0.000 0.701 0.156 0.002 0.006 m15
#cylinder: 0.105 0.108 0.000 0.105 0.108 0.002 0.009 m11
#cylinder: 0.061 0.202 0.000 0.061 0.202 0.002 0.002 m18
#cylinder: 0.459 0.110 0.000 0.459 0.110 0.002 0.004 m18
#cylinder: 0.257 0.126 0.000 0.257 0.126 0.002 0.004 m1
#cylinder: 0.169 0.199 0.000 0.169 0.199 0.002 0.008 m17
#cylinder: 0.884 0.179 0.000 0.884 0.179 0.002 0.010 m14
#cylinder: 0.413 0.188 0.000 0.413 0.188 0.002 0.007 m19
#cylinder: 0.216 0.220 0.000 0.216 0.220 0.002 0.009 m5
#cylinder: 1.074 0.193 0.000 1.074 0.193 0.002 0.007 m8
#cylinder: 0.792 0.167 0.000 0.792 0.167 0.002 0.009 m19
#cylinder: 1.058 0.165 0.000 1.058 0.165 0.002 0.009 m8
#cylinder: 0.433 0.134 0.000 0.433 0.134 0.002 0.009 m11
#cylinder: 0.522 0.194 0.000 0.522 0.194 0.002 0.006 m7
#cylinder: 0.271 0.192 0.000 0.271 0.192 0.002 0.007 m12
#cylinder: 0.994 0.213 0.000 0.994 0.213 0.002 0.003 m6
#cylinder: 0.991 0.178 0.000 0.991 0.178 0.002 0.009 m1
#cylinder: 0.207 0.113 0.000 0.207 0.113 0.002 0.004 m10
#cylinder: 0.077 0.189 0.000 0.077 0.189 0.002 0.007 m2
#cylinder: 0.040 0.145 0.000 0.040 0.145 0.002 0.010 m6
#cylinder: 0.729 0.176 0.000 0.729 0.176 0.002 0.006 m14
#cylinder: 0.448 0.160 0.000 0.448 0.160 0.002 0.008 m7
#cylinder: 0.915 0.188 0.000 0.915 0.188 0.002 0.010 m12
#cylinder: 0.578 0.209 0.000 0.578 0.209 0.002 0.009 m1
#cylinder: 0.531 0.114 0.000 0.531 0.114 0.002 0.009 m8
#cylinder: 0.323 0.129 0.000 0.323 0.129 0.002 0.004 m20
#cylinder: 0.559 0.213 0.000 0.559 0.213 0.002 0.007 m11
#cylinder: 0.383 0.200 0.000 0.383 0.200 0.002 0.004 m5
#cylinder: 0.324 0.118 0.000 0.324 0.118 0.002 0.009 m20
#cylinder: 0.122 0.147 0.000 0.122 0.147 0.002 0.002 m8
#cylinder: 0.800 0.101 0.000 0.800 0.101 0.002 0.004 m15
#cylinder: 1.046 0.152 0.000 1.046 0.152 0.002 0.006 m9
#cylinder: 0.732 0.125 0.000 0.732 0.125 0.002 0.006 m15
#cylinder: 0.399 0.165 0.000 0.399 0.165 0.002 0.009 m12
#cylinder: 0.720 0.204 0.000 0.720 0.204 0.002 0.010 m15
#cylinder: 0.144 0.208 0.000 0.144 0.208 0.002 0.008 m9
#cylinder: 1.052 0.142 0.000 1.052 0.142 0.002 0.003 m20
#cylinder: 0.630 0.139 0.000 0.630 0.139 0.002 0.006 m2
#cylinder: 0.460 0.117 0.000 0.460 0.117 0.002 0.007 m16
#cylinder: 1.025 0.207 0.000 1.025 0.207 0.002 0.007 m18
#cylinder: 1.036 0.151 0.000 1.036 0.151 0.002 0.009 m4
#cylinder: 0.806 0.154 0.000 0.806 0.154 0.002 0.004 m2
#cylinder: 0.154 0.163 0.000 0.154 0.163 0.002 0.004 m19
#cylinder: 0.569 0.125 0.000 0.569 0.125 0.002 0.003 m19
#cylinder: 0.511 0.147 0.000 0.511 0.147 0.002 0.006 m18
#cylinder: 0.226 0.178 0.000 0.226 0.178 0.002 0.009 m5
#cylinder: 1.065 0.118 0.000 1.065 0.118 0.002 0.004 m14
#cylinder: 0.520 0.147 0.000 0.520 0.147 0.002 0.009 m7
#cylinder: 0.896 0.175 0.000 0.896 0.175 0.002 0.009 m20
#cylinder: 0.313 0.140 0.000 0.313 0.140 0.002 0.002 m1
#cylinder: 0.729 0.191 0.000 0.729 0.191 0.002 0.006 m17
#cylinder: 0.571 0.161 0.000 0.571 0.161 0.002 0.007 m15
#cylinder: 0.926 0.110 0.000 0.926 0.110 0.002 0.005 m11
#cylinder: 0.344 0.202 0.000 0.344 0.202 0.002 0.008 m15
#cylinder: 0.605 0.130 0.000 0.605 0.130 0.002 0.010 m17
#cylinder: 0.324 0.220 0.000 0.324 0.220 0.002 0.005 m5
#cylinder: 0.484 0.154 0.000 0.484 0.154 0.002 0.004 m4
#cylinder: 0.024 0.151 0.000 0.024 0.151 0.002 0.009 m9
#cylinder: 0.596 0.146 0.000 0.596 0.146 0.002 0.004 m7
#cylinder: 0.625 0.198 0.000 0.625 0.198 0.002 0.006 m18
#cylinder: 0.110 0.214 0.000 0.110 0.214 0.002 0.006 m7
#cylinder: 1.008 0.150 0.000 1.008 0.150 0.002 0.003 m17
#cylinder: 0.777 0.133 0.000 0.777 0.133 0.002 0.007 m1
#cylinder: 0.555 0.116 0.000 0.555 0.116 0.002 0.008 m16
#cylinder: 0.387 0.172 0.000 0.387 0.172 0.002 0.005 m10
#cylinder: 0.529 0.189 0.000 0.529 0.189 0.002 0.003 m12
#cylinder: 0.738 0.206 0.000 0.738 0.206 0.002 0.002 m2
#cylinder: 0.179 0.133 0.000 0.179 0.133 0.002 0.007 m4
#cylinder: 0.085 0.134 0.000 0.085 0.134 0.002 0.008 m7
#cylinder: 0.075 0.213 0.000 0.075 0.213 0.002 0.007 m17
#cylinder: 1.062 0.181 0.000 1.062 0.181 0.002 0.005 m2
#cylinder: 0.769 0.172 0.000 0.769 0.172 0.002 0.006 m18
#cylinder: 0.085 0.209 0.000 0.085 0.209 0.002 0.004 m19
#cylinder: 0.624 0.170 0.000 0.624 0.170 0.002 0.005 m16
#cylinder: 0.827 0.159 0.000 0.827 0.159 0.002 0.007 m7
#cylinder: 0.273 0.216 0.000 0.273 0.216 0.002 0.002 m11
#cylinder: 0.938 0.184 0.000 0.938 0.184 0.002 0.009 m1
#cylinder: 0.289 0.199 0.000 0.289 0.199 0.002 0.003 m18
#cylinder: 0.334 0.175 0.000 0.334 0.175 0.002 0.004 m11
#cylinder: 0.801 0.220 0.000 0.801 0.220 0.002 0.009 m15
#cylinder: 0.451 0.105 0.000 0.451 0.105 0.002 0.007 m9
#cylinder: 0.822 0.105 0.000 0.822 0.105 0.002 0.006 m5
#cylinder: 0.755 0.201 0.000 0.755 0.201 0.002 0.009 m6
#cylinder: 0.154 0.190 0.000 0.154 0.190 0.002 0.005 m20
#cylinder: 0.940 0.101 0.000 0.940 0.101 0.002 0.003 m8
#cylinder: 0.930 0.186 0.000 0.930 0.186 0.002 0.009 m3
#cylinder: 0.221 0.219 0.000 0.221 0.219 0.002 0.003 m8
#cylinder: 0.569 0.147 0.000 0.569 0.147 0.002 0.005 m1
#cylinder: 0.937 0.178 0.000 0.937 0.178 0.002 0.005 m6
#cylinder: 0.604 0.196 0.000 0.604 0.196 0.002 0.007 m16
#cylinder: 0.559 0.160 0.000 0.559 0.160 0.002 0.005 m1
#cylinder: 0.321 0.211 0.000 0.321 0.211 0.002 0.010 m2
#cylinder: 0.240 0.158 0.000 0.240 0.158 0.002 0.009 m18
#cylinder: 0.748 0.105 0.000 0.748 0.105 0.002 0.003 m4
#cylinder: 1.044 0.194 0.000 1.044 0.194 0.002 0.006 m20
#cylinder: 0.692 0.106 0.000 0.692 0.106 0.002 0.005 m3
#cylinder: 0.727 0.149 0.000 0.727 0.149 0.002 0.006 m9
#cylinder: 0.020 0.191 0.000 0.020 0.191 0.002 0.003 m8
#cylinder: 0.280 0.102 0.000 0.280 0.102 0.002 0.004 m20
#cylinder: 0.342 0.121 0.000 0.342 0.121 0.002 0.003 m2
#cylinder: 0.609 0.203 0.000 0.609 0.203 0.002 0.004 m3
#cylinder: 0.057 0.173 0.000 0.057 0.173 0.002 0.008 m15
#cylinder: 1.079 0.205 0.000 1.079 0.205 0.002 0.009 m2
#cylinder: 0.410 0.151 0.000 0.410 0.151 0.002 0.004 m12
#cylinder: 0.212 0.202 0.000 0.212 0.202 0.002 0.004 m12
#cylinder: 0.603 0.145 0.000 0.603 0.145 0.002 0.005 m16
#cylinder: 0.364 0.179 0.000 0.364 0.179 0.002 0.005 m2
#cylinder: 0.479 0.212 0.000 0.479 0.212 0.002 0.003 m18
#cylinder: 1.078 0.214 0.000 1.078 0.214 0.002 0.007 m15
#cylinder: 0.448 0.208 0.000 0.448 0.208 0.002 0.009 m8
#cylinder: 0.627 0.170 0.000 0.627 0.170 0.002 0.009 m19
#cylinder: 0.114 0.195 0.000 0.114 0.195 0.002 0.004 m9
#cylinder: 0.106 0.154 0.000 0.106 0.154 0.002 0.009 m16
#cylinder: 0.256 0.112 0.000 0.256 0.112 0.002 0.009 m9
#cylinder: 0.549 0.106 0.000 0.549 0.106 0.002 0.004 m6
#cylinder: 0.868 0.196 0.000 0.868 0.196 0.002 0.008 m1
#cylinder: 0.698 0.157 0.000 0.698 0.157 0.002 0.002 m3
#cylinder: 0.699 0.171 0.000 0.699 0.171 0.002 0.010 m10
#cylinder: 0.642 0.159 0.000 0.642 0.159 0.002 0.005 m8
#cylinder: 0.791 0.171 0.000 0.791 0.171 0.002 0.010 m3
#cylinder: 0.648 0.120 0.000 0.648 0.120 0.002 0.009 m12
#cylinder: 0.608 0.178 0.000 0.608 0.178 0.002 0.004 m18
#cylinder: 0.149 0.154 0.000 0.149 0.154 0.002 0.005 m12
#cylinder: 0.495 0.209 0.000 0.495 0.209 0.002 0.010 m16
#cylinder: 0.646 0.205 0.000 0.646 0.205 0.002 0.004 m16
#cylinder: 0.420 0.151 0.000 0.420 0.151 0.002 0.007 m12
#cylinder: 1.013 0.154 0.000 1.013 0.154 0.002 0.007 m14
#cylinder: 0.506 0.194 0.000 0.506 0.194 0.002 0.003 m8
#cylinder: 0.365 0.168 0.000 0.365 0.168 0.002 0.009 m15
#cylinder: 0.382 0.193 0.000 0.382 0.193 0.002 0.006 m5
#cylinder: 0.074 0.128 0.000 0.074 0.128 0.002 0.004 m10
#cylinder: 0.095 0.168 0.000 0.095 0.168 0.002 0.009 m17
#cylinder: 0.002 0.150 0.000 0.002 0.150 0.002 0.006 m18
#cylinder: 1.008 0.104 0.000 1.008 0.104 0.002 0.005 m16
#cylinder: 0.631 0.102 0.000 0.631 0.102 0.002 0.010 m17
#cylinder: 0.073 0.118 0.000 0.073 0.118 0.002 0.008 m18
#cylinder: 0.135 0.122 0.000 0.135 0.122 0.002 0.003 m5
#cylinder: 0.345 0.101 0.000 0.345 0.101 0.002 0.007 m9
#cylinder: 0.780 0.167 0.000 0.780 0.167 0.002 0.004 m10
#cylinder: 0.075 0.120 0.000 0.075 0.120 0.002 0.009 m15
#cylinder: 0.556 0.204 0.000 0.556 0.204 0.002 0.005 m3
#cylinder: 0.943 0.146 0.000 0.943 0.146 0.002 0.007 m10
#cylinder: 0.946 0.173 0.000 0.946 0.173 0.002 0.010 m2
#cylinder: 0.175 0.185 0.000 0.175 0.185 0.002 0.008 m11
#cylinder: 0.230 0.182 0.000 0.230 0.182 0.002 0.003 m10
#cylinder: 0.992 0.144 0.000 0.992 0.144 0.002 0.004 m3
#cylinder: 0.409 0.141 0.000 0.409 0.141 0.002 0.008 m4
#cylinder: 0.092 0.212 0.000 0.092 0.212 0.002 0.003 m11
#cylinder: 0.508 0.182 0.000 0.508 0.182 0.002 0.009 m19
#cylinder: 0.919 0.112 0.000 0.919 0.112 0.002 0.004 m10
#cylinder: 0.255 0.157 0.000 0.255 0.157 0.002 0.007 m10
#cylinder: 0.432 0.144 0.000 0.432 0.144 0.002 0.003 m1
#cylinder: 0.470 0.158 0.000 0.470 0.158 0.002 0.005 m9
#cylinder: 1.055 0.194 0.000 1.055 0.194 0.002 0.002 m19
#cylinder: 0.704 0.199 0.000 0.704 0.199 0.002 0.005 m16
#cylinder: 0.754 0.161 0.000 0.754 0.161 0.002 0.007 m12
#cylinder: 1.021 0.219 0.000 1.021 0.219 0.002 0.009 m3
#cylinder: 0.522 0.171 0.000 0.522 0.171 0.002 0.006 m19
#cylinder: 0.021 0.140 0.000 0.021 0.140 0.002 0.006 m9
#cylinder: 0.787 0.188 0.000 0.787 0.188 0.002 0.003 m19
#cylinder: 0.099 0.220 0.000 0.099 0.220 0.002 0.010 m15
#cylinder: 1.083 0.138 0.000 1.083 0.138 0.002 0.009 m17
#cylinder: 0.823 0.177 0.000 0.823 0.177 0.002 0.002 m11
#cylinder: 0.680 0.193 0.000 0.680 0.193 0.002 0.004 m4
#cylinder: 0.048 0.164 0.000 0.048 0.164 0.002 0.003 m1
#cylinder: 0.076 0.176 0.000 0.076 0.176 0.002 0.009 m7
#cylinder: 0.922 0.151 0.000 0.922 0.151 0.002 0.008 m13
#cylinder: 0.505 0.127 0.000 0.505 0.127 0.002 0.006 m17
#cylinder: 0.373 0.176 0.000 0.373 0.176 0.002 0.003 m11
#cylinder: 0.643 0.203 0.000 0.643 0.203 0.002 0.010 m2
#cylinder: 0.322 0.187 0.000 0.322 0.187 0.002 0.009 m12
#cylinder: 0.594 0.156 0.000 0.594 0.156 0.002 0.010 m16
#cylinder: 0.303 0.126 0.000 0.303 0.126 0.002 0.009 m17
#cylinder: 0.711 0.125 0.000 0.711 0.125 0.002 0.009 m15
#cylinder: 0.898 0.107 0.000 0.898 0.107 0.002 0.005 m20
#cylinder: 0.057 0.178 0.000 0.057 0.178 0.002 0.010 m10
#cylinder: 0.703 0.163 0.000 0.703 0.163 0.002 0.004 m8
#cylinder: 0.464 0.190 0.000 0.464 0.190 0.002 0.004 m9
#cylinder: 0.116 0.109 0.000 0.116 0.109 0.002 0.004 m16
#cylinder: 0.092 0.137 0.000 0.092 0.137 0.002 0.004 m6
#cylinder: 0.087 0.178 0.000 0.087 0.178 0.002 0.006 m18
#cylinder: 0.124 0.220 0.000 0.124 0.220 0.002 0.006 m16
#cylinder: 0.086 0.213 0.000 0.086 0.213 0.002 0.004 m20
#cylinder: 0.291 0.178 0.000 0.291 0.178 0.002 0.004 m20
#cylinder: 0.330 0.196 0.000 0.330 0.196 0.002 0.005 m2
#cylinder: 0.003 0.169 0.000 0.003 0.169 0.002 0.003 m2
#cylinder: 1.099 0.187 0.000 1.099 0.187 0.002 0.005 m11
#cylinder: 0.258 0.118 0.000 0.258 0.118 0.002 0.006 m6
