testingplz 
#domain: 1.200 0.300 0.002 
#dx_dy_dz: 0.002 0.002 0.002 
#time_window: 5.000000e-09 

#excitation_file: mala_source_modified.txt 
#hertzian_dipole: z 0.080 0.250 0 mala_source 
#rx: 0.120 0.250 0.000 
#src_steps: 0.002 0.000 0.000 
#rx_steps: 0.002 0.000 0.000 

#material: 5.000 0.220 1.000 0.000 concrete
#material: 1.000 0.000 1.000 0.000 air
#material: 80.000 0.500 1.000 0.000 water

#material: 1.000 0.000 1.000 0.000 m1
#material: 2.000 0.000 1.000 0.000 m2
#material: 3.000 0.000 1.000 0.000 m3
#material: 4.000 0.000 1.000 0.000 m4
#material: 5.000 0.000 1.000 0.000 m5
#material: 6.000 0.000 1.000 0.000 m6
#material: 7.000 0.000 1.000 0.000 m7
#material: 8.000 0.000 1.000 0.000 m8
#material: 9.000 0.000 1.000 0.000 m9
#material: 10.000 0.000 1.000 0.000 m10
#material: 11.000 0.000 1.000 0.000 m11
#material: 12.000 0.000 1.000 0.000 m12
#material: 13.000 0.000 1.000 0.000 m13
#material: 14.000 0.000 1.000 0.000 m14
#material: 15.000 0.000 1.000 0.000 m15
#material: 16.000 0.000 1.000 0.000 m16
#material: 17.000 0.000 1.000 0.000 m17
#material: 18.000 0.000 1.000 0.000 m18
#material: 19.000 0.000 1.000 0.000 m19
#material: 20.000 0.000 1.000 0.000 m20

#box: 0.000 0.000 0.000 1.200 0.250 0.002 concrete

#cylinder: 0.885 0.200 0.000 0.885 0.200 0.002 0.005 m2
#cylinder: 0.439 0.173 0.000 0.439 0.173 0.002 0.004 m13
#cylinder: 0.853 0.129 0.000 0.853 0.129 0.002 0.005 m20
#cylinder: 0.295 0.114 0.000 0.295 0.114 0.002 0.007 m18
#cylinder: 0.297 0.205 0.000 0.297 0.205 0.002 0.007 m7
#cylinder: 0.458 0.139 0.000 0.458 0.139 0.002 0.003 m16
#cylinder: 0.961 0.165 0.000 0.961 0.165 0.002 0.009 m16
#cylinder: 0.362 0.212 0.000 0.362 0.212 0.002 0.003 m15
#cylinder: 0.056 0.119 0.000 0.056 0.119 0.002 0.007 m5
#cylinder: 0.955 0.176 0.000 0.955 0.176 0.002 0.004 m16
#cylinder: 1.052 0.103 0.000 1.052 0.103 0.002 0.004 m13
#cylinder: 1.098 0.125 0.000 1.098 0.125 0.002 0.003 m8
#cylinder: 0.836 0.106 0.000 0.836 0.106 0.002 0.009 m5
#cylinder: 0.415 0.199 0.000 0.415 0.199 0.002 0.003 m7
#cylinder: 0.356 0.153 0.000 0.356 0.153 0.002 0.007 m3
#cylinder: 0.081 0.162 0.000 0.081 0.162 0.002 0.009 m8
#cylinder: 0.266 0.175 0.000 0.266 0.175 0.002 0.005 m19
#cylinder: 0.091 0.181 0.000 0.091 0.181 0.002 0.006 m7
#cylinder: 0.590 0.135 0.000 0.590 0.135 0.002 0.009 m7
#cylinder: 0.961 0.215 0.000 0.961 0.215 0.002 0.004 m9
#cylinder: 0.576 0.197 0.000 0.576 0.197 0.002 0.006 m2
#cylinder: 0.776 0.136 0.000 0.776 0.136 0.002 0.006 m11
#cylinder: 0.896 0.170 0.000 0.896 0.170 0.002 0.004 m8
#cylinder: 0.334 0.144 0.000 0.334 0.144 0.002 0.004 m18
#cylinder: 0.456 0.117 0.000 0.456 0.117 0.002 0.004 m2
#cylinder: 0.995 0.218 0.000 0.995 0.218 0.002 0.006 m16
#cylinder: 0.840 0.127 0.000 0.840 0.127 0.002 0.009 m3
#cylinder: 0.448 0.161 0.000 0.448 0.161 0.002 0.005 m2
#cylinder: 0.833 0.156 0.000 0.833 0.156 0.002 0.004 m12
#cylinder: 0.673 0.209 0.000 0.673 0.209 0.002 0.009 m2
#cylinder: 0.089 0.115 0.000 0.089 0.115 0.002 0.006 m16
#cylinder: 1.033 0.133 0.000 1.033 0.133 0.002 0.006 m15
#cylinder: 1.009 0.211 0.000 1.009 0.211 0.002 0.004 m3
#cylinder: 1.098 0.182 0.000 1.098 0.182 0.002 0.009 m5
#cylinder: 0.916 0.107 0.000 0.916 0.107 0.002 0.008 m3
#cylinder: 0.098 0.189 0.000 0.098 0.189 0.002 0.010 m15
#cylinder: 0.087 0.166 0.000 0.087 0.166 0.002 0.008 m11
#cylinder: 0.405 0.215 0.000 0.405 0.215 0.002 0.006 m7
#cylinder: 0.673 0.185 0.000 0.673 0.185 0.002 0.004 m18
#cylinder: 0.988 0.149 0.000 0.988 0.149 0.002 0.010 m17
#cylinder: 0.631 0.132 0.000 0.631 0.132 0.002 0.002 m15
#cylinder: 0.609 0.142 0.000 0.609 0.142 0.002 0.009 m6
#cylinder: 0.872 0.160 0.000 0.872 0.160 0.002 0.005 m6
#cylinder: 0.339 0.112 0.000 0.339 0.112 0.002 0.006 m12
#cylinder: 0.960 0.165 0.000 0.960 0.165 0.002 0.006 m8
#cylinder: 0.275 0.151 0.000 0.275 0.151 0.002 0.009 m4
#cylinder: 0.123 0.122 0.000 0.123 0.122 0.002 0.005 m15
#cylinder: 1.019 0.181 0.000 1.019 0.181 0.002 0.009 m6
#cylinder: 0.737 0.143 0.000 0.737 0.143 0.002 0.006 m15
#cylinder: 0.172 0.220 0.000 0.172 0.220 0.002 0.009 m1
#cylinder: 0.692 0.117 0.000 0.692 0.117 0.002 0.009 m7
#cylinder: 0.541 0.139 0.000 0.541 0.139 0.002 0.009 m12
#cylinder: 0.443 0.127 0.000 0.443 0.127 0.002 0.009 m8
#cylinder: 0.443 0.111 0.000 0.443 0.111 0.002 0.006 m16
#cylinder: 0.446 0.163 0.000 0.446 0.163 0.002 0.004 m4
#cylinder: 0.203 0.123 0.000 0.203 0.123 0.002 0.005 m16
#cylinder: 0.782 0.180 0.000 0.782 0.180 0.002 0.009 m9
#cylinder: 0.657 0.191 0.000 0.657 0.191 0.002 0.003 m18
#cylinder: 0.609 0.182 0.000 0.609 0.182 0.002 0.007 m1
#cylinder: 0.207 0.145 0.000 0.207 0.145 0.002 0.004 m17
#cylinder: 0.889 0.183 0.000 0.889 0.183 0.002 0.006 m1
#cylinder: 0.089 0.219 0.000 0.089 0.219 0.002 0.005 m1
#cylinder: 0.779 0.101 0.000 0.779 0.101 0.002 0.004 m6
#cylinder: 0.200 0.101 0.000 0.200 0.101 0.002 0.004 m2
#cylinder: 0.594 0.119 0.000 0.594 0.119 0.002 0.002 m1
#cylinder: 0.726 0.148 0.000 0.726 0.148 0.002 0.005 m3
#cylinder: 0.507 0.209 0.000 0.507 0.209 0.002 0.004 m13
#cylinder: 0.610 0.199 0.000 0.610 0.199 0.002 0.002 m1
#cylinder: 0.147 0.181 0.000 0.147 0.181 0.002 0.004 m4
#cylinder: 0.573 0.205 0.000 0.573 0.205 0.002 0.004 m17
#cylinder: 1.030 0.166 0.000 1.030 0.166 0.002 0.004 m18
#cylinder: 0.706 0.154 0.000 0.706 0.154 0.002 0.003 m11
#cylinder: 0.870 0.163 0.000 0.870 0.163 0.002 0.005 m19
#cylinder: 0.173 0.126 0.000 0.173 0.126 0.002 0.005 m9
#cylinder: 0.791 0.149 0.000 0.791 0.149 0.002 0.004 m5
#cylinder: 0.429 0.112 0.000 0.429 0.112 0.002 0.010 m15
#cylinder: 0.982 0.189 0.000 0.982 0.189 0.002 0.008 m4
#cylinder: 0.690 0.206 0.000 0.690 0.206 0.002 0.007 m6
#cylinder: 0.236 0.139 0.000 0.236 0.139 0.002 0.002 m2
#cylinder: 0.354 0.179 0.000 0.354 0.179 0.002 0.004 m18
#cylinder: 0.742 0.142 0.000 0.742 0.142 0.002 0.008 m12
#cylinder: 0.783 0.126 0.000 0.783 0.126 0.002 0.009 m20
#cylinder: 0.310 0.144 0.000 0.310 0.144 0.002 0.009 m4
#cylinder: 0.035 0.120 0.000 0.035 0.120 0.002 0.003 m5
#cylinder: 0.149 0.142 0.000 0.149 0.142 0.002 0.008 m10
#cylinder: 0.509 0.204 0.000 0.509 0.204 0.002 0.006 m12
#cylinder: 0.033 0.202 0.000 0.033 0.202 0.002 0.004 m3
#cylinder: 1.042 0.128 0.000 1.042 0.128 0.002 0.007 m14
#cylinder: 0.743 0.207 0.000 0.743 0.207 0.002 0.002 m10
#cylinder: 0.078 0.206 0.000 0.078 0.206 0.002 0.006 m4
#cylinder: 0.377 0.207 0.000 0.377 0.207 0.002 0.009 m1
#cylinder: 0.882 0.186 0.000 0.882 0.186 0.002 0.003 m5
#cylinder: 0.587 0.165 0.000 0.587 0.165 0.002 0.009 m2
#cylinder: 0.454 0.136 0.000 0.454 0.136 0.002 0.003 m16
#cylinder: 0.278 0.168 0.000 0.278 0.168 0.002 0.006 m10
#cylinder: 0.273 0.114 0.000 0.273 0.114 0.002 0.009 m11
#cylinder: 0.219 0.113 0.000 0.219 0.113 0.002 0.008 m9
#cylinder: 0.854 0.150 0.000 0.854 0.150 0.002 0.008 m12
#cylinder: 0.504 0.178 0.000 0.504 0.178 0.002 0.007 m15
#cylinder: 0.034 0.132 0.000 0.034 0.132 0.002 0.003 m5
#cylinder: 0.126 0.168 0.000 0.126 0.168 0.002 0.004 m7
#cylinder: 0.941 0.203 0.000 0.941 0.203 0.002 0.005 m12
#cylinder: 0.639 0.150 0.000 0.639 0.150 0.002 0.008 m17
#cylinder: 0.835 0.218 0.000 0.835 0.218 0.002 0.004 m1
#cylinder: 0.974 0.186 0.000 0.974 0.186 0.002 0.008 m1
#cylinder: 0.830 0.168 0.000 0.830 0.168 0.002 0.010 m8
#cylinder: 0.615 0.111 0.000 0.615 0.111 0.002 0.007 m7
#cylinder: 0.054 0.104 0.000 0.054 0.104 0.002 0.009 m1
#cylinder: 1.075 0.139 0.000 1.075 0.139 0.002 0.009 m13
#cylinder: 0.059 0.212 0.000 0.059 0.212 0.002 0.004 m8
#cylinder: 0.888 0.180 0.000 0.888 0.180 0.002 0.006 m9
#cylinder: 0.222 0.216 0.000 0.222 0.216 0.002 0.003 m9
#cylinder: 0.383 0.153 0.000 0.383 0.153 0.002 0.002 m15
#cylinder: 1.017 0.154 0.000 1.017 0.154 0.002 0.004 m15
#cylinder: 0.131 0.111 0.000 0.131 0.111 0.002 0.004 m2
#cylinder: 0.972 0.188 0.000 0.972 0.188 0.002 0.006 m9
#cylinder: 0.874 0.208 0.000 0.874 0.208 0.002 0.008 m20
#cylinder: 0.348 0.154 0.000 0.348 0.154 0.002 0.010 m9
#cylinder: 0.304 0.142 0.000 0.304 0.142 0.002 0.003 m16
#cylinder: 0.564 0.107 0.000 0.564 0.107 0.002 0.009 m17
#cylinder: 0.673 0.215 0.000 0.673 0.215 0.002 0.004 m11
#cylinder: 0.864 0.123 0.000 0.864 0.123 0.002 0.004 m8
#cylinder: 0.771 0.191 0.000 0.771 0.191 0.002 0.009 m3
#cylinder: 0.591 0.147 0.000 0.591 0.147 0.002 0.007 m12
#cylinder: 0.672 0.213 0.000 0.672 0.213 0.002 0.005 m9
#cylinder: 0.229 0.100 0.000 0.229 0.100 0.002 0.005 m10
#cylinder: 0.632 0.148 0.000 0.632 0.148 0.002 0.007 m7
#cylinder: 0.353 0.148 0.000 0.353 0.148 0.002 0.002 m5
#cylinder: 0.416 0.160 0.000 0.416 0.160 0.002 0.005 m13
#cylinder: 1.045 0.202 0.000 1.045 0.202 0.002 0.007 m9
#cylinder: 0.823 0.138 0.000 0.823 0.138 0.002 0.008 m19
#cylinder: 1.077 0.164 0.000 1.077 0.164 0.002 0.008 m16
#cylinder: 1.036 0.140 0.000 1.036 0.140 0.002 0.009 m6
#cylinder: 0.180 0.205 0.000 0.180 0.205 0.002 0.005 m4
#cylinder: 1.013 0.140 0.000 1.013 0.140 0.002 0.010 m3
#cylinder: 0.855 0.124 0.000 0.855 0.124 0.002 0.006 m3
#cylinder: 0.977 0.101 0.000 0.977 0.101 0.002 0.004 m5
#cylinder: 1.010 0.136 0.000 1.010 0.136 0.002 0.003 m13
#cylinder: 0.583 0.139 0.000 0.583 0.139 0.002 0.005 m16
#cylinder: 0.689 0.145 0.000 0.689 0.145 0.002 0.004 m9
#cylinder: 0.448 0.144 0.000 0.448 0.144 0.002 0.004 m3
#cylinder: 0.754 0.120 0.000 0.754 0.120 0.002 0.005 m12
#cylinder: 0.799 0.183 0.000 0.799 0.183 0.002 0.007 m14
#cylinder: 0.259 0.185 0.000 0.259 0.185 0.002 0.002 m6
#cylinder: 0.727 0.182 0.000 0.727 0.182 0.002 0.004 m8
#cylinder: 0.906 0.107 0.000 0.906 0.107 0.002 0.007 m13
#cylinder: 0.059 0.210 0.000 0.059 0.210 0.002 0.008 m9
#cylinder: 0.210 0.180 0.000 0.210 0.180 0.002 0.003 m1
#cylinder: 0.834 0.128 0.000 0.834 0.128 0.002 0.004 m16
#cylinder: 1.075 0.195 0.000 1.075 0.195 0.002 0.009 m13
#cylinder: 0.140 0.159 0.000 0.140 0.159 0.002 0.003 m11
#cylinder: 0.506 0.198 0.000 0.506 0.198 0.002 0.007 m18
#cylinder: 0.191 0.179 0.000 0.191 0.179 0.002 0.007 m6
#cylinder: 0.557 0.190 0.000 0.557 0.190 0.002 0.009 m20
#cylinder: 0.931 0.175 0.000 0.931 0.175 0.002 0.006 m1
#cylinder: 0.508 0.125 0.000 0.508 0.125 0.002 0.009 m17
#cylinder: 0.336 0.217 0.000 0.336 0.217 0.002 0.007 m9
#cylinder: 0.054 0.174 0.000 0.054 0.174 0.002 0.004 m4
#cylinder: 0.558 0.170 0.000 0.558 0.170 0.002 0.003 m7
#cylinder: 0.278 0.106 0.000 0.278 0.106 0.002 0.004 m1
#cylinder: 0.919 0.207 0.000 0.919 0.207 0.002 0.005 m11
#cylinder: 1.048 0.124 0.000 1.048 0.124 0.002 0.008 m2
#cylinder: 0.640 0.140 0.000 0.640 0.140 0.002 0.005 m17
#cylinder: 0.186 0.106 0.000 0.186 0.106 0.002 0.006 m7
#cylinder: 0.971 0.157 0.000 0.971 0.157 0.002 0.010 m11
#cylinder: 0.704 0.150 0.000 0.704 0.150 0.002 0.009 m1
#cylinder: 0.191 0.216 0.000 0.191 0.216 0.002 0.003 m13
#cylinder: 0.438 0.102 0.000 0.438 0.102 0.002 0.004 m12
#cylinder: 0.048 0.191 0.000 0.048 0.191 0.002 0.004 m8
#cylinder: 0.423 0.207 0.000 0.423 0.207 0.002 0.004 m18
#cylinder: 0.005 0.111 0.000 0.005 0.111 0.002 0.006 m11
#cylinder: 0.352 0.131 0.000 0.352 0.131 0.002 0.006 m15
#cylinder: 0.826 0.198 0.000 0.826 0.198 0.002 0.002 m15
#cylinder: 0.319 0.218 0.000 0.319 0.218 0.002 0.010 m3
#cylinder: 0.218 0.150 0.000 0.218 0.150 0.002 0.005 m17
#cylinder: 0.784 0.102 0.000 0.784 0.102 0.002 0.002 m3
#cylinder: 0.752 0.162 0.000 0.752 0.162 0.002 0.009 m4
#cylinder: 0.646 0.206 0.000 0.646 0.206 0.002 0.004 m2
#cylinder: 0.488 0.121 0.000 0.488 0.121 0.002 0.002 m18
#cylinder: 0.082 0.102 0.000 0.082 0.102 0.002 0.006 m16
#cylinder: 0.961 0.211 0.000 0.961 0.211 0.002 0.004 m8
#cylinder: 0.736 0.107 0.000 0.736 0.107 0.002 0.004 m7
#cylinder: 0.240 0.201 0.000 0.240 0.201 0.002 0.006 m8
#cylinder: 1.010 0.188 0.000 1.010 0.188 0.002 0.008 m10
#cylinder: 0.291 0.132 0.000 0.291 0.132 0.002 0.002 m14
#cylinder: 0.204 0.141 0.000 0.204 0.141 0.002 0.007 m10
#cylinder: 0.540 0.211 0.000 0.540 0.211 0.002 0.003 m3
#cylinder: 1.075 0.171 0.000 1.075 0.171 0.002 0.003 m2
#cylinder: 0.496 0.195 0.000 0.496 0.195 0.002 0.009 m4
#cylinder: 0.119 0.126 0.000 0.119 0.126 0.002 0.007 m5
#cylinder: 1.056 0.179 0.000 1.056 0.179 0.002 0.007 m1
#cylinder: 0.434 0.135 0.000 0.434 0.135 0.002 0.004 m14
#cylinder: 0.339 0.214 0.000 0.339 0.214 0.002 0.002 m16
#cylinder: 0.529 0.105 0.000 0.529 0.105 0.002 0.010 m2
#cylinder: 1.093 0.201 0.000 1.093 0.201 0.002 0.005 m20
#cylinder: 0.140 0.201 0.000 0.140 0.201 0.002 0.004 m14
#cylinder: 0.320 0.173 0.000 0.320 0.173 0.002 0.009 m14
#cylinder: 0.516 0.134 0.000 0.516 0.134 0.002 0.005 m16
#cylinder: 0.036 0.141 0.000 0.036 0.141 0.002 0.005 m20
#cylinder: 1.013 0.219 0.000 1.013 0.219 0.002 0.007 m9
