testingplz 
#domain: 1.200 0.300 0.002 
#dx_dy_dz: 0.002 0.002 0.002 
#time_window: 5.000000e-09 

#excitation_file: mala_source_modified.txt 
#hertzian_dipole: z 0.080 0.250 0 mala_source 
#rx: 0.120 0.250 0.000 
#src_steps: 0.002 0.000 0.000 
#rx_steps: 0.002 0.000 0.000 

#material: 5.000 0.220 1.000 0.000 concrete
#material: 1.000 0.000 1.000 0.000 air
#material: 80.000 0.500 1.000 0.000 water

#material: 1.000 0.000 1.000 0.000 m1
#material: 2.000 0.000 1.000 0.000 m2
#material: 3.000 0.000 1.000 0.000 m3
#material: 4.000 0.000 1.000 0.000 m4
#material: 5.000 0.000 1.000 0.000 m5
#material: 6.000 0.000 1.000 0.000 m6
#material: 7.000 0.000 1.000 0.000 m7
#material: 8.000 0.000 1.000 0.000 m8
#material: 9.000 0.000 1.000 0.000 m9
#material: 10.000 0.000 1.000 0.000 m10
#material: 11.000 0.000 1.000 0.000 m11
#material: 12.000 0.000 1.000 0.000 m12
#material: 13.000 0.000 1.000 0.000 m13
#material: 14.000 0.000 1.000 0.000 m14
#material: 15.000 0.000 1.000 0.000 m15
#material: 16.000 0.000 1.000 0.000 m16
#material: 17.000 0.000 1.000 0.000 m17
#material: 18.000 0.000 1.000 0.000 m18
#material: 19.000 0.000 1.000 0.000 m19
#material: 20.000 0.000 1.000 0.000 m20

#box: 0.000 0.000 0.000 1.200 0.250 0.002 concrete

#cylinder: 0.741 0.139 0.000 0.741 0.139 0.002 0.004 m1
#cylinder: 0.027 0.118 0.000 0.027 0.118 0.002 0.008 m2
#cylinder: 0.984 0.175 0.000 0.984 0.175 0.002 0.002 m2
#cylinder: 0.238 0.107 0.000 0.238 0.107 0.002 0.003 m6
#cylinder: 0.381 0.120 0.000 0.381 0.120 0.002 0.007 m4
#cylinder: 0.529 0.152 0.000 0.529 0.152 0.002 0.006 m6
#cylinder: 0.044 0.207 0.000 0.044 0.207 0.002 0.004 m12
#cylinder: 0.585 0.129 0.000 0.585 0.129 0.002 0.002 m13
#cylinder: 0.914 0.163 0.000 0.914 0.163 0.002 0.004 m2
#cylinder: 0.058 0.189 0.000 0.058 0.189 0.002 0.003 m18
#cylinder: 0.256 0.201 0.000 0.256 0.201 0.002 0.004 m7
#cylinder: 0.047 0.191 0.000 0.047 0.191 0.002 0.009 m13
#cylinder: 0.119 0.154 0.000 0.119 0.154 0.002 0.003 m8
#cylinder: 0.016 0.198 0.000 0.016 0.198 0.002 0.007 m19
#cylinder: 1.070 0.207 0.000 1.070 0.207 0.002 0.004 m15
#cylinder: 0.572 0.184 0.000 0.572 0.184 0.002 0.006 m17
#cylinder: 1.067 0.178 0.000 1.067 0.178 0.002 0.003 m12
#cylinder: 0.511 0.153 0.000 0.511 0.153 0.002 0.007 m17
#cylinder: 1.006 0.122 0.000 1.006 0.122 0.002 0.003 m8
#cylinder: 0.320 0.188 0.000 0.320 0.188 0.002 0.010 m14
#cylinder: 0.833 0.127 0.000 0.833 0.127 0.002 0.006 m18
#cylinder: 0.010 0.129 0.000 0.010 0.129 0.002 0.003 m5
#cylinder: 0.331 0.172 0.000 0.331 0.172 0.002 0.007 m20
#cylinder: 0.713 0.202 0.000 0.713 0.202 0.002 0.003 m13
#cylinder: 0.461 0.200 0.000 0.461 0.200 0.002 0.007 m17
#cylinder: 0.276 0.153 0.000 0.276 0.153 0.002 0.003 m4
#cylinder: 0.039 0.203 0.000 0.039 0.203 0.002 0.002 m5
#cylinder: 0.901 0.175 0.000 0.901 0.175 0.002 0.005 m13
#cylinder: 0.521 0.117 0.000 0.521 0.117 0.002 0.004 m18
#cylinder: 0.320 0.179 0.000 0.320 0.179 0.002 0.004 m8
#cylinder: 0.020 0.210 0.000 0.020 0.210 0.002 0.009 m5
#cylinder: 0.429 0.137 0.000 0.429 0.137 0.002 0.009 m6
#cylinder: 0.975 0.175 0.000 0.975 0.175 0.002 0.005 m8
#cylinder: 0.145 0.159 0.000 0.145 0.159 0.002 0.003 m9
#cylinder: 0.228 0.192 0.000 0.228 0.192 0.002 0.007 m13
#cylinder: 0.906 0.118 0.000 0.906 0.118 0.002 0.009 m14
#cylinder: 0.619 0.147 0.000 0.619 0.147 0.002 0.009 m18
#cylinder: 0.584 0.167 0.000 0.584 0.167 0.002 0.002 m6
#cylinder: 1.090 0.160 0.000 1.090 0.160 0.002 0.007 m2
#cylinder: 0.609 0.220 0.000 0.609 0.220 0.002 0.005 m18
#cylinder: 0.421 0.138 0.000 0.421 0.138 0.002 0.010 m2
#cylinder: 0.427 0.159 0.000 0.427 0.159 0.002 0.003 m20
#cylinder: 0.329 0.116 0.000 0.329 0.116 0.002 0.003 m20
#cylinder: 1.069 0.189 0.000 1.069 0.189 0.002 0.010 m5
#cylinder: 0.851 0.194 0.000 0.851 0.194 0.002 0.008 m9
#cylinder: 0.606 0.101 0.000 0.606 0.101 0.002 0.007 m7
#cylinder: 0.098 0.125 0.000 0.098 0.125 0.002 0.008 m11
#cylinder: 0.019 0.115 0.000 0.019 0.115 0.002 0.005 m20
#cylinder: 0.325 0.157 0.000 0.325 0.157 0.002 0.004 m15
#cylinder: 0.972 0.116 0.000 0.972 0.116 0.002 0.006 m12
#cylinder: 0.280 0.198 0.000 0.280 0.198 0.002 0.008 m5
#cylinder: 0.584 0.123 0.000 0.584 0.123 0.002 0.003 m9
#cylinder: 0.192 0.189 0.000 0.192 0.189 0.002 0.006 m20
#cylinder: 0.808 0.122 0.000 0.808 0.122 0.002 0.006 m14
#cylinder: 0.935 0.213 0.000 0.935 0.213 0.002 0.003 m5
#cylinder: 0.727 0.121 0.000 0.727 0.121 0.002 0.009 m19
#cylinder: 0.784 0.192 0.000 0.784 0.192 0.002 0.009 m3
#cylinder: 0.832 0.103 0.000 0.832 0.103 0.002 0.004 m16
#cylinder: 0.730 0.212 0.000 0.730 0.212 0.002 0.004 m19
#cylinder: 0.711 0.181 0.000 0.711 0.181 0.002 0.004 m10
#cylinder: 0.800 0.191 0.000 0.800 0.191 0.002 0.004 m15
#cylinder: 0.078 0.172 0.000 0.078 0.172 0.002 0.010 m5
#cylinder: 0.370 0.220 0.000 0.370 0.220 0.002 0.009 m2
#cylinder: 0.265 0.112 0.000 0.265 0.112 0.002 0.009 m7
#cylinder: 0.211 0.124 0.000 0.211 0.124 0.002 0.008 m4
#cylinder: 0.524 0.206 0.000 0.524 0.206 0.002 0.006 m20
#cylinder: 0.108 0.156 0.000 0.108 0.156 0.002 0.009 m6
#cylinder: 0.970 0.173 0.000 0.970 0.173 0.002 0.010 m17
#cylinder: 1.070 0.175 0.000 1.070 0.175 0.002 0.006 m14
#cylinder: 0.454 0.142 0.000 0.454 0.142 0.002 0.010 m1
#cylinder: 0.573 0.113 0.000 0.573 0.113 0.002 0.005 m8
#cylinder: 0.785 0.111 0.000 0.785 0.111 0.002 0.004 m6
#cylinder: 0.420 0.131 0.000 0.420 0.131 0.002 0.004 m13
#cylinder: 0.065 0.182 0.000 0.065 0.182 0.002 0.003 m20
#cylinder: 0.462 0.146 0.000 0.462 0.146 0.002 0.003 m4
#cylinder: 0.584 0.136 0.000 0.584 0.136 0.002 0.010 m10
#cylinder: 0.205 0.119 0.000 0.205 0.119 0.002 0.005 m7
#cylinder: 0.871 0.116 0.000 0.871 0.116 0.002 0.004 m1
#cylinder: 0.485 0.205 0.000 0.485 0.205 0.002 0.005 m5
#cylinder: 1.037 0.139 0.000 1.037 0.139 0.002 0.007 m10
#cylinder: 0.124 0.140 0.000 0.124 0.140 0.002 0.008 m1
#cylinder: 0.034 0.212 0.000 0.034 0.212 0.002 0.008 m19
#cylinder: 0.391 0.142 0.000 0.391 0.142 0.002 0.005 m10
#cylinder: 0.806 0.196 0.000 0.806 0.196 0.002 0.005 m5
#cylinder: 1.004 0.180 0.000 1.004 0.180 0.002 0.006 m19
#cylinder: 0.467 0.120 0.000 0.467 0.120 0.002 0.003 m3
#cylinder: 0.119 0.192 0.000 0.119 0.192 0.002 0.009 m18
#cylinder: 0.512 0.118 0.000 0.512 0.118 0.002 0.005 m4
#cylinder: 0.128 0.145 0.000 0.128 0.145 0.002 0.004 m20
#cylinder: 0.976 0.126 0.000 0.976 0.126 0.002 0.009 m1
#cylinder: 0.996 0.149 0.000 0.996 0.149 0.002 0.007 m3
#cylinder: 0.829 0.150 0.000 0.829 0.150 0.002 0.009 m5
#cylinder: 0.841 0.115 0.000 0.841 0.115 0.002 0.010 m20
#cylinder: 0.414 0.172 0.000 0.414 0.172 0.002 0.006 m6
#cylinder: 0.099 0.169 0.000 0.099 0.169 0.002 0.007 m8
#cylinder: 1.029 0.188 0.000 1.029 0.188 0.002 0.009 m2
#cylinder: 0.714 0.176 0.000 0.714 0.176 0.002 0.003 m3
#cylinder: 0.286 0.151 0.000 0.286 0.151 0.002 0.009 m9
#cylinder: 0.183 0.198 0.000 0.183 0.198 0.002 0.009 m14
#cylinder: 0.465 0.185 0.000 0.465 0.185 0.002 0.008 m14
#cylinder: 0.872 0.187 0.000 0.872 0.187 0.002 0.004 m3
#cylinder: 0.194 0.198 0.000 0.194 0.198 0.002 0.003 m13
#cylinder: 0.880 0.199 0.000 0.880 0.199 0.002 0.003 m2
#cylinder: 0.682 0.195 0.000 0.682 0.195 0.002 0.009 m3
#cylinder: 0.431 0.173 0.000 0.431 0.173 0.002 0.010 m16
#cylinder: 0.106 0.129 0.000 0.106 0.129 0.002 0.010 m12
#cylinder: 0.939 0.204 0.000 0.939 0.204 0.002 0.004 m2
#cylinder: 0.788 0.196 0.000 0.788 0.196 0.002 0.007 m1
#cylinder: 0.138 0.199 0.000 0.138 0.199 0.002 0.004 m11
#cylinder: 1.096 0.215 0.000 1.096 0.215 0.002 0.002 m1
#cylinder: 0.255 0.148 0.000 0.255 0.148 0.002 0.006 m9
#cylinder: 0.185 0.103 0.000 0.185 0.103 0.002 0.002 m6
#cylinder: 0.762 0.127 0.000 0.762 0.127 0.002 0.002 m18
#cylinder: 0.746 0.157 0.000 0.746 0.157 0.002 0.009 m18
#cylinder: 0.747 0.191 0.000 0.747 0.191 0.002 0.007 m10
#cylinder: 0.375 0.160 0.000 0.375 0.160 0.002 0.006 m10
#cylinder: 0.519 0.216 0.000 0.519 0.216 0.002 0.007 m18
#cylinder: 0.338 0.189 0.000 0.338 0.189 0.002 0.005 m20
#cylinder: 0.315 0.194 0.000 0.315 0.194 0.002 0.006 m15
#cylinder: 0.302 0.123 0.000 0.302 0.123 0.002 0.009 m18
#cylinder: 0.962 0.142 0.000 0.962 0.142 0.002 0.006 m15
#cylinder: 0.080 0.121 0.000 0.080 0.121 0.002 0.002 m9
#cylinder: 0.351 0.193 0.000 0.351 0.193 0.002 0.002 m7
#cylinder: 0.452 0.203 0.000 0.452 0.203 0.002 0.010 m14
#cylinder: 0.757 0.196 0.000 0.757 0.196 0.002 0.006 m20
#cylinder: 0.458 0.107 0.000 0.458 0.107 0.002 0.002 m17
#cylinder: 0.459 0.138 0.000 0.459 0.138 0.002 0.004 m18
#cylinder: 0.031 0.210 0.000 0.031 0.210 0.002 0.007 m9
#cylinder: 0.685 0.203 0.000 0.685 0.203 0.002 0.009 m19
#cylinder: 0.949 0.192 0.000 0.949 0.192 0.002 0.003 m14
#cylinder: 0.589 0.117 0.000 0.589 0.117 0.002 0.006 m12
#cylinder: 1.085 0.217 0.000 1.085 0.217 0.002 0.004 m11
#cylinder: 0.662 0.192 0.000 0.662 0.192 0.002 0.003 m15
#cylinder: 0.948 0.105 0.000 0.948 0.105 0.002 0.006 m7
#cylinder: 0.994 0.121 0.000 0.994 0.121 0.002 0.006 m10
#cylinder: 0.826 0.199 0.000 0.826 0.199 0.002 0.003 m4
#cylinder: 0.619 0.136 0.000 0.619 0.136 0.002 0.007 m18
#cylinder: 0.848 0.165 0.000 0.848 0.165 0.002 0.009 m4
#cylinder: 0.253 0.108 0.000 0.253 0.108 0.002 0.006 m12
#cylinder: 0.614 0.184 0.000 0.614 0.184 0.002 0.003 m6
#cylinder: 0.611 0.206 0.000 0.611 0.206 0.002 0.005 m19
#cylinder: 0.567 0.101 0.000 0.567 0.101 0.002 0.004 m20
#cylinder: 0.524 0.110 0.000 0.524 0.110 0.002 0.004 m6
#cylinder: 1.007 0.109 0.000 1.007 0.109 0.002 0.007 m15
#cylinder: 0.159 0.105 0.000 0.159 0.105 0.002 0.009 m9
#cylinder: 0.630 0.191 0.000 0.630 0.191 0.002 0.007 m19
#cylinder: 0.696 0.203 0.000 0.696 0.203 0.002 0.004 m13
#cylinder: 1.093 0.198 0.000 1.093 0.198 0.002 0.006 m16
#cylinder: 0.138 0.195 0.000 0.138 0.195 0.002 0.003 m10
#cylinder: 0.250 0.165 0.000 0.250 0.165 0.002 0.003 m17
#cylinder: 0.780 0.116 0.000 0.780 0.116 0.002 0.006 m18
#cylinder: 1.045 0.128 0.000 1.045 0.128 0.002 0.005 m20
#cylinder: 0.253 0.219 0.000 0.253 0.219 0.002 0.003 m3
#cylinder: 0.766 0.140 0.000 0.766 0.140 0.002 0.005 m7
#cylinder: 0.671 0.159 0.000 0.671 0.159 0.002 0.007 m16
#cylinder: 0.955 0.198 0.000 0.955 0.198 0.002 0.004 m15
#cylinder: 0.252 0.101 0.000 0.252 0.101 0.002 0.003 m7
#cylinder: 0.955 0.108 0.000 0.955 0.108 0.002 0.009 m15
#cylinder: 0.212 0.220 0.000 0.212 0.220 0.002 0.003 m8
#cylinder: 1.051 0.119 0.000 1.051 0.119 0.002 0.004 m18
#cylinder: 0.360 0.112 0.000 0.360 0.112 0.002 0.004 m19
#cylinder: 0.468 0.125 0.000 0.468 0.125 0.002 0.006 m12
#cylinder: 0.339 0.121 0.000 0.339 0.121 0.002 0.004 m4
#cylinder: 0.812 0.177 0.000 0.812 0.177 0.002 0.005 m4
#cylinder: 0.391 0.177 0.000 0.391 0.177 0.002 0.003 m13
#cylinder: 0.420 0.119 0.000 0.420 0.119 0.002 0.004 m8
#cylinder: 0.955 0.126 0.000 0.955 0.126 0.002 0.005 m12
#cylinder: 1.058 0.176 0.000 1.058 0.176 0.002 0.006 m5
#cylinder: 0.550 0.181 0.000 0.550 0.181 0.002 0.006 m16
#cylinder: 0.922 0.180 0.000 0.922 0.180 0.002 0.006 m3
#cylinder: 0.870 0.129 0.000 0.870 0.129 0.002 0.003 m1
#cylinder: 0.016 0.166 0.000 0.016 0.166 0.002 0.007 m3
#cylinder: 0.738 0.184 0.000 0.738 0.184 0.002 0.010 m10
#cylinder: 0.008 0.124 0.000 0.008 0.124 0.002 0.003 m2
#cylinder: 0.130 0.181 0.000 0.130 0.181 0.002 0.004 m13
#cylinder: 0.790 0.160 0.000 0.790 0.160 0.002 0.003 m1
#cylinder: 0.511 0.139 0.000 0.511 0.139 0.002 0.008 m11
#cylinder: 0.366 0.127 0.000 0.366 0.127 0.002 0.002 m12
#cylinder: 0.457 0.173 0.000 0.457 0.173 0.002 0.005 m14
#cylinder: 1.000 0.165 0.000 1.000 0.165 0.002 0.008 m15
#cylinder: 0.046 0.165 0.000 0.046 0.165 0.002 0.005 m13
#cylinder: 0.373 0.168 0.000 0.373 0.168 0.002 0.005 m4
#cylinder: 0.801 0.106 0.000 0.801 0.106 0.002 0.008 m19
#cylinder: 0.883 0.100 0.000 0.883 0.100 0.002 0.005 m5
#cylinder: 0.732 0.101 0.000 0.732 0.101 0.002 0.006 m13
#cylinder: 0.677 0.179 0.000 0.677 0.179 0.002 0.007 m1
#cylinder: 0.982 0.116 0.000 0.982 0.116 0.002 0.010 m12
#cylinder: 0.299 0.172 0.000 0.299 0.172 0.002 0.005 m20
#cylinder: 0.476 0.197 0.000 0.476 0.197 0.002 0.009 m8
#cylinder: 0.724 0.174 0.000 0.724 0.174 0.002 0.003 m5
#cylinder: 0.288 0.139 0.000 0.288 0.139 0.002 0.006 m9
#cylinder: 0.991 0.152 0.000 0.991 0.152 0.002 0.005 m4
#cylinder: 0.153 0.207 0.000 0.153 0.207 0.002 0.009 m12
#cylinder: 0.333 0.152 0.000 0.333 0.152 0.002 0.007 m13
#cylinder: 1.088 0.163 0.000 1.088 0.163 0.002 0.010 m2
#cylinder: 0.661 0.125 0.000 0.661 0.125 0.002 0.003 m2
#cylinder: 0.981 0.210 0.000 0.981 0.210 0.002 0.010 m16
#cylinder: 0.987 0.182 0.000 0.987 0.182 0.002 0.007 m19
#cylinder: 0.880 0.192 0.000 0.880 0.192 0.002 0.003 m10
#cylinder: 0.043 0.104 0.000 0.043 0.104 0.002 0.009 m5
