testingplz 
#domain: 1.200 0.300 0.002 
#dx_dy_dz: 0.002 0.002 0.002 
#time_window: 5.000000e-09 

#excitation_file: mala_source_modified.txt 
#hertzian_dipole: z 0.080 0.250 0 mala_source 
#rx: 0.120 0.250 0.000 
#src_steps: 0.002 0.000 0.000 
#rx_steps: 0.002 0.000 0.000 

#material: 5.000 0.220 1.000 0.000 concrete
#material: 1.000 0.000 1.000 0.000 air
#material: 80.000 0.500 1.000 0.000 water

#material: 1.000 0.000 1.000 0.000 m1
#material: 2.000 0.000 1.000 0.000 m2
#material: 3.000 0.000 1.000 0.000 m3
#material: 4.000 0.000 1.000 0.000 m4
#material: 5.000 0.000 1.000 0.000 m5
#material: 6.000 0.000 1.000 0.000 m6
#material: 7.000 0.000 1.000 0.000 m7
#material: 8.000 0.000 1.000 0.000 m8
#material: 9.000 0.000 1.000 0.000 m9
#material: 10.000 0.000 1.000 0.000 m10
#material: 11.000 0.000 1.000 0.000 m11
#material: 12.000 0.000 1.000 0.000 m12
#material: 13.000 0.000 1.000 0.000 m13
#material: 14.000 0.000 1.000 0.000 m14
#material: 15.000 0.000 1.000 0.000 m15
#material: 16.000 0.000 1.000 0.000 m16
#material: 17.000 0.000 1.000 0.000 m17
#material: 18.000 0.000 1.000 0.000 m18
#material: 19.000 0.000 1.000 0.000 m19
#material: 20.000 0.000 1.000 0.000 m20

#box: 0.000 0.000 0.000 1.200 0.250 0.002 concrete

#box: 0.104 0.116 0.000 0.129 0.157 0.002 m17
#box: 0.243 0.164 0.000 0.274 0.185 0.002 m15
#box: 0.710 0.158 0.000 0.715 0.180 0.002 m12
#box: 0.049 0.130 0.000 0.056 0.157 0.002 m6
#box: 0.883 0.175 0.000 0.906 0.219 0.002 m15
#box: 0.129 0.145 0.000 0.164 0.167 0.002 m4
#box: 0.336 0.123 0.000 0.340 0.153 0.002 m7
#box: 0.738 0.177 0.000 0.758 0.200 0.002 m12
#box: 0.524 0.208 0.000 0.552 0.240 0.002 m13
#box: 0.156 0.164 0.000 0.171 0.189 0.002 m2
#box: 0.946 0.171 0.000 0.963 0.202 0.002 m17
#box: 0.889 0.213 0.000 0.919 0.233 0.002 m7
#box: 0.482 0.161 0.000 0.510 0.182 0.002 m14
#box: 0.088 0.182 0.000 0.098 0.208 0.002 m7
#box: 0.435 0.177 0.000 0.459 0.205 0.002 m11
#box: 0.989 0.164 0.000 1.003 0.212 0.002 m1
#box: 0.257 0.105 0.000 0.282 0.152 0.002 m20
#box: 0.679 0.195 0.000 0.718 0.217 0.002 m1
#box: 0.118 0.146 0.000 0.157 0.166 0.002 m7
#box: 0.752 0.116 0.000 0.763 0.151 0.002 m8
#box: 0.801 0.174 0.000 0.828 0.207 0.002 m7
#box: 0.467 0.126 0.000 0.480 0.161 0.002 m3
#box: 0.535 0.182 0.000 0.554 0.203 0.002 m3
#box: 0.689 0.208 0.000 0.728 0.250 0.002 m14
#box: 0.823 0.148 0.000 0.836 0.184 0.002 m1
#box: 0.917 0.135 0.000 0.956 0.162 0.002 m2
#box: 0.339 0.206 0.000 0.374 0.240 0.002 m14
#box: 0.850 0.121 0.000 0.861 0.168 0.002 m12
#box: 0.475 0.154 0.000 0.507 0.203 0.002 m19
#box: 0.056 0.158 0.000 0.084 0.202 0.002 m5
#box: 0.693 0.201 0.000 0.703 0.237 0.002 m13
#box: 0.828 0.137 0.000 0.844 0.159 0.002 m10
#box: 0.046 0.169 0.000 0.068 0.209 0.002 m15
#box: 0.295 0.132 0.000 0.331 0.159 0.002 m15
#box: 0.112 0.177 0.000 0.134 0.216 0.002 m16
#box: 0.571 0.162 0.000 0.581 0.187 0.002 m18
#box: 0.410 0.228 0.000 0.448 0.249 0.002 m9
#box: 0.023 0.111 0.000 0.044 0.159 0.002 m13
#box: 0.026 0.168 0.000 0.045 0.212 0.002 m8
#box: 0.626 0.133 0.000 0.648 0.181 0.002 m17
#box: 0.114 0.147 0.000 0.126 0.178 0.002 m6
#box: 0.749 0.200 0.000 0.756 0.227 0.002 m9
#box: 0.880 0.128 0.000 0.897 0.173 0.002 m16
#box: 0.475 0.121 0.000 0.493 0.161 0.002 m8
#box: 0.148 0.174 0.000 0.152 0.197 0.002 m16
#box: 0.060 0.154 0.000 0.065 0.177 0.002 m9
#box: 0.406 0.129 0.000 0.430 0.159 0.002 m15
#box: 0.986 0.167 0.000 1.012 0.193 0.002 m15
#box: 1.030 0.127 0.000 1.040 0.160 0.002 m17
#box: 0.783 0.227 0.000 0.787 0.250 0.002 m18
#box: 0.056 0.155 0.000 0.075 0.178 0.002 m14
#box: 0.085 0.192 0.000 0.103 0.226 0.002 m13
#box: 0.526 0.125 0.000 0.533 0.171 0.002 m8
#box: 0.977 0.134 0.000 1.017 0.177 0.002 m15
#box: 0.560 0.127 0.000 0.596 0.153 0.002 m1
#box: 1.015 0.157 0.000 1.042 0.193 0.002 m14
#box: 0.492 0.195 0.000 0.502 0.237 0.002 m13
#box: 0.668 0.144 0.000 0.705 0.178 0.002 m2
#box: 0.445 0.203 0.000 0.481 0.229 0.002 m4
#box: 0.789 0.120 0.000 0.806 0.169 0.002 m5
#box: 0.283 0.201 0.000 0.302 0.246 0.002 m15
#box: 0.237 0.132 0.000 0.247 0.163 0.002 m5
#box: 0.199 0.173 0.000 0.236 0.198 0.002 m10
#box: 0.294 0.203 0.000 0.329 0.234 0.002 m16
#box: 0.263 0.156 0.000 0.276 0.203 0.002 m14
#box: 0.719 0.129 0.000 0.752 0.157 0.002 m20
#box: 0.090 0.147 0.000 0.122 0.167 0.002 m4
#box: 0.126 0.134 0.000 0.133 0.179 0.002 m5
#box: 0.686 0.220 0.000 0.710 0.249 0.002 m8
#box: 0.116 0.176 0.000 0.138 0.214 0.002 m9
#box: 0.147 0.136 0.000 0.175 0.177 0.002 m18
#box: 0.037 0.181 0.000 0.055 0.212 0.002 m17
#box: 0.709 0.185 0.000 0.725 0.210 0.002 m9
#box: 0.591 0.179 0.000 0.612 0.202 0.002 m19
#box: 0.715 0.106 0.000 0.730 0.152 0.002 m8
#box: 0.835 0.168 0.000 0.845 0.194 0.002 m9
#box: 0.886 0.111 0.000 0.924 0.156 0.002 m15
#box: 0.843 0.186 0.000 0.877 0.207 0.002 m20
#box: 0.837 0.189 0.000 0.869 0.235 0.002 m2
#box: 0.013 0.121 0.000 0.018 0.164 0.002 m3
#box: 0.268 0.137 0.000 0.305 0.186 0.002 m18
#box: 0.322 0.129 0.000 0.347 0.157 0.002 m13
#box: 0.918 0.176 0.000 0.950 0.198 0.002 m17
#box: 0.054 0.112 0.000 0.066 0.153 0.002 m14
#box: 0.135 0.169 0.000 0.154 0.206 0.002 m15
#box: 0.817 0.173 0.000 0.834 0.202 0.002 m1
#box: 1.072 0.147 0.000 1.081 0.168 0.002 m14
#box: 0.545 0.122 0.000 0.558 0.159 0.002 m5
#box: 0.281 0.145 0.000 0.306 0.188 0.002 m11
#box: 0.704 0.180 0.000 0.728 0.230 0.002 m19
#box: 0.355 0.167 0.000 0.371 0.187 0.002 m20
#box: 1.064 0.162 0.000 1.099 0.191 0.002 m6
#box: 0.673 0.127 0.000 0.688 0.161 0.002 m12
#box: 0.107 0.118 0.000 0.136 0.153 0.002 m18
#box: 0.578 0.151 0.000 0.585 0.193 0.002 m18
#box: 0.222 0.172 0.000 0.261 0.216 0.002 m19
#box: 0.402 0.123 0.000 0.414 0.163 0.002 m12
#box: 0.705 0.143 0.000 0.712 0.180 0.002 m17
#box: 0.447 0.171 0.000 0.472 0.199 0.002 m1
#box: 0.803 0.200 0.000 0.821 0.229 0.002 m18
#box: 0.863 0.144 0.000 0.900 0.178 0.002 m13
#box: 0.052 0.194 0.000 0.056 0.221 0.002 m10
#box: 0.618 0.128 0.000 0.641 0.166 0.002 m15
#box: 0.394 0.178 0.000 0.416 0.199 0.002 m8
#box: 0.860 0.183 0.000 0.898 0.226 0.002 m1
#box: 1.066 0.129 0.000 1.075 0.152 0.002 m8
#box: 0.183 0.185 0.000 0.202 0.229 0.002 m20
#box: 0.939 0.183 0.000 0.957 0.226 0.002 m5
#box: 0.315 0.184 0.000 0.323 0.209 0.002 m8
#box: 0.166 0.201 0.000 0.173 0.225 0.002 m10
#box: 0.683 0.144 0.000 0.694 0.174 0.002 m4
#box: 0.708 0.152 0.000 0.728 0.175 0.002 m13
#box: 0.055 0.135 0.000 0.083 0.167 0.002 m4
#box: 0.901 0.186 0.000 0.932 0.217 0.002 m1
#box: 0.546 0.218 0.000 0.570 0.241 0.002 m18
#box: 0.097 0.152 0.000 0.110 0.179 0.002 m4
#box: 0.963 0.205 0.000 0.998 0.235 0.002 m13
#box: 0.163 0.189 0.000 0.171 0.232 0.002 m20
#box: 0.382 0.126 0.000 0.392 0.160 0.002 m1
#box: 1.036 0.135 0.000 1.061 0.173 0.002 m6
#box: 0.196 0.167 0.000 0.235 0.195 0.002 m10
#box: 0.930 0.202 0.000 0.943 0.224 0.002 m14
#box: 0.972 0.223 0.000 0.988 0.245 0.002 m18
#box: 0.172 0.169 0.000 0.195 0.203 0.002 m3
#box: 0.089 0.197 0.000 0.104 0.232 0.002 m1
#box: 0.750 0.137 0.000 0.768 0.167 0.002 m7
#box: 0.264 0.152 0.000 0.283 0.190 0.002 m12
#box: 0.402 0.110 0.000 0.432 0.159 0.002 m18
#box: 1.048 0.133 0.000 1.082 0.154 0.002 m15
#box: 0.746 0.157 0.000 0.764 0.195 0.002 m6
#box: 0.348 0.203 0.000 0.388 0.228 0.002 m3
#box: 0.260 0.174 0.000 0.292 0.208 0.002 m8
#box: 0.979 0.200 0.000 1.011 0.245 0.002 m6
#box: 0.255 0.166 0.000 0.264 0.199 0.002 m2
#box: 0.793 0.173 0.000 0.817 0.211 0.002 m2
#box: 0.127 0.160 0.000 0.145 0.208 0.002 m9
#box: 0.301 0.137 0.000 0.323 0.173 0.002 m2
#box: 0.399 0.160 0.000 0.424 0.203 0.002 m10
#box: 0.454 0.188 0.000 0.477 0.210 0.002 m4
#box: 0.218 0.216 0.000 0.236 0.238 0.002 m19
#box: 0.271 0.213 0.000 0.290 0.248 0.002 m3
#box: 0.300 0.135 0.000 0.340 0.185 0.002 m2
#box: 0.818 0.177 0.000 0.856 0.219 0.002 m2
#box: 0.664 0.190 0.000 0.697 0.224 0.002 m13
#box: 0.684 0.147 0.000 0.700 0.188 0.002 m6
#box: 0.347 0.185 0.000 0.362 0.225 0.002 m19
#box: 0.717 0.209 0.000 0.744 0.242 0.002 m1
#box: 0.125 0.156 0.000 0.161 0.182 0.002 m2
#box: 0.677 0.192 0.000 0.700 0.227 0.002 m8
#box: 0.496 0.164 0.000 0.512 0.213 0.002 m5
#box: 1.033 0.129 0.000 1.071 0.161 0.002 m16
#box: 0.436 0.194 0.000 0.460 0.220 0.002 m10
#box: 0.314 0.172 0.000 0.329 0.212 0.002 m10
#box: 0.380 0.142 0.000 0.393 0.168 0.002 m13
#box: 0.593 0.189 0.000 0.597 0.228 0.002 m12
#box: 0.609 0.150 0.000 0.638 0.178 0.002 m4
#box: 0.019 0.128 0.000 0.052 0.152 0.002 m10
#box: 0.532 0.173 0.000 0.562 0.218 0.002 m12
#box: 0.556 0.210 0.000 0.561 0.238 0.002 m18
#box: 0.508 0.118 0.000 0.545 0.165 0.002 m6
#box: 0.507 0.159 0.000 0.545 0.194 0.002 m1
#box: 0.928 0.120 0.000 0.963 0.158 0.002 m15
#box: 0.153 0.176 0.000 0.184 0.221 0.002 m12
#box: 0.547 0.199 0.000 0.554 0.239 0.002 m16
#box: 0.017 0.182 0.000 0.048 0.205 0.002 m11
#box: 0.297 0.145 0.000 0.314 0.182 0.002 m14
#box: 0.501 0.167 0.000 0.535 0.212 0.002 m17
#box: 0.323 0.126 0.000 0.342 0.169 0.002 m20
#box: 1.018 0.137 0.000 1.050 0.178 0.002 m10
#box: 0.649 0.154 0.000 0.658 0.202 0.002 m3
#box: 0.096 0.144 0.000 0.117 0.186 0.002 m3
#box: 0.571 0.128 0.000 0.576 0.175 0.002 m17
#box: 0.756 0.196 0.000 0.789 0.216 0.002 m9
#box: 0.868 0.154 0.000 0.900 0.201 0.002 m18
#box: 0.410 0.180 0.000 0.425 0.223 0.002 m5
#box: 0.564 0.176 0.000 0.589 0.205 0.002 m1
#box: 0.404 0.185 0.000 0.422 0.211 0.002 m1
#box: 0.856 0.131 0.000 0.878 0.154 0.002 m7
#box: 0.519 0.196 0.000 0.556 0.242 0.002 m14
#box: 0.699 0.169 0.000 0.724 0.218 0.002 m7
#box: 0.324 0.142 0.000 0.363 0.185 0.002 m17
#box: 0.359 0.176 0.000 0.393 0.201 0.002 m20
#box: 0.491 0.123 0.000 0.506 0.151 0.002 m6
#box: 0.550 0.167 0.000 0.579 0.211 0.002 m20
#box: 0.668 0.195 0.000 0.706 0.245 0.002 m4
#box: 0.353 0.152 0.000 0.362 0.196 0.002 m18
#box: 0.299 0.156 0.000 0.322 0.195 0.002 m12
#box: 1.008 0.224 0.000 1.013 0.247 0.002 m9
#box: 0.649 0.199 0.000 0.686 0.243 0.002 m2
#box: 0.859 0.170 0.000 0.896 0.209 0.002 m20
#box: 0.053 0.173 0.000 0.086 0.220 0.002 m6
#box: 0.673 0.157 0.000 0.701 0.203 0.002 m9
#box: 0.684 0.117 0.000 0.719 0.157 0.002 m7
#box: 0.256 0.146 0.000 0.276 0.184 0.002 m9
#box: 0.972 0.148 0.000 0.977 0.176 0.002 m5
#box: 0.509 0.215 0.000 0.513 0.236 0.002 m5
#box: 0.445 0.195 0.000 0.480 0.219 0.002 m12
#box: 0.265 0.157 0.000 0.274 0.180 0.002 m17
#box: 0.955 0.212 0.000 0.989 0.238 0.002 m4
#box: 1.090 0.184 0.000 1.109 0.224 0.002 m13
