testingplz 
#domain: 1.200 0.300 0.002 
#dx_dy_dz: 0.002 0.002 0.002 
#time_window: 5.000000e-09 

#excitation_file: mala_source_modified.txt 
#hertzian_dipole: z 0.080 0.250 0 mala_source 
#rx: 0.120 0.250 0.000 
#src_steps: 0.002 0.000 0.000 
#rx_steps: 0.002 0.000 0.000 

#material: 5.000 0.220 1.000 0.000 concrete
#material: 1.000 0.000 1.000 0.000 air
#material: 80.000 0.500 1.000 0.000 water

#material: 1.000 0.000 1.000 0.000 m1
#material: 2.000 0.000 1.000 0.000 m2
#material: 3.000 0.000 1.000 0.000 m3
#material: 4.000 0.000 1.000 0.000 m4
#material: 5.000 0.000 1.000 0.000 m5
#material: 6.000 0.000 1.000 0.000 m6
#material: 7.000 0.000 1.000 0.000 m7
#material: 8.000 0.000 1.000 0.000 m8
#material: 9.000 0.000 1.000 0.000 m9
#material: 10.000 0.000 1.000 0.000 m10
#material: 11.000 0.000 1.000 0.000 m11
#material: 12.000 0.000 1.000 0.000 m12
#material: 13.000 0.000 1.000 0.000 m13
#material: 14.000 0.000 1.000 0.000 m14
#material: 15.000 0.000 1.000 0.000 m15
#material: 16.000 0.000 1.000 0.000 m16
#material: 17.000 0.000 1.000 0.000 m17
#material: 18.000 0.000 1.000 0.000 m18
#material: 19.000 0.000 1.000 0.000 m19
#material: 20.000 0.000 1.000 0.000 m20

#box: 0.000 0.000 0.000 1.200 0.250 0.002 concrete

#box: 0.541 0.117 0.000 0.548 0.159 0.002 m7
#box: 0.770 0.155 0.000 0.797 0.202 0.002 m15
#box: 0.356 0.202 0.000 0.363 0.236 0.002 m3
#box: 0.552 0.134 0.000 0.573 0.181 0.002 m11
#box: 0.562 0.197 0.000 0.595 0.223 0.002 m8
#box: 1.036 0.175 0.000 1.076 0.216 0.002 m15
#box: 0.738 0.131 0.000 0.750 0.155 0.002 m6
#box: 0.594 0.179 0.000 0.631 0.217 0.002 m12
#box: 0.687 0.198 0.000 0.691 0.235 0.002 m1
#box: 0.530 0.201 0.000 0.554 0.225 0.002 m7
#box: 0.449 0.226 0.000 0.477 0.246 0.002 m6
#box: 0.398 0.183 0.000 0.403 0.230 0.002 m14
#box: 0.491 0.197 0.000 0.526 0.244 0.002 m6
#box: 0.293 0.138 0.000 0.299 0.180 0.002 m9
#box: 0.786 0.158 0.000 0.798 0.205 0.002 m6
#box: 0.951 0.200 0.000 0.978 0.221 0.002 m19
#box: 0.098 0.122 0.000 0.113 0.158 0.002 m20
#box: 0.056 0.194 0.000 0.080 0.237 0.002 m20
#box: 0.996 0.157 0.000 1.011 0.192 0.002 m18
#box: 0.089 0.205 0.000 0.116 0.240 0.002 m11
#box: 0.004 0.160 0.000 0.038 0.208 0.002 m7
#box: 0.238 0.123 0.000 0.261 0.168 0.002 m9
#box: 0.368 0.106 0.000 0.406 0.152 0.002 m19
#box: 0.879 0.141 0.000 0.897 0.161 0.002 m10
#box: 0.076 0.126 0.000 0.101 0.153 0.002 m12
#box: 0.089 0.156 0.000 0.114 0.201 0.002 m4
#box: 0.125 0.167 0.000 0.159 0.213 0.002 m9
#box: 1.021 0.131 0.000 1.043 0.160 0.002 m7
#box: 1.001 0.140 0.000 1.038 0.185 0.002 m8
#box: 0.382 0.120 0.000 0.414 0.165 0.002 m9
#box: 0.891 0.106 0.000 0.908 0.154 0.002 m17
#box: 0.966 0.139 0.000 0.989 0.165 0.002 m6
#box: 0.605 0.212 0.000 0.615 0.237 0.002 m9
#box: 0.799 0.152 0.000 0.818 0.184 0.002 m8
#box: 0.842 0.170 0.000 0.881 0.202 0.002 m19
#box: 0.384 0.194 0.000 0.389 0.220 0.002 m4
#box: 0.984 0.113 0.000 0.992 0.163 0.002 m6
#box: 0.912 0.198 0.000 0.927 0.235 0.002 m17
#box: 0.153 0.142 0.000 0.163 0.165 0.002 m3
#box: 0.374 0.181 0.000 0.391 0.204 0.002 m16
#box: 0.652 0.156 0.000 0.688 0.183 0.002 m20
#box: 0.785 0.187 0.000 0.799 0.236 0.002 m13
#box: 0.579 0.168 0.000 0.588 0.218 0.002 m12
#box: 0.229 0.120 0.000 0.249 0.169 0.002 m1
#box: 0.488 0.139 0.000 0.514 0.177 0.002 m7
#box: 0.680 0.146 0.000 0.720 0.186 0.002 m14
#box: 1.045 0.200 0.000 1.082 0.226 0.002 m6
#box: 0.611 0.132 0.000 0.635 0.180 0.002 m10
#box: 1.089 0.173 0.000 1.100 0.205 0.002 m14
#box: 0.276 0.175 0.000 0.316 0.217 0.002 m16
#box: 0.242 0.123 0.000 0.250 0.157 0.002 m4
#box: 0.782 0.217 0.000 0.814 0.248 0.002 m10
#box: 1.086 0.158 0.000 1.101 0.188 0.002 m15
#box: 0.954 0.198 0.000 0.963 0.244 0.002 m20
#box: 0.797 0.114 0.000 0.809 0.150 0.002 m2
#box: 0.949 0.150 0.000 0.958 0.185 0.002 m16
#box: 0.003 0.204 0.000 0.009 0.234 0.002 m7
#box: 0.812 0.183 0.000 0.829 0.219 0.002 m6
#box: 0.118 0.148 0.000 0.142 0.181 0.002 m4
#box: 0.184 0.200 0.000 0.212 0.225 0.002 m3
#box: 0.112 0.142 0.000 0.131 0.188 0.002 m14
#box: 0.577 0.226 0.000 0.589 0.249 0.002 m16
#box: 0.203 0.199 0.000 0.230 0.223 0.002 m3
#box: 0.187 0.143 0.000 0.207 0.176 0.002 m8
#box: 0.073 0.134 0.000 0.095 0.171 0.002 m10
#box: 0.235 0.215 0.000 0.251 0.243 0.002 m9
#box: 0.766 0.177 0.000 0.791 0.221 0.002 m20
#box: 0.466 0.210 0.000 0.484 0.243 0.002 m9
#box: 0.953 0.115 0.000 0.967 0.159 0.002 m16
#box: 0.641 0.114 0.000 0.668 0.155 0.002 m14
#box: 0.775 0.127 0.000 0.806 0.157 0.002 m9
#box: 0.297 0.190 0.000 0.336 0.229 0.002 m12
#box: 0.141 0.180 0.000 0.160 0.213 0.002 m9
#box: 0.807 0.176 0.000 0.832 0.206 0.002 m3
#box: 0.642 0.172 0.000 0.662 0.198 0.002 m6
#box: 0.453 0.156 0.000 0.467 0.190 0.002 m15
#box: 0.731 0.209 0.000 0.751 0.229 0.002 m13
#box: 0.290 0.197 0.000 0.304 0.247 0.002 m5
#box: 0.910 0.178 0.000 0.928 0.201 0.002 m12
#box: 1.060 0.176 0.000 1.097 0.203 0.002 m11
#box: 0.422 0.109 0.000 0.455 0.157 0.002 m12
#box: 0.843 0.205 0.000 0.881 0.230 0.002 m9
#box: 0.266 0.222 0.000 0.297 0.245 0.002 m14
#box: 0.542 0.118 0.000 0.555 0.164 0.002 m8
#box: 0.584 0.147 0.000 0.601 0.173 0.002 m12
#box: 0.045 0.142 0.000 0.058 0.168 0.002 m1
#box: 0.520 0.214 0.000 0.541 0.236 0.002 m13
#box: 0.250 0.218 0.000 0.258 0.244 0.002 m4
#box: 0.099 0.122 0.000 0.104 0.155 0.002 m16
#box: 0.429 0.167 0.000 0.457 0.203 0.002 m8
#box: 0.646 0.184 0.000 0.674 0.223 0.002 m6
#box: 0.396 0.181 0.000 0.423 0.217 0.002 m2
#box: 0.229 0.157 0.000 0.250 0.190 0.002 m12
#box: 0.937 0.216 0.000 0.972 0.238 0.002 m2
#box: 1.009 0.116 0.000 1.036 0.159 0.002 m10
#box: 0.333 0.133 0.000 0.373 0.158 0.002 m17
#box: 0.699 0.202 0.000 0.714 0.243 0.002 m18
#box: 0.664 0.163 0.000 0.671 0.200 0.002 m16
#box: 0.582 0.163 0.000 0.621 0.194 0.002 m4
#box: 0.794 0.177 0.000 0.832 0.209 0.002 m18
#box: 0.714 0.131 0.000 0.751 0.157 0.002 m11
#box: 0.076 0.148 0.000 0.087 0.187 0.002 m18
#box: 0.306 0.131 0.000 0.345 0.151 0.002 m5
#box: 0.763 0.164 0.000 0.795 0.200 0.002 m5
#box: 0.365 0.219 0.000 0.382 0.245 0.002 m18
#box: 1.099 0.197 0.000 1.121 0.231 0.002 m12
#box: 0.484 0.169 0.000 0.495 0.216 0.002 m5
#box: 0.679 0.168 0.000 0.706 0.196 0.002 m18
#box: 0.886 0.208 0.000 0.896 0.239 0.002 m17
#box: 0.981 0.143 0.000 1.007 0.185 0.002 m17
#box: 0.206 0.192 0.000 0.211 0.231 0.002 m19
#box: 0.546 0.197 0.000 0.558 0.232 0.002 m13
#box: 0.422 0.128 0.000 0.455 0.168 0.002 m20
#box: 0.190 0.159 0.000 0.228 0.197 0.002 m5
#box: 0.754 0.165 0.000 0.782 0.211 0.002 m13
#box: 0.386 0.166 0.000 0.396 0.208 0.002 m13
#box: 0.943 0.193 0.000 0.981 0.233 0.002 m8
#box: 0.354 0.121 0.000 0.385 0.155 0.002 m3
#box: 0.664 0.174 0.000 0.671 0.215 0.002 m18
#box: 0.516 0.195 0.000 0.545 0.225 0.002 m20
#box: 0.980 0.227 0.000 0.986 0.248 0.002 m11
#box: 0.517 0.180 0.000 0.526 0.214 0.002 m16
#box: 0.607 0.155 0.000 0.611 0.193 0.002 m19
#box: 0.132 0.212 0.000 0.161 0.238 0.002 m1
#box: 0.090 0.164 0.000 0.130 0.213 0.002 m14
#box: 0.293 0.211 0.000 0.322 0.232 0.002 m9
#box: 0.208 0.172 0.000 0.241 0.206 0.002 m6
#box: 0.467 0.206 0.000 0.477 0.248 0.002 m12
#box: 0.306 0.129 0.000 0.320 0.173 0.002 m3
#box: 0.979 0.188 0.000 0.990 0.238 0.002 m17
#box: 0.665 0.100 0.000 0.685 0.150 0.002 m5
#box: 0.806 0.160 0.000 0.839 0.206 0.002 m11
#box: 0.676 0.120 0.000 0.699 0.159 0.002 m3
#box: 0.563 0.130 0.000 0.575 0.164 0.002 m5
#box: 0.783 0.171 0.000 0.815 0.191 0.002 m19
#box: 0.991 0.228 0.000 1.023 0.248 0.002 m2
#box: 0.467 0.199 0.000 0.475 0.247 0.002 m13
#box: 1.041 0.194 0.000 1.067 0.223 0.002 m6
#box: 0.644 0.144 0.000 0.652 0.180 0.002 m6
#box: 0.859 0.128 0.000 0.872 0.162 0.002 m8
#box: 0.067 0.187 0.000 0.100 0.208 0.002 m7
#box: 0.162 0.129 0.000 0.168 0.154 0.002 m11
#box: 1.057 0.152 0.000 1.089 0.189 0.002 m5
#box: 0.087 0.206 0.000 0.124 0.229 0.002 m10
#box: 0.029 0.151 0.000 0.056 0.174 0.002 m17
#box: 0.300 0.166 0.000 0.328 0.188 0.002 m20
#box: 0.930 0.143 0.000 0.958 0.186 0.002 m10
#box: 0.065 0.180 0.000 0.080 0.204 0.002 m15
#box: 0.346 0.137 0.000 0.353 0.159 0.002 m13
#box: 0.412 0.144 0.000 0.427 0.173 0.002 m12
#box: 0.592 0.183 0.000 0.599 0.220 0.002 m10
#box: 0.552 0.218 0.000 0.590 0.240 0.002 m8
#box: 0.800 0.131 0.000 0.828 0.164 0.002 m2
#box: 0.524 0.194 0.000 0.541 0.236 0.002 m17
#box: 0.502 0.160 0.000 0.537 0.187 0.002 m11
#box: 0.473 0.161 0.000 0.506 0.211 0.002 m13
#box: 0.961 0.165 0.000 0.990 0.213 0.002 m3
#box: 0.892 0.212 0.000 0.907 0.236 0.002 m1
#box: 0.613 0.119 0.000 0.636 0.161 0.002 m2
#box: 0.733 0.111 0.000 0.765 0.160 0.002 m19
#box: 0.125 0.194 0.000 0.165 0.235 0.002 m13
#box: 0.887 0.200 0.000 0.893 0.228 0.002 m17
#box: 0.489 0.156 0.000 0.521 0.200 0.002 m15
#box: 0.173 0.214 0.000 0.190 0.244 0.002 m18
#box: 0.836 0.148 0.000 0.870 0.190 0.002 m15
#box: 0.969 0.203 0.000 0.976 0.240 0.002 m2
#box: 0.706 0.141 0.000 0.717 0.184 0.002 m10
#box: 0.890 0.202 0.000 0.929 0.249 0.002 m11
#box: 0.556 0.138 0.000 0.584 0.165 0.002 m8
#box: 0.745 0.191 0.000 0.768 0.237 0.002 m18
#box: 0.266 0.152 0.000 0.301 0.177 0.002 m4
#box: 0.554 0.158 0.000 0.584 0.196 0.002 m12
#box: 0.370 0.131 0.000 0.402 0.156 0.002 m10
#box: 0.894 0.222 0.000 0.931 0.246 0.002 m8
#box: 0.759 0.206 0.000 0.791 0.247 0.002 m16
#box: 0.562 0.143 0.000 0.584 0.184 0.002 m5
#box: 0.733 0.189 0.000 0.769 0.238 0.002 m20
#box: 0.101 0.179 0.000 0.106 0.208 0.002 m14
#box: 0.472 0.192 0.000 0.480 0.226 0.002 m18
#box: 0.186 0.122 0.000 0.207 0.156 0.002 m3
#box: 0.315 0.222 0.000 0.329 0.242 0.002 m10
#box: 1.022 0.181 0.000 1.060 0.202 0.002 m14
#box: 0.421 0.160 0.000 0.451 0.180 0.002 m11
#box: 0.792 0.139 0.000 0.800 0.173 0.002 m17
#box: 0.214 0.119 0.000 0.246 0.168 0.002 m8
#box: 0.807 0.136 0.000 0.827 0.185 0.002 m2
#box: 0.335 0.110 0.000 0.342 0.158 0.002 m11
#box: 0.786 0.159 0.000 0.795 0.194 0.002 m5
#box: 0.030 0.147 0.000 0.045 0.182 0.002 m1
#box: 0.004 0.191 0.000 0.020 0.226 0.002 m12
#box: 0.138 0.172 0.000 0.150 0.192 0.002 m18
#box: 1.075 0.201 0.000 1.104 0.248 0.002 m17
#box: 0.664 0.173 0.000 0.699 0.195 0.002 m16
#box: 0.013 0.186 0.000 0.031 0.213 0.002 m4
#box: 0.589 0.183 0.000 0.602 0.229 0.002 m4
#box: 0.688 0.152 0.000 0.727 0.194 0.002 m6
#box: 1.085 0.186 0.000 1.117 0.218 0.002 m12
#box: 0.378 0.148 0.000 0.409 0.178 0.002 m1
#box: 0.304 0.185 0.000 0.316 0.206 0.002 m11
#box: 0.432 0.170 0.000 0.466 0.194 0.002 m6
