testingplz 
#domain: 10.200 0.300 0.002 
#dx_dy_dz: 0.002 0.002 0.002 
#time_window: 5.000000e-09 

#excitation_file: mala_source_modified.txt 
#hertzian_dipole: z 0.080 0.250 0 mala_source 
#rx: 0.120 0.250 0.000 
#src_steps: 0.002 0.000 0.000 
#rx_steps: 0.002 0.000 0.000 

#material: 5.000 0.220 1.000 0.000 concrete
#material: 1.000 0.000 1.000 0.000 air
#material: 80.000 0.500 1.000 0.000 water

#material: 1.000 0.000 1.000 0.000 m1
#material: 2.000 0.000 1.000 0.000 m2
#material: 3.000 0.000 1.000 0.000 m3
#material: 4.000 0.000 1.000 0.000 m4
#material: 5.000 0.000 1.000 0.000 m5
#material: 6.000 0.000 1.000 0.000 m6
#material: 7.000 0.000 1.000 0.000 m7
#material: 8.000 0.000 1.000 0.000 m8
#material: 9.000 0.000 1.000 0.000 m9
#material: 10.000 0.000 1.000 0.000 m10
#material: 11.000 0.000 1.000 0.000 m11
#material: 12.000 0.000 1.000 0.000 m12
#material: 13.000 0.000 1.000 0.000 m13
#material: 14.000 0.000 1.000 0.000 m14
#material: 15.000 0.000 1.000 0.000 m15
#material: 16.000 0.000 1.000 0.000 m16
#material: 17.000 0.000 1.000 0.000 m17
#material: 18.000 0.000 1.000 0.000 m18
#material: 19.000 0.000 1.000 0.000 m19
#material: 20.000 0.000 1.000 0.000 m20

#box: 0.000 0.000 0.000 10.200 0.250 0.002 concrete

#cylinder: 6.238 0.162 0.000 6.238 0.162 0.002 0.005 m5
#cylinder: 8.861 0.197 0.000 8.861 0.197 0.002 0.004 m20
#cylinder: 7.447 0.146 0.000 7.447 0.146 0.002 0.008 m4
#cylinder: 2.341 0.203 0.000 2.341 0.203 0.002 0.006 m4
#cylinder: 0.784 0.147 0.000 0.784 0.147 0.002 0.005 m13
#cylinder: 4.855 0.161 0.000 4.855 0.161 0.002 0.003 m7
#cylinder: 10.098 0.169 0.000 10.098 0.169 0.002 0.006 m2
#cylinder: 2.636 0.101 0.000 2.636 0.101 0.002 0.005 m20
#cylinder: 1.725 0.120 0.000 1.725 0.120 0.002 0.008 m6
#cylinder: 3.138 0.193 0.000 3.138 0.193 0.002 0.008 m2
#cylinder: 8.854 0.202 0.000 8.854 0.202 0.002 0.009 m17
#cylinder: 4.752 0.135 0.000 4.752 0.135 0.002 0.003 m15
#cylinder: 3.264 0.119 0.000 3.264 0.119 0.002 0.002 m12
#cylinder: 4.979 0.216 0.000 4.979 0.216 0.002 0.005 m16
#cylinder: 2.161 0.181 0.000 2.161 0.181 0.002 0.005 m13
#cylinder: 5.767 0.148 0.000 5.767 0.148 0.002 0.003 m16
#cylinder: 2.501 0.119 0.000 2.501 0.119 0.002 0.004 m3
#cylinder: 9.070 0.112 0.000 9.070 0.112 0.002 0.006 m8
#cylinder: 5.105 0.218 0.000 5.105 0.218 0.002 0.005 m19
#cylinder: 0.817 0.199 0.000 0.817 0.199 0.002 0.004 m14
#cylinder: 0.483 0.168 0.000 0.483 0.168 0.002 0.007 m7
#cylinder: 10.064 0.170 0.000 10.064 0.170 0.002 0.009 m3
#cylinder: 10.058 0.181 0.000 10.058 0.181 0.002 0.004 m6
#cylinder: 1.030 0.135 0.000 1.030 0.135 0.002 0.007 m16
#cylinder: 3.721 0.113 0.000 3.721 0.113 0.002 0.002 m5
#cylinder: 7.741 0.119 0.000 7.741 0.119 0.002 0.009 m12
#cylinder: 6.357 0.165 0.000 6.357 0.165 0.002 0.009 m12
#cylinder: 3.718 0.106 0.000 3.718 0.106 0.002 0.003 m19
#cylinder: 0.452 0.131 0.000 0.452 0.131 0.002 0.005 m15
#cylinder: 0.903 0.159 0.000 0.903 0.159 0.002 0.004 m12
#cylinder: 5.028 0.171 0.000 5.028 0.171 0.002 0.007 m1
#cylinder: 6.948 0.106 0.000 6.948 0.106 0.002 0.004 m13
#cylinder: 4.702 0.116 0.000 4.702 0.116 0.002 0.005 m3
#cylinder: 6.315 0.121 0.000 6.315 0.121 0.002 0.002 m3
#cylinder: 7.557 0.128 0.000 7.557 0.128 0.002 0.003 m12
#cylinder: 8.957 0.172 0.000 8.957 0.172 0.002 0.007 m8
#cylinder: 4.281 0.123 0.000 4.281 0.123 0.002 0.009 m15
#cylinder: 1.028 0.119 0.000 1.028 0.119 0.002 0.004 m7
#cylinder: 7.189 0.185 0.000 7.189 0.185 0.002 0.006 m12
#cylinder: 0.557 0.120 0.000 0.557 0.120 0.002 0.004 m9
#cylinder: 1.306 0.218 0.000 1.306 0.218 0.002 0.004 m13
#cylinder: 4.554 0.100 0.000 4.554 0.100 0.002 0.006 m15
#cylinder: 2.530 0.116 0.000 2.530 0.116 0.002 0.007 m6
#cylinder: 7.375 0.208 0.000 7.375 0.208 0.002 0.006 m5
#cylinder: 6.440 0.205 0.000 6.440 0.205 0.002 0.004 m8
#cylinder: 5.194 0.184 0.000 5.194 0.184 0.002 0.008 m8
#cylinder: 4.292 0.103 0.000 4.292 0.103 0.002 0.009 m17
#cylinder: 5.180 0.130 0.000 5.180 0.130 0.002 0.010 m8
#cylinder: 8.925 0.212 0.000 8.925 0.212 0.002 0.004 m14
#cylinder: 0.598 0.158 0.000 0.598 0.158 0.002 0.005 m11
#cylinder: 3.606 0.189 0.000 3.606 0.189 0.002 0.007 m12
#cylinder: 5.599 0.166 0.000 5.599 0.166 0.002 0.007 m15
#cylinder: 4.923 0.127 0.000 4.923 0.127 0.002 0.004 m8
#cylinder: 7.326 0.195 0.000 7.326 0.195 0.002 0.009 m17
#cylinder: 4.756 0.218 0.000 4.756 0.218 0.002 0.005 m13
#cylinder: 9.066 0.213 0.000 9.066 0.213 0.002 0.009 m3
#cylinder: 6.067 0.168 0.000 6.067 0.168 0.002 0.009 m9
#cylinder: 4.079 0.189 0.000 4.079 0.189 0.002 0.003 m16
#cylinder: 4.810 0.119 0.000 4.810 0.119 0.002 0.009 m7
#cylinder: 5.265 0.187 0.000 5.265 0.187 0.002 0.009 m2
#cylinder: 4.908 0.108 0.000 4.908 0.108 0.002 0.003 m20
#cylinder: 8.233 0.117 0.000 8.233 0.117 0.002 0.004 m15
#cylinder: 3.813 0.141 0.000 3.813 0.141 0.002 0.002 m11
#cylinder: 9.313 0.207 0.000 9.313 0.207 0.002 0.009 m11
#cylinder: 4.508 0.138 0.000 4.508 0.138 0.002 0.004 m1
#cylinder: 0.327 0.182 0.000 0.327 0.182 0.002 0.008 m14
#cylinder: 9.393 0.182 0.000 9.393 0.182 0.002 0.004 m15
#cylinder: 8.506 0.220 0.000 8.506 0.220 0.002 0.003 m19
#cylinder: 3.026 0.164 0.000 3.026 0.164 0.002 0.003 m19
#cylinder: 4.427 0.106 0.000 4.427 0.106 0.002 0.006 m1
#cylinder: 2.277 0.146 0.000 2.277 0.146 0.002 0.007 m13
#cylinder: 6.289 0.130 0.000 6.289 0.130 0.002 0.004 m12
#cylinder: 3.240 0.171 0.000 3.240 0.171 0.002 0.002 m18
#cylinder: 6.069 0.146 0.000 6.069 0.146 0.002 0.009 m18
#cylinder: 8.129 0.195 0.000 8.129 0.195 0.002 0.006 m11
#cylinder: 0.937 0.174 0.000 0.937 0.174 0.002 0.007 m5
#cylinder: 3.474 0.160 0.000 3.474 0.160 0.002 0.007 m12
#cylinder: 2.417 0.106 0.000 2.417 0.106 0.002 0.006 m5
#cylinder: 7.389 0.157 0.000 7.389 0.157 0.002 0.006 m20
#cylinder: 7.843 0.142 0.000 7.843 0.142 0.002 0.007 m12
#cylinder: 9.907 0.211 0.000 9.907 0.211 0.002 0.002 m20
#cylinder: 6.226 0.182 0.000 6.226 0.182 0.002 0.006 m3
#cylinder: 3.365 0.185 0.000 3.365 0.185 0.002 0.005 m19
#cylinder: 9.709 0.216 0.000 9.709 0.216 0.002 0.006 m3
#cylinder: 0.435 0.127 0.000 0.435 0.127 0.002 0.008 m7
#cylinder: 1.000 0.164 0.000 1.000 0.164 0.002 0.007 m18
#cylinder: 5.626 0.172 0.000 5.626 0.172 0.002 0.003 m1
#cylinder: 7.776 0.162 0.000 7.776 0.162 0.002 0.009 m17
#cylinder: 0.736 0.215 0.000 0.736 0.215 0.002 0.004 m11
#cylinder: 6.614 0.155 0.000 6.614 0.155 0.002 0.008 m7
#cylinder: 9.795 0.131 0.000 9.795 0.131 0.002 0.003 m8
#cylinder: 3.433 0.219 0.000 3.433 0.219 0.002 0.010 m20
#cylinder: 2.703 0.152 0.000 2.703 0.152 0.002 0.004 m3
#cylinder: 5.973 0.131 0.000 5.973 0.131 0.002 0.005 m2
#cylinder: 8.331 0.110 0.000 8.331 0.110 0.002 0.006 m18
#cylinder: 4.949 0.163 0.000 4.949 0.163 0.002 0.009 m20
#cylinder: 9.761 0.169 0.000 9.761 0.169 0.002 0.004 m13
#cylinder: 1.657 0.146 0.000 1.657 0.146 0.002 0.005 m17
#cylinder: 7.727 0.131 0.000 7.727 0.131 0.002 0.009 m18
#cylinder: 0.834 0.141 0.000 0.834 0.141 0.002 0.005 m17
#cylinder: 8.928 0.192 0.000 8.928 0.192 0.002 0.004 m3
#cylinder: 8.455 0.189 0.000 8.455 0.189 0.002 0.004 m1
#cylinder: 8.222 0.137 0.000 8.222 0.137 0.002 0.009 m20
#cylinder: 8.796 0.205 0.000 8.796 0.205 0.002 0.006 m17
#cylinder: 3.754 0.136 0.000 3.754 0.136 0.002 0.004 m4
#cylinder: 5.186 0.191 0.000 5.186 0.191 0.002 0.003 m3
#cylinder: 4.238 0.111 0.000 4.238 0.111 0.002 0.009 m14
#cylinder: 7.076 0.215 0.000 7.076 0.215 0.002 0.005 m12
#cylinder: 1.149 0.189 0.000 1.149 0.189 0.002 0.009 m20
#cylinder: 5.751 0.207 0.000 5.751 0.207 0.002 0.004 m2
#cylinder: 4.038 0.121 0.000 4.038 0.121 0.002 0.008 m8
#cylinder: 0.426 0.168 0.000 0.426 0.168 0.002 0.004 m20
#cylinder: 8.931 0.176 0.000 8.931 0.176 0.002 0.009 m20
#cylinder: 2.294 0.164 0.000 2.294 0.164 0.002 0.007 m1
#cylinder: 7.361 0.161 0.000 7.361 0.161 0.002 0.009 m13
#cylinder: 7.943 0.197 0.000 7.943 0.197 0.002 0.005 m20
#cylinder: 5.819 0.151 0.000 5.819 0.151 0.002 0.007 m10
#cylinder: 8.499 0.129 0.000 8.499 0.129 0.002 0.010 m20
#cylinder: 7.655 0.150 0.000 7.655 0.150 0.002 0.006 m1
#cylinder: 2.558 0.173 0.000 2.558 0.173 0.002 0.009 m14
#cylinder: 8.173 0.162 0.000 8.173 0.162 0.002 0.005 m11
#cylinder: 8.000 0.179 0.000 8.000 0.179 0.002 0.007 m10
#cylinder: 1.602 0.121 0.000 1.602 0.121 0.002 0.006 m2
#cylinder: 3.570 0.117 0.000 3.570 0.117 0.002 0.009 m12
#cylinder: 6.832 0.167 0.000 6.832 0.167 0.002 0.005 m13
#cylinder: 7.202 0.178 0.000 7.202 0.178 0.002 0.007 m16
#cylinder: 2.759 0.145 0.000 2.759 0.145 0.002 0.008 m15
#cylinder: 9.150 0.131 0.000 9.150 0.131 0.002 0.003 m4
#cylinder: 4.744 0.130 0.000 4.744 0.130 0.002 0.003 m4
#cylinder: 8.977 0.204 0.000 8.977 0.204 0.002 0.005 m16
#cylinder: 2.838 0.107 0.000 2.838 0.107 0.002 0.010 m2
#cylinder: 8.536 0.136 0.000 8.536 0.136 0.002 0.006 m2
#cylinder: 8.536 0.212 0.000 8.536 0.212 0.002 0.002 m1
#cylinder: 6.078 0.204 0.000 6.078 0.204 0.002 0.004 m2
#cylinder: 2.911 0.207 0.000 2.911 0.207 0.002 0.009 m12
#cylinder: 2.482 0.150 0.000 2.482 0.150 0.002 0.004 m8
#cylinder: 1.406 0.157 0.000 1.406 0.157 0.002 0.004 m12
#cylinder: 2.141 0.144 0.000 2.141 0.144 0.002 0.004 m10
#cylinder: 6.985 0.139 0.000 6.985 0.139 0.002 0.007 m14
#cylinder: 1.847 0.159 0.000 1.847 0.159 0.002 0.003 m2
#cylinder: 7.084 0.188 0.000 7.084 0.188 0.002 0.004 m6
#cylinder: 5.277 0.187 0.000 5.277 0.187 0.002 0.006 m10
#cylinder: 4.994 0.127 0.000 4.994 0.127 0.002 0.009 m16
#cylinder: 6.245 0.105 0.000 6.245 0.105 0.002 0.003 m9
#cylinder: 6.863 0.212 0.000 6.863 0.212 0.002 0.006 m4
#cylinder: 5.002 0.173 0.000 5.002 0.173 0.002 0.006 m6
#cylinder: 8.402 0.186 0.000 8.402 0.186 0.002 0.003 m5
#cylinder: 8.226 0.148 0.000 8.226 0.148 0.002 0.004 m16
#cylinder: 4.519 0.201 0.000 4.519 0.201 0.002 0.003 m10
#cylinder: 8.548 0.114 0.000 8.548 0.114 0.002 0.009 m1
#cylinder: 3.452 0.217 0.000 3.452 0.217 0.002 0.009 m5
#cylinder: 5.335 0.164 0.000 5.335 0.164 0.002 0.007 m14
#cylinder: 0.743 0.209 0.000 0.743 0.209 0.002 0.003 m1
#cylinder: 1.313 0.118 0.000 1.313 0.118 0.002 0.009 m8
#cylinder: 4.479 0.168 0.000 4.479 0.168 0.002 0.002 m19
#cylinder: 9.336 0.174 0.000 9.336 0.174 0.002 0.006 m12
#cylinder: 4.118 0.158 0.000 4.118 0.158 0.002 0.006 m1
#cylinder: 2.544 0.147 0.000 2.544 0.147 0.002 0.006 m12
#cylinder: 2.547 0.100 0.000 2.547 0.100 0.002 0.004 m7
#cylinder: 8.750 0.133 0.000 8.750 0.133 0.002 0.004 m15
#cylinder: 4.277 0.156 0.000 4.277 0.156 0.002 0.010 m10
#cylinder: 2.529 0.108 0.000 2.529 0.108 0.002 0.004 m1
#cylinder: 9.534 0.118 0.000 9.534 0.118 0.002 0.009 m10
#cylinder: 2.060 0.137 0.000 2.060 0.137 0.002 0.004 m10
#cylinder: 1.060 0.116 0.000 1.060 0.116 0.002 0.003 m5
#cylinder: 3.698 0.214 0.000 3.698 0.214 0.002 0.007 m20
#cylinder: 7.928 0.188 0.000 7.928 0.188 0.002 0.003 m6
#cylinder: 6.512 0.212 0.000 6.512 0.212 0.002 0.003 m14
#cylinder: 6.447 0.131 0.000 6.447 0.131 0.002 0.002 m12
#cylinder: 3.659 0.174 0.000 3.659 0.174 0.002 0.007 m9
#cylinder: 0.249 0.181 0.000 0.249 0.181 0.002 0.006 m16
#cylinder: 4.390 0.193 0.000 4.390 0.193 0.002 0.003 m8
#cylinder: 5.131 0.149 0.000 5.131 0.149 0.002 0.006 m7
#cylinder: 9.186 0.201 0.000 9.186 0.201 0.002 0.010 m6
#cylinder: 7.168 0.150 0.000 7.168 0.150 0.002 0.003 m8
#cylinder: 3.949 0.144 0.000 3.949 0.144 0.002 0.007 m3
#cylinder: 0.774 0.213 0.000 0.774 0.213 0.002 0.004 m18
#cylinder: 8.912 0.152 0.000 8.912 0.152 0.002 0.007 m11
#cylinder: 2.641 0.122 0.000 2.641 0.122 0.002 0.006 m5
#cylinder: 4.321 0.170 0.000 4.321 0.170 0.002 0.006 m18
#cylinder: 4.389 0.132 0.000 4.389 0.132 0.002 0.008 m6
#cylinder: 3.822 0.104 0.000 3.822 0.104 0.002 0.007 m1
#cylinder: 9.627 0.157 0.000 9.627 0.157 0.002 0.010 m12
#cylinder: 5.052 0.161 0.000 5.052 0.161 0.002 0.002 m14
#cylinder: 7.963 0.137 0.000 7.963 0.137 0.002 0.004 m6
#cylinder: 3.261 0.190 0.000 3.261 0.190 0.002 0.005 m5
#cylinder: 9.372 0.131 0.000 9.372 0.131 0.002 0.006 m11
#cylinder: 1.252 0.128 0.000 1.252 0.128 0.002 0.009 m20
#cylinder: 5.523 0.185 0.000 5.523 0.185 0.002 0.005 m8
#cylinder: 4.545 0.220 0.000 4.545 0.220 0.002 0.007 m17
#cylinder: 0.678 0.189 0.000 0.678 0.189 0.002 0.009 m20
#cylinder: 8.037 0.195 0.000 8.037 0.195 0.002 0.008 m4
#cylinder: 0.144 0.115 0.000 0.144 0.115 0.002 0.007 m3
#cylinder: 7.800 0.141 0.000 7.800 0.141 0.002 0.010 m10
#cylinder: 2.813 0.172 0.000 2.813 0.172 0.002 0.003 m15
#cylinder: 7.726 0.215 0.000 7.726 0.215 0.002 0.005 m5
#cylinder: 2.617 0.144 0.000 2.617 0.144 0.002 0.004 m1
#cylinder: 3.863 0.158 0.000 3.863 0.158 0.002 0.006 m17
#cylinder: 8.240 0.120 0.000 8.240 0.120 0.002 0.003 m5
#cylinder: 6.229 0.128 0.000 6.229 0.128 0.002 0.005 m7
