testingplz 
#domain: 1.200 0.300 0.002 
#dx_dy_dz: 0.002 0.002 0.002 
#time_window: 5.000000e-09 

#excitation_file: mala_source_modified.txt 
#hertzian_dipole: z 0.080 0.250 0 mala_source 
#rx: 0.120 0.250 0.000 
#src_steps: 0.002 0.000 0.000 
#rx_steps: 0.002 0.000 0.000 

#material: 5.000 0.220 1.000 0.000 concrete
#material: 1.000 0.000 1.000 0.000 air
#material: 80.000 0.500 1.000 0.000 water

#material: 1.000 0.000 1.000 0.000 m1
#material: 2.000 0.000 1.000 0.000 m2
#material: 3.000 0.000 1.000 0.000 m3
#material: 4.000 0.000 1.000 0.000 m4
#material: 5.000 0.000 1.000 0.000 m5
#material: 6.000 0.000 1.000 0.000 m6
#material: 7.000 0.000 1.000 0.000 m7
#material: 8.000 0.000 1.000 0.000 m8
#material: 9.000 0.000 1.000 0.000 m9
#material: 10.000 0.000 1.000 0.000 m10
#material: 11.000 0.000 1.000 0.000 m11
#material: 12.000 0.000 1.000 0.000 m12
#material: 13.000 0.000 1.000 0.000 m13
#material: 14.000 0.000 1.000 0.000 m14
#material: 15.000 0.000 1.000 0.000 m15
#material: 16.000 0.000 1.000 0.000 m16
#material: 17.000 0.000 1.000 0.000 m17
#material: 18.000 0.000 1.000 0.000 m18
#material: 19.000 0.000 1.000 0.000 m19
#material: 20.000 0.000 1.000 0.000 m20

#box: 0.000 0.000 0.000 1.200 0.250 0.002 concrete

#box: 0.922 0.165 0.000 0.939 0.187 0.002 m6
#box: 0.238 0.132 0.000 0.278 0.176 0.002 m1
#box: 0.465 0.154 0.000 0.469 0.194 0.002 m17
#box: 0.199 0.161 0.000 0.210 0.190 0.002 m13
#box: 1.092 0.154 0.000 1.118 0.202 0.002 m3
#box: 0.685 0.207 0.000 0.707 0.245 0.002 m8
#box: 0.862 0.126 0.000 0.882 0.168 0.002 m14
#box: 0.286 0.178 0.000 0.295 0.209 0.002 m14
#box: 0.833 0.141 0.000 0.840 0.178 0.002 m12
#box: 0.433 0.196 0.000 0.442 0.237 0.002 m9
#box: 0.663 0.172 0.000 0.670 0.200 0.002 m17
#box: 0.498 0.133 0.000 0.532 0.165 0.002 m8
#box: 0.798 0.204 0.000 0.810 0.237 0.002 m6
#box: 0.508 0.157 0.000 0.531 0.189 0.002 m9
#box: 0.310 0.169 0.000 0.346 0.194 0.002 m7
#box: 0.486 0.128 0.000 0.526 0.163 0.002 m13
#box: 0.456 0.186 0.000 0.467 0.207 0.002 m15
#box: 0.740 0.167 0.000 0.745 0.206 0.002 m1
#box: 0.917 0.173 0.000 0.941 0.216 0.002 m14
#box: 0.092 0.201 0.000 0.114 0.238 0.002 m20
#box: 0.851 0.179 0.000 0.858 0.202 0.002 m11
#box: 0.527 0.132 0.000 0.543 0.152 0.002 m7
#box: 0.788 0.124 0.000 0.807 0.163 0.002 m2
#box: 0.108 0.138 0.000 0.115 0.162 0.002 m5
#box: 0.588 0.133 0.000 0.612 0.167 0.002 m6
#box: 0.992 0.119 0.000 0.999 0.164 0.002 m17
#box: 1.063 0.198 0.000 1.078 0.236 0.002 m15
#box: 0.744 0.193 0.000 0.762 0.217 0.002 m19
#box: 0.437 0.157 0.000 0.446 0.190 0.002 m6
#box: 0.068 0.183 0.000 0.101 0.220 0.002 m20
#box: 0.442 0.169 0.000 0.459 0.217 0.002 m17
#box: 0.012 0.216 0.000 0.019 0.248 0.002 m3
#box: 1.070 0.109 0.000 1.098 0.151 0.002 m5
#box: 0.158 0.154 0.000 0.171 0.198 0.002 m13
#box: 0.504 0.207 0.000 0.540 0.248 0.002 m2
#box: 0.976 0.142 0.000 1.012 0.162 0.002 m3
#box: 0.920 0.152 0.000 0.958 0.194 0.002 m15
#box: 0.283 0.152 0.000 0.323 0.172 0.002 m17
#box: 1.008 0.193 0.000 1.045 0.243 0.002 m4
#box: 0.066 0.219 0.000 0.078 0.241 0.002 m15
#box: 0.578 0.109 0.000 0.583 0.150 0.002 m12
#box: 0.599 0.149 0.000 0.633 0.185 0.002 m4
#box: 0.280 0.172 0.000 0.287 0.207 0.002 m19
#box: 1.022 0.223 0.000 1.051 0.249 0.002 m2
#box: 0.227 0.192 0.000 0.264 0.233 0.002 m10
#box: 0.822 0.194 0.000 0.838 0.233 0.002 m18
#box: 0.827 0.212 0.000 0.846 0.247 0.002 m14
#box: 0.883 0.168 0.000 0.922 0.188 0.002 m12
#box: 0.578 0.105 0.000 0.586 0.150 0.002 m15
#box: 0.434 0.177 0.000 0.457 0.197 0.002 m1
#box: 0.390 0.173 0.000 0.407 0.218 0.002 m16
#box: 0.476 0.148 0.000 0.513 0.198 0.002 m20
#box: 0.744 0.153 0.000 0.783 0.178 0.002 m2
#box: 0.770 0.158 0.000 0.795 0.196 0.002 m9
#box: 1.056 0.159 0.000 1.088 0.186 0.002 m4
#box: 0.501 0.223 0.000 0.529 0.250 0.002 m9
#box: 0.922 0.146 0.000 0.944 0.166 0.002 m9
#box: 0.018 0.164 0.000 0.052 0.204 0.002 m15
#box: 0.375 0.166 0.000 0.388 0.207 0.002 m15
#box: 0.506 0.207 0.000 0.542 0.235 0.002 m14
#box: 0.154 0.155 0.000 0.182 0.194 0.002 m5
#box: 0.740 0.135 0.000 0.778 0.162 0.002 m2
#box: 0.974 0.130 0.000 0.982 0.154 0.002 m10
#box: 0.540 0.150 0.000 0.544 0.188 0.002 m11
#box: 0.739 0.217 0.000 0.764 0.247 0.002 m1
#box: 0.174 0.201 0.000 0.189 0.240 0.002 m9
#box: 0.736 0.121 0.000 0.769 0.152 0.002 m4
#box: 0.374 0.154 0.000 0.386 0.198 0.002 m11
#box: 0.471 0.126 0.000 0.493 0.170 0.002 m15
#box: 0.716 0.205 0.000 0.730 0.234 0.002 m2
#box: 0.674 0.200 0.000 0.685 0.232 0.002 m3
#box: 0.610 0.205 0.000 0.639 0.243 0.002 m7
#box: 0.061 0.128 0.000 0.091 0.174 0.002 m16
#box: 0.052 0.213 0.000 0.057 0.238 0.002 m5
#box: 1.021 0.159 0.000 1.036 0.206 0.002 m16
#box: 0.515 0.119 0.000 0.538 0.166 0.002 m8
#box: 0.953 0.134 0.000 0.960 0.174 0.002 m17
#box: 0.381 0.164 0.000 0.400 0.194 0.002 m7
#box: 0.523 0.160 0.000 0.561 0.193 0.002 m11
#box: 0.984 0.213 0.000 1.001 0.250 0.002 m20
#box: 0.564 0.199 0.000 0.573 0.244 0.002 m20
#box: 0.488 0.136 0.000 0.499 0.165 0.002 m19
#box: 0.961 0.173 0.000 0.995 0.198 0.002 m1
#box: 0.079 0.196 0.000 0.091 0.232 0.002 m15
#box: 0.173 0.140 0.000 0.206 0.184 0.002 m18
#box: 0.528 0.152 0.000 0.536 0.200 0.002 m18
#box: 1.021 0.154 0.000 1.056 0.201 0.002 m14
#box: 0.485 0.191 0.000 0.494 0.233 0.002 m15
#box: 0.690 0.215 0.000 0.717 0.242 0.002 m10
#box: 1.028 0.203 0.000 1.040 0.233 0.002 m20
#box: 1.014 0.151 0.000 1.054 0.175 0.002 m20
#box: 0.171 0.192 0.000 0.201 0.224 0.002 m5
#box: 0.689 0.136 0.000 0.707 0.176 0.002 m5
#box: 0.418 0.167 0.000 0.444 0.209 0.002 m19
#box: 0.429 0.204 0.000 0.448 0.233 0.002 m6
#box: 0.676 0.144 0.000 0.698 0.165 0.002 m1
#box: 0.840 0.158 0.000 0.854 0.195 0.002 m14
#box: 1.053 0.206 0.000 1.071 0.238 0.002 m17
#box: 0.048 0.136 0.000 0.063 0.185 0.002 m19
#box: 0.356 0.133 0.000 0.394 0.165 0.002 m16
#box: 0.490 0.120 0.000 0.521 0.150 0.002 m7
#box: 1.099 0.140 0.000 1.122 0.180 0.002 m14
#box: 0.553 0.131 0.000 0.570 0.153 0.002 m8
#box: 0.157 0.141 0.000 0.171 0.170 0.002 m1
#box: 0.434 0.220 0.000 0.469 0.249 0.002 m15
#box: 0.252 0.131 0.000 0.283 0.168 0.002 m13
#box: 1.041 0.136 0.000 1.066 0.163 0.002 m5
#box: 0.777 0.126 0.000 0.794 0.172 0.002 m2
#box: 0.794 0.175 0.000 0.804 0.215 0.002 m17
#box: 0.458 0.197 0.000 0.480 0.235 0.002 m6
#box: 0.007 0.142 0.000 0.024 0.172 0.002 m16
#box: 0.598 0.178 0.000 0.609 0.206 0.002 m4
#box: 0.643 0.156 0.000 0.669 0.202 0.002 m8
#box: 1.004 0.170 0.000 1.027 0.218 0.002 m2
#box: 0.673 0.226 0.000 0.701 0.248 0.002 m12
#box: 1.031 0.180 0.000 1.048 0.230 0.002 m10
#box: 0.314 0.165 0.000 0.351 0.193 0.002 m7
#box: 0.694 0.169 0.000 0.700 0.189 0.002 m3
#box: 0.220 0.151 0.000 0.246 0.193 0.002 m17
#box: 0.864 0.144 0.000 0.893 0.174 0.002 m13
#box: 0.709 0.168 0.000 0.748 0.216 0.002 m17
#box: 0.309 0.156 0.000 0.333 0.196 0.002 m6
#box: 0.542 0.173 0.000 0.562 0.196 0.002 m5
#box: 0.081 0.128 0.000 0.096 0.154 0.002 m16
#box: 0.899 0.109 0.000 0.903 0.153 0.002 m9
#box: 0.108 0.169 0.000 0.141 0.193 0.002 m17
#box: 0.586 0.122 0.000 0.603 0.150 0.002 m5
#box: 0.354 0.177 0.000 0.384 0.198 0.002 m19
#box: 0.434 0.227 0.000 0.439 0.249 0.002 m1
#box: 0.888 0.178 0.000 0.915 0.228 0.002 m17
#box: 0.489 0.152 0.000 0.512 0.173 0.002 m15
#box: 0.243 0.125 0.000 0.250 0.170 0.002 m7
#box: 0.558 0.147 0.000 0.562 0.190 0.002 m12
#box: 0.001 0.116 0.000 0.009 0.161 0.002 m13
#box: 0.488 0.110 0.000 0.494 0.155 0.002 m9
#box: 0.004 0.138 0.000 0.016 0.186 0.002 m8
#box: 0.223 0.132 0.000 0.230 0.167 0.002 m17
#box: 0.376 0.198 0.000 0.380 0.235 0.002 m3
#box: 1.025 0.214 0.000 1.040 0.247 0.002 m9
#box: 0.955 0.161 0.000 0.982 0.181 0.002 m3
#box: 0.987 0.155 0.000 1.020 0.175 0.002 m5
#box: 1.005 0.169 0.000 1.018 0.203 0.002 m16
#box: 0.915 0.127 0.000 0.920 0.165 0.002 m12
#box: 0.426 0.203 0.000 0.441 0.240 0.002 m20
#box: 0.347 0.147 0.000 0.367 0.197 0.002 m17
#box: 0.220 0.123 0.000 0.253 0.159 0.002 m17
#box: 1.082 0.225 0.000 1.091 0.246 0.002 m3
#box: 0.917 0.137 0.000 0.932 0.181 0.002 m20
#box: 0.687 0.169 0.000 0.707 0.197 0.002 m14
#box: 0.788 0.105 0.000 0.810 0.153 0.002 m7
#box: 0.248 0.135 0.000 0.271 0.172 0.002 m20
#box: 0.039 0.198 0.000 0.064 0.248 0.002 m1
#box: 0.745 0.144 0.000 0.763 0.165 0.002 m18
#box: 0.470 0.162 0.000 0.501 0.188 0.002 m7
#box: 1.077 0.146 0.000 1.113 0.169 0.002 m14
#box: 0.168 0.172 0.000 0.197 0.193 0.002 m7
#box: 0.166 0.121 0.000 0.196 0.167 0.002 m15
#box: 0.322 0.120 0.000 0.334 0.150 0.002 m20
#box: 0.779 0.125 0.000 0.790 0.158 0.002 m19
#box: 1.067 0.220 0.000 1.080 0.248 0.002 m12
#box: 0.747 0.126 0.000 0.785 0.162 0.002 m11
#box: 0.197 0.116 0.000 0.210 0.158 0.002 m14
#box: 0.541 0.139 0.000 0.555 0.167 0.002 m2
#box: 1.032 0.172 0.000 1.036 0.214 0.002 m19
#box: 0.544 0.139 0.000 0.559 0.174 0.002 m4
#box: 0.382 0.191 0.000 0.405 0.215 0.002 m11
#box: 0.849 0.216 0.000 0.881 0.236 0.002 m6
#box: 0.841 0.156 0.000 0.851 0.183 0.002 m6
#box: 1.085 0.182 0.000 1.112 0.225 0.002 m8
#box: 0.060 0.147 0.000 0.090 0.172 0.002 m6
#box: 0.068 0.157 0.000 0.080 0.180 0.002 m6
#box: 0.905 0.203 0.000 0.926 0.232 0.002 m10
#box: 0.601 0.169 0.000 0.620 0.201 0.002 m5
#box: 0.994 0.167 0.000 1.024 0.210 0.002 m13
#box: 0.157 0.223 0.000 0.168 0.244 0.002 m10
#box: 0.418 0.179 0.000 0.444 0.213 0.002 m7
#box: 0.187 0.215 0.000 0.211 0.244 0.002 m19
#box: 0.276 0.199 0.000 0.314 0.228 0.002 m15
#box: 0.155 0.170 0.000 0.170 0.200 0.002 m3
#box: 0.207 0.174 0.000 0.214 0.203 0.002 m11
#box: 0.281 0.131 0.000 0.290 0.166 0.002 m17
#box: 0.437 0.208 0.000 0.462 0.230 0.002 m11
#box: 1.085 0.178 0.000 1.116 0.227 0.002 m13
#box: 0.144 0.154 0.000 0.159 0.201 0.002 m17
#box: 0.138 0.135 0.000 0.162 0.163 0.002 m2
#box: 0.942 0.208 0.000 0.961 0.250 0.002 m8
#box: 0.928 0.110 0.000 0.935 0.156 0.002 m8
#box: 0.324 0.134 0.000 0.332 0.156 0.002 m10
#box: 0.700 0.203 0.000 0.717 0.231 0.002 m4
#box: 0.863 0.155 0.000 0.899 0.200 0.002 m12
#box: 0.320 0.163 0.000 0.343 0.188 0.002 m8
#box: 0.746 0.116 0.000 0.770 0.164 0.002 m15
#box: 0.976 0.171 0.000 1.011 0.197 0.002 m20
#box: 0.506 0.191 0.000 0.515 0.237 0.002 m11
#box: 0.472 0.201 0.000 0.482 0.225 0.002 m5
#box: 0.734 0.179 0.000 0.753 0.205 0.002 m10
#box: 1.094 0.119 0.000 1.117 0.169 0.002 m7
#box: 1.077 0.115 0.000 1.114 0.164 0.002 m18
#box: 0.804 0.167 0.000 0.839 0.212 0.002 m6
#box: 0.217 0.205 0.000 0.234 0.248 0.002 m7
