testingplz 
#domain: 1.200 0.300 0.002 
#dx_dy_dz: 0.002 0.002 0.002 
#time_window: 5.000000e-09 

#excitation_file: mala_source_modified.txt 
#hertzian_dipole: z 0.080 0.250 0 mala_source 
#rx: 0.120 0.250 0.000 
#src_steps: 0.002 0.000 0.000 
#rx_steps: 0.002 0.000 0.000 

#material: 5.000 0.220 1.000 0.000 concrete
#material: 1.000 0.000 1.000 0.000 air
#material: 80.000 0.500 1.000 0.000 water

#material: 1.000 0.000 1.000 0.000 m1
#material: 2.000 0.000 1.000 0.000 m2
#material: 3.000 0.000 1.000 0.000 m3
#material: 4.000 0.000 1.000 0.000 m4
#material: 5.000 0.000 1.000 0.000 m5
#material: 6.000 0.000 1.000 0.000 m6
#material: 7.000 0.000 1.000 0.000 m7
#material: 8.000 0.000 1.000 0.000 m8
#material: 9.000 0.000 1.000 0.000 m9
#material: 10.000 0.000 1.000 0.000 m10
#material: 11.000 0.000 1.000 0.000 m11
#material: 12.000 0.000 1.000 0.000 m12
#material: 13.000 0.000 1.000 0.000 m13
#material: 14.000 0.000 1.000 0.000 m14
#material: 15.000 0.000 1.000 0.000 m15
#material: 16.000 0.000 1.000 0.000 m16
#material: 17.000 0.000 1.000 0.000 m17
#material: 18.000 0.000 1.000 0.000 m18
#material: 19.000 0.000 1.000 0.000 m19
#material: 20.000 0.000 1.000 0.000 m20

#box: 0.000 0.000 0.000 1.200 0.250 0.002 concrete

#box: 0.067 0.188 0.000 0.080 0.218 0.002 m16
#box: 0.030 0.122 0.000 0.054 0.160 0.002 m8
#box: 0.461 0.138 0.000 0.482 0.169 0.002 m6
#box: 0.362 0.143 0.000 0.381 0.183 0.002 m3
#box: 0.404 0.149 0.000 0.428 0.180 0.002 m12
#box: 0.851 0.134 0.000 0.856 0.166 0.002 m11
#box: 0.853 0.144 0.000 0.863 0.166 0.002 m4
#box: 1.010 0.220 0.000 1.038 0.241 0.002 m5
#box: 0.359 0.207 0.000 0.373 0.238 0.002 m6
#box: 0.451 0.164 0.000 0.475 0.209 0.002 m3
#box: 0.878 0.200 0.000 0.883 0.249 0.002 m12
#box: 0.770 0.168 0.000 0.774 0.213 0.002 m1
#box: 0.470 0.161 0.000 0.506 0.188 0.002 m9
#box: 0.384 0.189 0.000 0.396 0.231 0.002 m12
#box: 1.079 0.139 0.000 1.110 0.183 0.002 m12
#box: 0.749 0.133 0.000 0.755 0.164 0.002 m12
#box: 0.369 0.173 0.000 0.398 0.216 0.002 m18
#box: 0.926 0.192 0.000 0.959 0.217 0.002 m10
#box: 0.299 0.162 0.000 0.332 0.194 0.002 m11
#box: 0.496 0.115 0.000 0.521 0.157 0.002 m6
#box: 0.033 0.183 0.000 0.055 0.229 0.002 m2
#box: 1.084 0.172 0.000 1.113 0.204 0.002 m9
#box: 0.431 0.198 0.000 0.464 0.239 0.002 m4
#box: 0.639 0.176 0.000 0.645 0.196 0.002 m5
#box: 0.368 0.213 0.000 0.382 0.242 0.002 m12
#box: 0.727 0.158 0.000 0.761 0.188 0.002 m19
#box: 0.876 0.132 0.000 0.900 0.165 0.002 m2
#box: 0.849 0.158 0.000 0.883 0.199 0.002 m15
#box: 0.591 0.106 0.000 0.601 0.154 0.002 m19
#box: 0.994 0.218 0.000 1.017 0.244 0.002 m19
#box: 0.022 0.154 0.000 0.039 0.200 0.002 m12
#box: 0.522 0.195 0.000 0.547 0.244 0.002 m4
#box: 0.840 0.123 0.000 0.869 0.162 0.002 m2
#box: 0.556 0.176 0.000 0.583 0.217 0.002 m19
#box: 0.196 0.180 0.000 0.215 0.201 0.002 m18
#box: 0.359 0.197 0.000 0.364 0.238 0.002 m8
#box: 0.799 0.153 0.000 0.830 0.199 0.002 m14
#box: 0.268 0.162 0.000 0.279 0.195 0.002 m6
#box: 0.587 0.189 0.000 0.616 0.209 0.002 m13
#box: 0.061 0.199 0.000 0.084 0.233 0.002 m4
#box: 1.012 0.133 0.000 1.024 0.155 0.002 m6
#box: 0.528 0.110 0.000 0.558 0.159 0.002 m9
#box: 0.086 0.124 0.000 0.096 0.154 0.002 m16
#box: 0.987 0.154 0.000 1.014 0.187 0.002 m20
#box: 0.613 0.140 0.000 0.653 0.181 0.002 m3
#box: 0.523 0.149 0.000 0.532 0.179 0.002 m1
#box: 0.959 0.148 0.000 0.968 0.185 0.002 m17
#box: 0.017 0.206 0.000 0.023 0.236 0.002 m5
#box: 0.231 0.110 0.000 0.270 0.160 0.002 m4
#box: 0.973 0.178 0.000 0.994 0.206 0.002 m9
#box: 0.173 0.170 0.000 0.181 0.206 0.002 m7
#box: 0.375 0.135 0.000 0.391 0.162 0.002 m13
#box: 0.452 0.208 0.000 0.459 0.246 0.002 m4
#box: 0.452 0.138 0.000 0.471 0.174 0.002 m14
#box: 0.228 0.120 0.000 0.268 0.162 0.002 m17
#box: 0.904 0.213 0.000 0.926 0.233 0.002 m13
#box: 0.950 0.162 0.000 0.977 0.204 0.002 m15
#box: 0.732 0.175 0.000 0.762 0.196 0.002 m2
#box: 0.952 0.131 0.000 0.965 0.176 0.002 m16
#box: 1.087 0.197 0.000 1.091 0.242 0.002 m5
#box: 0.420 0.147 0.000 0.437 0.193 0.002 m14
#box: 0.841 0.214 0.000 0.880 0.234 0.002 m1
#box: 0.302 0.221 0.000 0.309 0.245 0.002 m8
#box: 0.562 0.128 0.000 0.568 0.175 0.002 m5
#box: 0.181 0.190 0.000 0.190 0.233 0.002 m7
#box: 0.893 0.148 0.000 0.911 0.180 0.002 m7
#box: 0.453 0.175 0.000 0.493 0.213 0.002 m8
#box: 0.997 0.148 0.000 1.010 0.181 0.002 m14
#box: 0.315 0.195 0.000 0.322 0.225 0.002 m18
#box: 0.272 0.186 0.000 0.291 0.222 0.002 m3
#box: 0.477 0.215 0.000 0.490 0.242 0.002 m9
#box: 0.374 0.159 0.000 0.397 0.196 0.002 m10
#box: 0.651 0.159 0.000 0.691 0.192 0.002 m2
#box: 1.038 0.136 0.000 1.067 0.167 0.002 m14
#box: 0.844 0.135 0.000 0.861 0.162 0.002 m13
#box: 0.581 0.174 0.000 0.618 0.206 0.002 m9
#box: 0.403 0.139 0.000 0.412 0.168 0.002 m7
#box: 0.919 0.197 0.000 0.941 0.241 0.002 m14
#box: 0.298 0.135 0.000 0.306 0.182 0.002 m6
#box: 0.285 0.220 0.000 0.320 0.241 0.002 m18
#box: 0.689 0.219 0.000 0.726 0.240 0.002 m11
#box: 0.918 0.204 0.000 0.924 0.249 0.002 m5
#box: 0.843 0.186 0.000 0.876 0.206 0.002 m14
#box: 0.462 0.134 0.000 0.466 0.159 0.002 m14
#box: 0.850 0.173 0.000 0.864 0.196 0.002 m11
#box: 0.383 0.203 0.000 0.388 0.247 0.002 m2
#box: 0.628 0.157 0.000 0.640 0.183 0.002 m4
#box: 0.054 0.143 0.000 0.065 0.192 0.002 m13
#box: 0.002 0.159 0.000 0.021 0.208 0.002 m4
#box: 0.613 0.145 0.000 0.637 0.170 0.002 m2
#box: 0.252 0.172 0.000 0.279 0.216 0.002 m10
#box: 0.749 0.184 0.000 0.762 0.208 0.002 m7
#box: 0.279 0.125 0.000 0.294 0.159 0.002 m20
#box: 0.121 0.139 0.000 0.132 0.161 0.002 m5
#box: 0.568 0.143 0.000 0.592 0.172 0.002 m1
#box: 0.988 0.146 0.000 1.028 0.173 0.002 m15
#box: 0.434 0.177 0.000 0.471 0.220 0.002 m18
#box: 0.739 0.192 0.000 0.762 0.240 0.002 m15
#box: 0.557 0.167 0.000 0.587 0.197 0.002 m5
#box: 1.055 0.164 0.000 1.082 0.187 0.002 m14
#box: 0.649 0.192 0.000 0.676 0.218 0.002 m9
#box: 0.251 0.221 0.000 0.267 0.245 0.002 m7
#box: 0.994 0.168 0.000 1.010 0.194 0.002 m4
#box: 0.934 0.220 0.000 0.951 0.242 0.002 m2
#box: 0.824 0.146 0.000 0.836 0.189 0.002 m20
#box: 0.572 0.206 0.000 0.579 0.243 0.002 m10
#box: 0.676 0.157 0.000 0.696 0.206 0.002 m8
#box: 0.694 0.136 0.000 0.723 0.163 0.002 m12
#box: 0.544 0.190 0.000 0.562 0.226 0.002 m13
#box: 0.498 0.175 0.000 0.513 0.224 0.002 m7
#box: 0.784 0.191 0.000 0.791 0.236 0.002 m5
#box: 0.196 0.179 0.000 0.231 0.208 0.002 m5
#box: 0.835 0.148 0.000 0.855 0.186 0.002 m6
#box: 0.213 0.191 0.000 0.252 0.241 0.002 m17
#box: 0.658 0.154 0.000 0.690 0.178 0.002 m1
#box: 0.672 0.141 0.000 0.699 0.187 0.002 m14
#box: 0.571 0.169 0.000 0.603 0.216 0.002 m11
#box: 0.422 0.190 0.000 0.430 0.224 0.002 m19
#box: 0.695 0.151 0.000 0.719 0.190 0.002 m8
#box: 0.919 0.201 0.000 0.941 0.249 0.002 m16
#box: 0.817 0.223 0.000 0.846 0.244 0.002 m8
#box: 0.845 0.154 0.000 0.852 0.187 0.002 m18
#box: 0.751 0.144 0.000 0.791 0.169 0.002 m1
#box: 0.432 0.121 0.000 0.472 0.169 0.002 m4
#box: 0.687 0.133 0.000 0.700 0.155 0.002 m19
#box: 0.667 0.180 0.000 0.685 0.224 0.002 m14
#box: 0.817 0.192 0.000 0.846 0.217 0.002 m16
#box: 0.898 0.199 0.000 0.905 0.227 0.002 m18
#box: 0.306 0.210 0.000 0.310 0.244 0.002 m11
#box: 0.587 0.139 0.000 0.618 0.171 0.002 m7
#box: 1.033 0.180 0.000 1.072 0.218 0.002 m7
#box: 0.471 0.138 0.000 0.511 0.178 0.002 m7
#box: 0.969 0.153 0.000 1.006 0.185 0.002 m7
#box: 0.949 0.145 0.000 0.958 0.168 0.002 m16
#box: 0.624 0.155 0.000 0.653 0.183 0.002 m18
#box: 0.214 0.182 0.000 0.238 0.231 0.002 m9
#box: 1.025 0.181 0.000 1.053 0.216 0.002 m7
#box: 0.199 0.201 0.000 0.236 0.236 0.002 m14
#box: 0.026 0.127 0.000 0.042 0.155 0.002 m10
#box: 0.696 0.196 0.000 0.706 0.218 0.002 m18
#box: 0.532 0.142 0.000 0.548 0.173 0.002 m13
#box: 0.301 0.134 0.000 0.317 0.168 0.002 m7
#box: 0.910 0.171 0.000 0.923 0.196 0.002 m1
#box: 0.704 0.137 0.000 0.730 0.166 0.002 m2
#box: 0.577 0.154 0.000 0.609 0.188 0.002 m5
#box: 0.414 0.140 0.000 0.443 0.166 0.002 m18
#box: 0.735 0.160 0.000 0.769 0.206 0.002 m19
#box: 0.706 0.145 0.000 0.737 0.180 0.002 m10
#box: 1.079 0.143 0.000 1.097 0.177 0.002 m2
#box: 0.915 0.174 0.000 0.947 0.206 0.002 m10
#box: 0.517 0.187 0.000 0.532 0.226 0.002 m2
#box: 0.369 0.148 0.000 0.399 0.183 0.002 m5
#box: 0.134 0.212 0.000 0.144 0.247 0.002 m1
#box: 0.526 0.134 0.000 0.547 0.170 0.002 m2
#box: 0.304 0.182 0.000 0.337 0.221 0.002 m12
#box: 0.376 0.185 0.000 0.393 0.229 0.002 m9
#box: 1.006 0.143 0.000 1.016 0.192 0.002 m4
#box: 0.053 0.144 0.000 0.066 0.170 0.002 m3
#box: 0.167 0.176 0.000 0.173 0.197 0.002 m3
#box: 0.601 0.114 0.000 0.614 0.152 0.002 m17
#box: 0.923 0.128 0.000 0.957 0.172 0.002 m8
#box: 0.976 0.169 0.000 1.013 0.197 0.002 m16
#box: 0.070 0.146 0.000 0.092 0.172 0.002 m14
#box: 0.632 0.203 0.000 0.644 0.249 0.002 m15
#box: 0.706 0.187 0.000 0.716 0.230 0.002 m3
#box: 0.128 0.215 0.000 0.138 0.236 0.002 m18
#box: 0.161 0.193 0.000 0.197 0.237 0.002 m11
#box: 0.577 0.143 0.000 0.589 0.170 0.002 m15
#box: 0.464 0.162 0.000 0.493 0.191 0.002 m9
#box: 0.463 0.180 0.000 0.485 0.220 0.002 m17
#box: 0.287 0.159 0.000 0.320 0.185 0.002 m11
#box: 0.685 0.206 0.000 0.708 0.243 0.002 m15
#box: 0.066 0.183 0.000 0.073 0.222 0.002 m2
#box: 0.078 0.166 0.000 0.085 0.215 0.002 m4
#box: 1.061 0.182 0.000 1.083 0.230 0.002 m19
#box: 0.374 0.158 0.000 0.402 0.189 0.002 m18
#box: 1.030 0.145 0.000 1.057 0.175 0.002 m9
#box: 0.226 0.190 0.000 0.260 0.226 0.002 m1
#box: 0.170 0.141 0.000 0.176 0.177 0.002 m1
#box: 0.017 0.141 0.000 0.040 0.164 0.002 m9
#box: 0.115 0.161 0.000 0.122 0.209 0.002 m13
#box: 1.072 0.114 0.000 1.087 0.162 0.002 m10
#box: 0.164 0.115 0.000 0.202 0.150 0.002 m5
#box: 0.233 0.164 0.000 0.271 0.204 0.002 m2
#box: 0.375 0.105 0.000 0.385 0.151 0.002 m14
#box: 0.828 0.225 0.000 0.853 0.247 0.002 m13
#box: 0.285 0.186 0.000 0.307 0.213 0.002 m6
#box: 0.785 0.171 0.000 0.824 0.206 0.002 m17
#box: 1.097 0.209 0.000 1.129 0.245 0.002 m8
#box: 0.993 0.162 0.000 1.006 0.190 0.002 m3
#box: 0.864 0.149 0.000 0.869 0.190 0.002 m8
#box: 0.785 0.103 0.000 0.799 0.151 0.002 m5
#box: 1.067 0.152 0.000 1.085 0.185 0.002 m2
#box: 0.165 0.210 0.000 0.196 0.235 0.002 m1
#box: 0.239 0.144 0.000 0.264 0.169 0.002 m20
#box: 0.621 0.168 0.000 0.646 0.210 0.002 m13
#box: 1.018 0.144 0.000 1.053 0.165 0.002 m6
#box: 0.753 0.182 0.000 0.783 0.204 0.002 m18
#box: 1.024 0.146 0.000 1.038 0.175 0.002 m8
#box: 0.323 0.228 0.000 0.342 0.248 0.002 m19
