testingplz 
#domain: 1.200 0.300 0.002 
#dx_dy_dz: 0.002 0.002 0.002 
#time_window: 5.000000e-09 

#excitation_file: mala_source_modified.txt 
#hertzian_dipole: z 0.080 0.250 0 mala_source 
#rx: 0.120 0.250 0.000 
#src_steps: 0.002 0.000 0.000 
#rx_steps: 0.002 0.000 0.000 

#material: 5.000 0.220 1.000 0.000 concrete
#material: 1.000 0.000 1.000 0.000 air
#material: 80.000 0.500 1.000 0.000 water

#material: 1.000 0.000 1.000 0.000 m1
#material: 2.000 0.000 1.000 0.000 m2
#material: 3.000 0.000 1.000 0.000 m3
#material: 4.000 0.000 1.000 0.000 m4
#material: 5.000 0.000 1.000 0.000 m5
#material: 6.000 0.000 1.000 0.000 m6
#material: 7.000 0.000 1.000 0.000 m7
#material: 8.000 0.000 1.000 0.000 m8
#material: 9.000 0.000 1.000 0.000 m9
#material: 10.000 0.000 1.000 0.000 m10
#material: 11.000 0.000 1.000 0.000 m11
#material: 12.000 0.000 1.000 0.000 m12
#material: 13.000 0.000 1.000 0.000 m13
#material: 14.000 0.000 1.000 0.000 m14
#material: 15.000 0.000 1.000 0.000 m15
#material: 16.000 0.000 1.000 0.000 m16
#material: 17.000 0.000 1.000 0.000 m17
#material: 18.000 0.000 1.000 0.000 m18
#material: 19.000 0.000 1.000 0.000 m19
#material: 20.000 0.000 1.000 0.000 m20

#box: 0.000 0.000 0.000 1.200 0.250 0.002 concrete

#box: 0.178 0.211 0.000 0.196 0.237 0.002 m11
#box: 0.527 0.214 0.000 0.536 0.243 0.002 m10
#box: 1.001 0.122 0.000 1.018 0.157 0.002 m16
#box: 1.022 0.147 0.000 1.056 0.193 0.002 m16
#box: 0.311 0.187 0.000 0.317 0.233 0.002 m6
#box: 0.530 0.155 0.000 0.535 0.178 0.002 m1
#box: 0.886 0.181 0.000 0.925 0.201 0.002 m12
#box: 0.650 0.179 0.000 0.685 0.222 0.002 m12
#box: 0.138 0.140 0.000 0.143 0.187 0.002 m5
#box: 0.237 0.171 0.000 0.267 0.213 0.002 m10
#box: 0.779 0.171 0.000 0.796 0.197 0.002 m18
#box: 1.089 0.142 0.000 1.093 0.186 0.002 m6
#box: 0.342 0.161 0.000 0.355 0.181 0.002 m18
#box: 0.722 0.200 0.000 0.735 0.234 0.002 m17
#box: 0.243 0.180 0.000 0.267 0.220 0.002 m3
#box: 0.608 0.214 0.000 0.630 0.239 0.002 m8
#box: 0.137 0.183 0.000 0.148 0.229 0.002 m6
#box: 0.677 0.188 0.000 0.713 0.223 0.002 m5
#box: 0.546 0.201 0.000 0.562 0.225 0.002 m7
#box: 1.019 0.161 0.000 1.023 0.207 0.002 m1
#box: 0.720 0.163 0.000 0.751 0.202 0.002 m4
#box: 0.966 0.213 0.000 0.991 0.250 0.002 m1
#box: 0.494 0.197 0.000 0.512 0.227 0.002 m10
#box: 1.096 0.156 0.000 1.108 0.185 0.002 m3
#box: 0.662 0.137 0.000 0.702 0.184 0.002 m2
#box: 0.272 0.138 0.000 0.294 0.184 0.002 m10
#box: 0.836 0.189 0.000 0.849 0.220 0.002 m2
#box: 0.551 0.163 0.000 0.565 0.200 0.002 m4
#box: 0.863 0.134 0.000 0.868 0.173 0.002 m18
#box: 0.575 0.144 0.000 0.612 0.186 0.002 m10
#box: 0.393 0.192 0.000 0.414 0.226 0.002 m8
#box: 0.009 0.185 0.000 0.033 0.227 0.002 m19
#box: 0.776 0.196 0.000 0.793 0.246 0.002 m15
#box: 0.305 0.124 0.000 0.337 0.165 0.002 m1
#box: 0.103 0.210 0.000 0.116 0.244 0.002 m16
#box: 0.716 0.148 0.000 0.739 0.179 0.002 m20
#box: 0.537 0.156 0.000 0.550 0.202 0.002 m3
#box: 0.174 0.211 0.000 0.191 0.241 0.002 m17
#box: 0.495 0.122 0.000 0.529 0.156 0.002 m7
#box: 0.745 0.121 0.000 0.762 0.158 0.002 m4
#box: 0.964 0.185 0.000 0.970 0.234 0.002 m16
#box: 1.003 0.183 0.000 1.012 0.204 0.002 m18
#box: 0.664 0.187 0.000 0.690 0.219 0.002 m4
#box: 1.060 0.131 0.000 1.086 0.159 0.002 m5
#box: 0.509 0.167 0.000 0.513 0.216 0.002 m4
#box: 0.501 0.181 0.000 0.532 0.209 0.002 m20
#box: 0.592 0.212 0.000 0.614 0.237 0.002 m14
#box: 0.670 0.163 0.000 0.678 0.196 0.002 m17
#box: 0.866 0.184 0.000 0.872 0.220 0.002 m14
#box: 0.822 0.173 0.000 0.840 0.207 0.002 m16
#box: 0.712 0.148 0.000 0.716 0.194 0.002 m1
#box: 0.196 0.161 0.000 0.202 0.197 0.002 m15
#box: 0.609 0.198 0.000 0.648 0.237 0.002 m19
#box: 0.829 0.182 0.000 0.867 0.231 0.002 m3
#box: 0.351 0.179 0.000 0.387 0.208 0.002 m10
#box: 0.543 0.137 0.000 0.571 0.164 0.002 m6
#box: 0.725 0.171 0.000 0.757 0.204 0.002 m7
#box: 0.656 0.175 0.000 0.695 0.206 0.002 m18
#box: 0.283 0.174 0.000 0.318 0.200 0.002 m2
#box: 0.504 0.171 0.000 0.532 0.193 0.002 m1
#box: 0.294 0.147 0.000 0.327 0.170 0.002 m18
#box: 0.402 0.164 0.000 0.434 0.205 0.002 m17
#box: 0.577 0.150 0.000 0.584 0.192 0.002 m2
#box: 0.441 0.121 0.000 0.478 0.165 0.002 m2
#box: 0.372 0.189 0.000 0.402 0.214 0.002 m2
#box: 0.677 0.188 0.000 0.708 0.218 0.002 m8
#box: 0.034 0.206 0.000 0.040 0.246 0.002 m15
#box: 0.432 0.167 0.000 0.447 0.215 0.002 m4
#box: 0.352 0.153 0.000 0.381 0.174 0.002 m13
#box: 0.325 0.153 0.000 0.356 0.196 0.002 m7
#box: 0.084 0.188 0.000 0.101 0.235 0.002 m16
#box: 1.007 0.196 0.000 1.022 0.226 0.002 m6
#box: 0.966 0.114 0.000 0.985 0.153 0.002 m3
#box: 0.818 0.157 0.000 0.834 0.207 0.002 m4
#box: 0.606 0.131 0.000 0.634 0.180 0.002 m18
#box: 0.719 0.170 0.000 0.746 0.212 0.002 m16
#box: 0.656 0.122 0.000 0.677 0.169 0.002 m1
#box: 0.402 0.175 0.000 0.418 0.205 0.002 m6
#box: 0.616 0.196 0.000 0.647 0.235 0.002 m3
#box: 0.145 0.182 0.000 0.174 0.214 0.002 m2
#box: 0.756 0.192 0.000 0.783 0.242 0.002 m17
#box: 0.437 0.139 0.000 0.472 0.169 0.002 m5
#box: 0.284 0.211 0.000 0.317 0.249 0.002 m18
#box: 0.714 0.164 0.000 0.724 0.198 0.002 m16
#box: 0.523 0.145 0.000 0.552 0.194 0.002 m4
#box: 0.475 0.204 0.000 0.486 0.250 0.002 m12
#box: 0.515 0.178 0.000 0.547 0.206 0.002 m6
#box: 0.279 0.164 0.000 0.299 0.211 0.002 m10
#box: 0.549 0.125 0.000 0.579 0.166 0.002 m6
#box: 0.334 0.205 0.000 0.370 0.244 0.002 m7
#box: 0.978 0.140 0.000 0.995 0.165 0.002 m5
#box: 0.400 0.181 0.000 0.423 0.214 0.002 m10
#box: 1.034 0.149 0.000 1.049 0.170 0.002 m9
#box: 1.029 0.164 0.000 1.066 0.191 0.002 m20
#box: 0.817 0.133 0.000 0.842 0.176 0.002 m3
#box: 0.756 0.178 0.000 0.789 0.215 0.002 m5
#box: 0.092 0.146 0.000 0.109 0.169 0.002 m14
#box: 0.406 0.165 0.000 0.412 0.214 0.002 m10
#box: 0.221 0.116 0.000 0.247 0.160 0.002 m1
#box: 0.101 0.177 0.000 0.119 0.206 0.002 m5
#box: 0.484 0.153 0.000 0.499 0.196 0.002 m12
#box: 1.046 0.206 0.000 1.068 0.226 0.002 m18
#box: 0.132 0.189 0.000 0.156 0.234 0.002 m16
#box: 0.813 0.158 0.000 0.827 0.204 0.002 m2
#box: 0.639 0.164 0.000 0.656 0.200 0.002 m10
#box: 0.460 0.120 0.000 0.471 0.150 0.002 m12
#box: 0.104 0.116 0.000 0.141 0.152 0.002 m4
#box: 0.556 0.183 0.000 0.565 0.219 0.002 m5
#box: 0.453 0.167 0.000 0.481 0.211 0.002 m11
#box: 0.552 0.218 0.000 0.582 0.243 0.002 m3
#box: 0.374 0.169 0.000 0.412 0.201 0.002 m17
#box: 1.037 0.190 0.000 1.074 0.238 0.002 m8
#box: 0.784 0.170 0.000 0.791 0.201 0.002 m19
#box: 1.091 0.177 0.000 1.107 0.200 0.002 m13
#box: 0.944 0.107 0.000 0.965 0.156 0.002 m1
#box: 0.645 0.165 0.000 0.663 0.211 0.002 m14
#box: 0.568 0.207 0.000 0.607 0.243 0.002 m7
#box: 0.321 0.184 0.000 0.343 0.211 0.002 m11
#box: 0.474 0.173 0.000 0.506 0.204 0.002 m19
#box: 0.365 0.201 0.000 0.389 0.248 0.002 m2
#box: 0.711 0.182 0.000 0.729 0.211 0.002 m7
#box: 0.077 0.122 0.000 0.086 0.158 0.002 m11
#box: 0.634 0.111 0.000 0.670 0.156 0.002 m14
#box: 0.961 0.174 0.000 0.993 0.217 0.002 m8
#box: 0.636 0.170 0.000 0.675 0.205 0.002 m11
#box: 0.888 0.178 0.000 0.923 0.210 0.002 m18
#box: 0.900 0.191 0.000 0.933 0.230 0.002 m5
#box: 0.177 0.179 0.000 0.211 0.228 0.002 m17
#box: 0.391 0.131 0.000 0.427 0.152 0.002 m1
#box: 1.031 0.184 0.000 1.050 0.218 0.002 m3
#box: 0.632 0.161 0.000 0.648 0.198 0.002 m4
#box: 0.443 0.112 0.000 0.476 0.157 0.002 m13
#box: 0.939 0.152 0.000 0.962 0.202 0.002 m3
#box: 0.121 0.181 0.000 0.153 0.228 0.002 m20
#box: 0.043 0.163 0.000 0.058 0.207 0.002 m3
#box: 0.659 0.151 0.000 0.694 0.194 0.002 m16
#box: 0.293 0.137 0.000 0.303 0.164 0.002 m12
#box: 0.475 0.158 0.000 0.510 0.178 0.002 m17
#box: 0.257 0.137 0.000 0.266 0.184 0.002 m7
#box: 0.557 0.196 0.000 0.571 0.244 0.002 m6
#box: 0.580 0.166 0.000 0.596 0.198 0.002 m7
#box: 0.627 0.174 0.000 0.651 0.207 0.002 m12
#box: 0.348 0.172 0.000 0.386 0.202 0.002 m5
#box: 0.062 0.187 0.000 0.066 0.217 0.002 m20
#box: 0.311 0.204 0.000 0.325 0.239 0.002 m6
#box: 0.360 0.149 0.000 0.388 0.183 0.002 m9
#box: 0.693 0.187 0.000 0.731 0.215 0.002 m16
#box: 0.616 0.177 0.000 0.656 0.200 0.002 m16
#box: 0.610 0.150 0.000 0.614 0.188 0.002 m6
#box: 0.101 0.139 0.000 0.128 0.184 0.002 m2
#box: 0.857 0.108 0.000 0.876 0.150 0.002 m20
#box: 1.053 0.117 0.000 1.073 0.155 0.002 m11
#box: 1.087 0.165 0.000 1.098 0.196 0.002 m20
#box: 0.010 0.149 0.000 0.018 0.179 0.002 m19
#box: 0.187 0.162 0.000 0.223 0.191 0.002 m16
#box: 0.479 0.156 0.000 0.495 0.185 0.002 m13
#box: 0.831 0.120 0.000 0.855 0.159 0.002 m17
#box: 0.346 0.114 0.000 0.380 0.154 0.002 m6
#box: 0.162 0.190 0.000 0.167 0.222 0.002 m9
#box: 0.872 0.121 0.000 0.902 0.159 0.002 m12
#box: 1.077 0.157 0.000 1.090 0.204 0.002 m17
#box: 0.702 0.150 0.000 0.740 0.196 0.002 m10
#box: 0.608 0.147 0.000 0.618 0.190 0.002 m7
#box: 0.555 0.185 0.000 0.576 0.233 0.002 m3
#box: 0.019 0.171 0.000 0.053 0.217 0.002 m20
#box: 0.777 0.177 0.000 0.793 0.206 0.002 m4
#box: 0.995 0.158 0.000 1.005 0.199 0.002 m16
#box: 0.379 0.193 0.000 0.405 0.233 0.002 m12
#box: 0.935 0.210 0.000 0.974 0.247 0.002 m12
#box: 1.086 0.132 0.000 1.120 0.174 0.002 m7
#box: 0.486 0.169 0.000 0.503 0.211 0.002 m18
#box: 0.973 0.147 0.000 0.981 0.170 0.002 m2
#box: 0.271 0.189 0.000 0.281 0.227 0.002 m19
#box: 1.100 0.149 0.000 1.132 0.189 0.002 m19
#box: 0.412 0.207 0.000 0.440 0.236 0.002 m9
#box: 0.509 0.204 0.000 0.519 0.225 0.002 m5
#box: 0.226 0.118 0.000 0.248 0.164 0.002 m3
#box: 0.926 0.204 0.000 0.952 0.235 0.002 m8
#box: 0.308 0.189 0.000 0.342 0.228 0.002 m7
#box: 1.036 0.115 0.000 1.075 0.161 0.002 m1
#box: 0.943 0.140 0.000 0.959 0.184 0.002 m14
#box: 0.130 0.154 0.000 0.137 0.176 0.002 m5
#box: 0.695 0.155 0.000 0.705 0.187 0.002 m7
#box: 0.224 0.216 0.000 0.251 0.240 0.002 m9
#box: 1.090 0.138 0.000 1.114 0.159 0.002 m11
#box: 0.491 0.143 0.000 0.516 0.175 0.002 m20
#box: 0.272 0.197 0.000 0.296 0.240 0.002 m20
#box: 0.397 0.169 0.000 0.427 0.190 0.002 m2
#box: 0.791 0.180 0.000 0.807 0.230 0.002 m13
#box: 0.748 0.159 0.000 0.752 0.184 0.002 m5
#box: 0.811 0.134 0.000 0.822 0.170 0.002 m17
#box: 0.988 0.171 0.000 1.002 0.195 0.002 m18
#box: 0.318 0.167 0.000 0.329 0.191 0.002 m19
#box: 0.887 0.200 0.000 0.907 0.228 0.002 m12
#box: 0.073 0.175 0.000 0.105 0.197 0.002 m4
#box: 1.013 0.192 0.000 1.053 0.223 0.002 m13
#box: 0.232 0.217 0.000 0.267 0.240 0.002 m11
#box: 0.701 0.163 0.000 0.734 0.185 0.002 m6
#box: 0.597 0.123 0.000 0.619 0.156 0.002 m1
#box: 1.049 0.162 0.000 1.072 0.205 0.002 m13
