testingplz 
#domain: 1.200 0.300 0.002 
#dx_dy_dz: 0.002 0.002 0.002 
#time_window: 5.000000e-09 

#excitation_file: mala_source_modified.txt 
#hertzian_dipole: z 0.080 0.250 0 mala_source 
#rx: 0.120 0.250 0.000 
#src_steps: 0.002 0.000 0.000 
#rx_steps: 0.002 0.000 0.000 

#material: 5.000 0.220 1.000 0.000 concrete
#material: 1.000 0.000 1.000 0.000 air
#material: 80.000 0.500 1.000 0.000 water

#material: 1.000 0.000 1.000 0.000 m1
#material: 2.000 0.000 1.000 0.000 m2
#material: 3.000 0.000 1.000 0.000 m3
#material: 4.000 0.000 1.000 0.000 m4
#material: 5.000 0.000 1.000 0.000 m5
#material: 6.000 0.000 1.000 0.000 m6
#material: 7.000 0.000 1.000 0.000 m7
#material: 8.000 0.000 1.000 0.000 m8
#material: 9.000 0.000 1.000 0.000 m9
#material: 10.000 0.000 1.000 0.000 m10
#material: 11.000 0.000 1.000 0.000 m11
#material: 12.000 0.000 1.000 0.000 m12
#material: 13.000 0.000 1.000 0.000 m13
#material: 14.000 0.000 1.000 0.000 m14
#material: 15.000 0.000 1.000 0.000 m15
#material: 16.000 0.000 1.000 0.000 m16
#material: 17.000 0.000 1.000 0.000 m17
#material: 18.000 0.000 1.000 0.000 m18
#material: 19.000 0.000 1.000 0.000 m19
#material: 20.000 0.000 1.000 0.000 m20

#box: 0.000 0.000 0.000 1.200 0.250 0.002 concrete

#cylinder: 0.302 0.215 0.000 0.302 0.215 0.002 0.005 m3
#cylinder: 0.811 0.167 0.000 0.811 0.167 0.002 0.005 m13
#cylinder: 0.287 0.182 0.000 0.287 0.182 0.002 0.009 m3
#cylinder: 0.465 0.188 0.000 0.465 0.188 0.002 0.007 m7
#cylinder: 0.871 0.138 0.000 0.871 0.138 0.002 0.003 m4
#cylinder: 0.855 0.101 0.000 0.855 0.101 0.002 0.008 m8
#cylinder: 0.532 0.180 0.000 0.532 0.180 0.002 0.004 m8
#cylinder: 0.780 0.107 0.000 0.780 0.107 0.002 0.009 m17
#cylinder: 0.493 0.209 0.000 0.493 0.209 0.002 0.004 m14
#cylinder: 0.817 0.169 0.000 0.817 0.169 0.002 0.006 m1
#cylinder: 0.603 0.120 0.000 0.603 0.120 0.002 0.008 m5
#cylinder: 0.912 0.129 0.000 0.912 0.129 0.002 0.009 m15
#cylinder: 0.084 0.131 0.000 0.084 0.131 0.002 0.003 m14
#cylinder: 0.874 0.155 0.000 0.874 0.155 0.002 0.010 m7
#cylinder: 0.030 0.200 0.000 0.030 0.200 0.002 0.006 m12
#cylinder: 0.688 0.216 0.000 0.688 0.216 0.002 0.003 m10
#cylinder: 0.913 0.144 0.000 0.913 0.144 0.002 0.002 m3
#cylinder: 0.623 0.204 0.000 0.623 0.204 0.002 0.007 m19
#cylinder: 0.273 0.218 0.000 0.273 0.218 0.002 0.009 m10
#cylinder: 0.690 0.148 0.000 0.690 0.148 0.002 0.002 m20
#cylinder: 0.812 0.143 0.000 0.812 0.143 0.002 0.004 m6
#cylinder: 0.071 0.179 0.000 0.071 0.179 0.002 0.005 m1
#cylinder: 0.631 0.157 0.000 0.631 0.157 0.002 0.008 m13
#cylinder: 0.983 0.130 0.000 0.983 0.130 0.002 0.007 m2
#cylinder: 0.105 0.139 0.000 0.105 0.139 0.002 0.007 m19
#cylinder: 0.837 0.117 0.000 0.837 0.117 0.002 0.007 m5
#cylinder: 0.798 0.188 0.000 0.798 0.188 0.002 0.003 m5
#cylinder: 0.387 0.120 0.000 0.387 0.120 0.002 0.004 m3
#cylinder: 1.038 0.119 0.000 1.038 0.119 0.002 0.004 m3
#cylinder: 0.810 0.150 0.000 0.810 0.150 0.002 0.004 m2
#cylinder: 0.747 0.102 0.000 0.747 0.102 0.002 0.007 m9
#cylinder: 0.160 0.121 0.000 0.160 0.121 0.002 0.003 m18
#cylinder: 0.805 0.195 0.000 0.805 0.195 0.002 0.007 m7
#cylinder: 0.435 0.188 0.000 0.435 0.188 0.002 0.004 m16
#cylinder: 0.480 0.209 0.000 0.480 0.209 0.002 0.003 m20
#cylinder: 0.787 0.213 0.000 0.787 0.213 0.002 0.004 m4
#cylinder: 0.132 0.161 0.000 0.132 0.161 0.002 0.002 m18
#cylinder: 0.957 0.214 0.000 0.957 0.214 0.002 0.006 m18
#cylinder: 0.734 0.105 0.000 0.734 0.105 0.002 0.004 m20
#cylinder: 1.032 0.118 0.000 1.032 0.118 0.002 0.007 m1
#cylinder: 0.388 0.211 0.000 0.388 0.211 0.002 0.009 m3
#cylinder: 0.371 0.208 0.000 0.371 0.208 0.002 0.009 m2
#cylinder: 0.861 0.123 0.000 0.861 0.123 0.002 0.003 m18
#cylinder: 0.641 0.125 0.000 0.641 0.125 0.002 0.007 m4
#cylinder: 0.012 0.109 0.000 0.012 0.109 0.002 0.005 m16
#cylinder: 0.088 0.134 0.000 0.088 0.134 0.002 0.004 m7
#cylinder: 0.698 0.100 0.000 0.698 0.100 0.002 0.003 m13
#cylinder: 0.452 0.201 0.000 0.452 0.201 0.002 0.006 m13
#cylinder: 0.579 0.104 0.000 0.579 0.104 0.002 0.009 m19
#cylinder: 0.345 0.219 0.000 0.345 0.219 0.002 0.002 m11
#cylinder: 1.040 0.130 0.000 1.040 0.130 0.002 0.006 m12
#cylinder: 0.968 0.195 0.000 0.968 0.195 0.002 0.005 m18
#cylinder: 0.355 0.122 0.000 0.355 0.122 0.002 0.009 m3
#cylinder: 0.768 0.150 0.000 0.768 0.150 0.002 0.006 m14
#cylinder: 0.381 0.207 0.000 0.381 0.207 0.002 0.004 m12
#cylinder: 0.388 0.133 0.000 0.388 0.133 0.002 0.002 m12
#cylinder: 1.045 0.135 0.000 1.045 0.135 0.002 0.004 m9
#cylinder: 0.520 0.200 0.000 0.520 0.200 0.002 0.006 m10
#cylinder: 0.315 0.106 0.000 0.315 0.106 0.002 0.010 m5
#cylinder: 1.089 0.126 0.000 1.089 0.126 0.002 0.009 m16
#cylinder: 0.843 0.156 0.000 0.843 0.156 0.002 0.004 m17
#cylinder: 0.997 0.164 0.000 0.997 0.164 0.002 0.004 m16
#cylinder: 0.916 0.174 0.000 0.916 0.174 0.002 0.010 m10
#cylinder: 0.387 0.204 0.000 0.387 0.204 0.002 0.006 m3
#cylinder: 0.828 0.121 0.000 0.828 0.121 0.002 0.006 m7
#cylinder: 0.119 0.208 0.000 0.119 0.208 0.002 0.004 m2
#cylinder: 0.170 0.186 0.000 0.170 0.186 0.002 0.009 m13
#cylinder: 0.897 0.109 0.000 0.897 0.109 0.002 0.009 m7
#cylinder: 0.651 0.160 0.000 0.651 0.160 0.002 0.003 m15
#cylinder: 0.082 0.122 0.000 0.082 0.122 0.002 0.004 m19
#cylinder: 0.106 0.150 0.000 0.106 0.150 0.002 0.008 m16
#cylinder: 0.091 0.154 0.000 0.091 0.154 0.002 0.005 m17
#cylinder: 0.803 0.196 0.000 0.803 0.196 0.002 0.004 m20
#cylinder: 0.080 0.111 0.000 0.080 0.111 0.002 0.009 m7
#cylinder: 0.803 0.172 0.000 0.803 0.172 0.002 0.004 m12
#cylinder: 0.938 0.103 0.000 0.938 0.103 0.002 0.007 m5
#cylinder: 0.082 0.182 0.000 0.082 0.182 0.002 0.006 m19
#cylinder: 0.969 0.191 0.000 0.969 0.191 0.002 0.009 m11
#cylinder: 0.914 0.104 0.000 0.914 0.104 0.002 0.005 m14
#cylinder: 0.590 0.123 0.000 0.590 0.123 0.002 0.009 m14
#cylinder: 1.063 0.190 0.000 1.063 0.190 0.002 0.004 m15
#cylinder: 0.355 0.165 0.000 0.355 0.165 0.002 0.002 m4
#cylinder: 0.578 0.211 0.000 0.578 0.211 0.002 0.008 m17
#cylinder: 0.085 0.206 0.000 0.085 0.206 0.002 0.004 m11
#cylinder: 0.002 0.174 0.000 0.002 0.174 0.002 0.010 m2
#cylinder: 0.378 0.126 0.000 0.378 0.126 0.002 0.007 m19
#cylinder: 0.004 0.159 0.000 0.004 0.159 0.002 0.004 m9
#cylinder: 0.485 0.135 0.000 0.485 0.135 0.002 0.009 m3
#cylinder: 0.284 0.178 0.000 0.284 0.178 0.002 0.009 m13
#cylinder: 0.342 0.215 0.000 0.342 0.215 0.002 0.007 m4
#cylinder: 0.783 0.104 0.000 0.783 0.104 0.002 0.009 m18
#cylinder: 0.049 0.164 0.000 0.049 0.164 0.002 0.003 m7
#cylinder: 0.650 0.110 0.000 0.650 0.110 0.002 0.005 m2
#cylinder: 0.499 0.120 0.000 0.499 0.120 0.002 0.007 m18
#cylinder: 0.351 0.212 0.000 0.351 0.212 0.002 0.006 m13
#cylinder: 0.563 0.195 0.000 0.563 0.195 0.002 0.008 m20
#cylinder: 0.867 0.188 0.000 0.867 0.188 0.002 0.006 m10
#cylinder: 0.838 0.214 0.000 0.838 0.214 0.002 0.007 m20
#cylinder: 0.862 0.131 0.000 0.862 0.131 0.002 0.004 m8
#cylinder: 0.670 0.108 0.000 0.670 0.108 0.002 0.004 m15
#cylinder: 0.904 0.143 0.000 0.904 0.143 0.002 0.010 m18
#cylinder: 0.410 0.154 0.000 0.410 0.154 0.002 0.007 m18
#cylinder: 0.686 0.117 0.000 0.686 0.117 0.002 0.005 m20
#cylinder: 0.497 0.199 0.000 0.497 0.199 0.002 0.005 m10
#cylinder: 0.393 0.189 0.000 0.393 0.189 0.002 0.003 m19
#cylinder: 0.824 0.185 0.000 0.824 0.185 0.002 0.005 m10
#cylinder: 0.024 0.106 0.000 0.024 0.106 0.002 0.003 m18
#cylinder: 0.287 0.219 0.000 0.287 0.219 0.002 0.003 m10
#cylinder: 0.231 0.156 0.000 0.231 0.156 0.002 0.007 m8
#cylinder: 0.779 0.139 0.000 0.779 0.139 0.002 0.009 m17
#cylinder: 0.300 0.106 0.000 0.300 0.106 0.002 0.003 m16
#cylinder: 0.391 0.213 0.000 0.391 0.213 0.002 0.009 m18
#cylinder: 0.711 0.142 0.000 0.711 0.142 0.002 0.004 m4
#cylinder: 0.921 0.101 0.000 0.921 0.101 0.002 0.004 m13
#cylinder: 0.831 0.194 0.000 0.831 0.194 0.002 0.009 m9
#cylinder: 1.017 0.127 0.000 1.017 0.127 0.002 0.006 m8
#cylinder: 1.058 0.102 0.000 1.058 0.102 0.002 0.009 m5
#cylinder: 0.285 0.105 0.000 0.285 0.105 0.002 0.009 m11
#cylinder: 0.800 0.159 0.000 0.800 0.159 0.002 0.006 m14
#cylinder: 0.771 0.132 0.000 0.771 0.132 0.002 0.004 m15
#cylinder: 0.493 0.105 0.000 0.493 0.105 0.002 0.007 m3
#cylinder: 0.535 0.162 0.000 0.535 0.162 0.002 0.009 m20
#cylinder: 0.381 0.126 0.000 0.381 0.126 0.002 0.009 m12
#cylinder: 0.580 0.206 0.000 0.580 0.206 0.002 0.009 m2
#cylinder: 0.871 0.110 0.000 0.871 0.110 0.002 0.006 m9
#cylinder: 0.103 0.155 0.000 0.103 0.155 0.002 0.005 m13
#cylinder: 0.064 0.209 0.000 0.064 0.209 0.002 0.003 m14
#cylinder: 0.170 0.124 0.000 0.170 0.124 0.002 0.007 m10
#cylinder: 0.783 0.200 0.000 0.783 0.200 0.002 0.005 m9
#cylinder: 1.073 0.215 0.000 1.073 0.215 0.002 0.004 m2
#cylinder: 0.719 0.173 0.000 0.719 0.173 0.002 0.009 m17
#cylinder: 0.175 0.125 0.000 0.175 0.125 0.002 0.009 m10
#cylinder: 0.346 0.154 0.000 0.346 0.154 0.002 0.003 m17
#cylinder: 0.714 0.159 0.000 0.714 0.159 0.002 0.002 m14
#cylinder: 0.832 0.103 0.000 0.832 0.103 0.002 0.009 m12
#cylinder: 0.329 0.201 0.000 0.329 0.201 0.002 0.002 m16
#cylinder: 0.023 0.154 0.000 0.023 0.154 0.002 0.006 m16
#cylinder: 1.095 0.202 0.000 1.095 0.202 0.002 0.009 m15
#cylinder: 0.888 0.206 0.000 0.888 0.206 0.002 0.010 m4
#cylinder: 0.552 0.129 0.000 0.552 0.129 0.002 0.010 m12
#cylinder: 1.081 0.192 0.000 1.081 0.192 0.002 0.005 m20
#cylinder: 0.802 0.210 0.000 0.802 0.210 0.002 0.006 m14
#cylinder: 0.010 0.202 0.000 0.010 0.202 0.002 0.009 m20
#cylinder: 0.762 0.176 0.000 0.762 0.176 0.002 0.006 m4
#cylinder: 0.500 0.123 0.000 0.500 0.123 0.002 0.005 m19
#cylinder: 0.657 0.101 0.000 0.657 0.101 0.002 0.009 m12
#cylinder: 0.072 0.219 0.000 0.072 0.219 0.002 0.004 m1
#cylinder: 0.456 0.188 0.000 0.456 0.188 0.002 0.006 m8
#cylinder: 0.286 0.199 0.000 0.286 0.199 0.002 0.004 m19
#cylinder: 0.849 0.206 0.000 0.849 0.206 0.002 0.004 m16
#cylinder: 0.021 0.102 0.000 0.021 0.102 0.002 0.009 m15
#cylinder: 0.679 0.190 0.000 0.679 0.190 0.002 0.007 m11
#cylinder: 0.580 0.196 0.000 0.580 0.196 0.002 0.004 m18
#cylinder: 0.835 0.205 0.000 0.835 0.205 0.002 0.009 m18
#cylinder: 0.686 0.218 0.000 0.686 0.218 0.002 0.006 m9
#cylinder: 0.388 0.122 0.000 0.388 0.122 0.002 0.004 m19
#cylinder: 0.123 0.178 0.000 0.123 0.178 0.002 0.009 m17
#cylinder: 0.468 0.178 0.000 0.468 0.178 0.002 0.010 m12
#cylinder: 0.615 0.154 0.000 0.615 0.154 0.002 0.005 m6
#cylinder: 0.092 0.176 0.000 0.092 0.176 0.002 0.005 m11
#cylinder: 0.426 0.209 0.000 0.426 0.209 0.002 0.004 m18
#cylinder: 0.663 0.138 0.000 0.663 0.138 0.002 0.007 m3
#cylinder: 0.077 0.203 0.000 0.077 0.203 0.002 0.003 m7
#cylinder: 1.018 0.105 0.000 1.018 0.105 0.002 0.007 m12
#cylinder: 0.523 0.113 0.000 0.523 0.113 0.002 0.007 m18
#cylinder: 0.966 0.202 0.000 0.966 0.202 0.002 0.007 m11
#cylinder: 0.712 0.119 0.000 0.712 0.119 0.002 0.004 m15
#cylinder: 0.104 0.107 0.000 0.104 0.107 0.002 0.006 m10
#cylinder: 0.636 0.197 0.000 0.636 0.197 0.002 0.003 m1
#cylinder: 0.254 0.127 0.000 0.254 0.127 0.002 0.007 m16
#cylinder: 0.317 0.107 0.000 0.317 0.107 0.002 0.009 m20
#cylinder: 0.581 0.174 0.000 0.581 0.174 0.002 0.006 m15
#cylinder: 0.204 0.210 0.000 0.204 0.210 0.002 0.005 m16
#cylinder: 0.203 0.219 0.000 0.203 0.219 0.002 0.005 m10
#cylinder: 1.005 0.173 0.000 1.005 0.173 0.002 0.009 m8
#cylinder: 0.524 0.180 0.000 0.524 0.180 0.002 0.009 m9
#cylinder: 0.632 0.196 0.000 0.632 0.196 0.002 0.010 m10
#cylinder: 0.682 0.128 0.000 0.682 0.128 0.002 0.007 m1
#cylinder: 0.141 0.177 0.000 0.141 0.177 0.002 0.003 m8
#cylinder: 0.601 0.173 0.000 0.601 0.173 0.002 0.008 m19
#cylinder: 0.963 0.175 0.000 0.963 0.175 0.002 0.010 m1
#cylinder: 0.407 0.145 0.000 0.407 0.145 0.002 0.009 m1
#cylinder: 0.863 0.150 0.000 0.863 0.150 0.002 0.009 m15
#cylinder: 0.044 0.119 0.000 0.044 0.119 0.002 0.010 m15
#cylinder: 0.737 0.131 0.000 0.737 0.131 0.002 0.003 m20
#cylinder: 0.478 0.187 0.000 0.478 0.187 0.002 0.003 m20
#cylinder: 0.787 0.219 0.000 0.787 0.219 0.002 0.008 m7
#cylinder: 0.211 0.145 0.000 0.211 0.145 0.002 0.007 m5
#cylinder: 0.926 0.125 0.000 0.926 0.125 0.002 0.008 m10
#cylinder: 0.825 0.199 0.000 0.825 0.199 0.002 0.003 m6
#cylinder: 0.479 0.130 0.000 0.479 0.130 0.002 0.009 m10
#cylinder: 0.040 0.112 0.000 0.040 0.112 0.002 0.008 m1
#cylinder: 0.899 0.135 0.000 0.899 0.135 0.002 0.009 m15
#cylinder: 0.828 0.200 0.000 0.828 0.200 0.002 0.002 m15
#cylinder: 0.321 0.181 0.000 0.321 0.181 0.002 0.005 m3
#cylinder: 0.132 0.192 0.000 0.132 0.192 0.002 0.009 m7
#cylinder: 0.149 0.153 0.000 0.149 0.153 0.002 0.004 m17
#cylinder: 0.650 0.217 0.000 0.650 0.217 0.002 0.003 m18
#cylinder: 1.073 0.115 0.000 1.073 0.115 0.002 0.007 m11
#cylinder: 0.430 0.212 0.000 0.430 0.212 0.002 0.002 m17
