testingplz 
#domain: 1.200 0.300 0.002 
#dx_dy_dz: 0.002 0.002 0.002 
#time_window: 5.000000e-09 

#excitation_file: mala_source_modified.txt 
#hertzian_dipole: z 0.080 0.250 0 mala_source 
#rx: 0.120 0.250 0.000 
#src_steps: 0.002 0.000 0.000 
#rx_steps: 0.002 0.000 0.000 

#material: 5.000 0.220 1.000 0.000 concrete
#material: 1.000 0.000 1.000 0.000 air
#material: 80.000 0.500 1.000 0.000 water

#material: 1.000 0.000 1.000 0.000 m1
#material: 2.000 0.000 1.000 0.000 m2
#material: 3.000 0.000 1.000 0.000 m3
#material: 4.000 0.000 1.000 0.000 m4
#material: 5.000 0.000 1.000 0.000 m5
#material: 6.000 0.000 1.000 0.000 m6
#material: 7.000 0.000 1.000 0.000 m7
#material: 8.000 0.000 1.000 0.000 m8
#material: 9.000 0.000 1.000 0.000 m9
#material: 10.000 0.000 1.000 0.000 m10
#material: 11.000 0.000 1.000 0.000 m11
#material: 12.000 0.000 1.000 0.000 m12
#material: 13.000 0.000 1.000 0.000 m13
#material: 14.000 0.000 1.000 0.000 m14
#material: 15.000 0.000 1.000 0.000 m15
#material: 16.000 0.000 1.000 0.000 m16
#material: 17.000 0.000 1.000 0.000 m17
#material: 18.000 0.000 1.000 0.000 m18
#material: 19.000 0.000 1.000 0.000 m19
#material: 20.000 0.000 1.000 0.000 m20

#box: 0.000 0.000 0.000 1.200 0.250 0.002 concrete

#box: 0.999 0.210 0.000 1.035 0.235 0.002 m10
#box: 0.541 0.133 0.000 0.552 0.167 0.002 m4
#box: 0.188 0.168 0.000 0.196 0.201 0.002 m13
#box: 0.961 0.192 0.000 0.969 0.218 0.002 m12
#box: 0.701 0.152 0.000 0.711 0.197 0.002 m13
#box: 1.068 0.148 0.000 1.077 0.170 0.002 m2
#box: 0.762 0.122 0.000 0.780 0.170 0.002 m9
#box: 1.071 0.210 0.000 1.107 0.233 0.002 m16
#box: 0.525 0.134 0.000 0.539 0.170 0.002 m3
#box: 1.088 0.139 0.000 1.114 0.162 0.002 m12
#box: 0.365 0.180 0.000 0.372 0.202 0.002 m5
#box: 1.077 0.116 0.000 1.110 0.154 0.002 m14
#box: 0.437 0.136 0.000 0.453 0.164 0.002 m20
#box: 0.104 0.171 0.000 0.124 0.214 0.002 m14
#box: 0.363 0.147 0.000 0.380 0.196 0.002 m10
#box: 0.134 0.185 0.000 0.147 0.221 0.002 m10
#box: 0.838 0.127 0.000 0.845 0.170 0.002 m4
#box: 0.246 0.207 0.000 0.250 0.245 0.002 m17
#box: 0.017 0.174 0.000 0.040 0.217 0.002 m7
#box: 0.116 0.207 0.000 0.129 0.240 0.002 m18
#box: 0.579 0.197 0.000 0.595 0.228 0.002 m8
#box: 0.969 0.124 0.000 0.974 0.159 0.002 m19
#box: 0.754 0.150 0.000 0.778 0.190 0.002 m11
#box: 1.036 0.141 0.000 1.054 0.181 0.002 m9
#box: 0.078 0.197 0.000 0.100 0.244 0.002 m14
#box: 0.287 0.207 0.000 0.297 0.240 0.002 m13
#box: 0.262 0.199 0.000 0.302 0.220 0.002 m17
#box: 0.081 0.125 0.000 0.111 0.162 0.002 m5
#box: 0.402 0.173 0.000 0.413 0.198 0.002 m11
#box: 0.638 0.138 0.000 0.642 0.158 0.002 m7
#box: 0.741 0.155 0.000 0.765 0.200 0.002 m13
#box: 0.137 0.196 0.000 0.163 0.220 0.002 m9
#box: 0.312 0.206 0.000 0.330 0.227 0.002 m17
#box: 1.061 0.177 0.000 1.081 0.217 0.002 m5
#box: 1.084 0.185 0.000 1.119 0.210 0.002 m11
#box: 0.601 0.211 0.000 0.627 0.233 0.002 m16
#box: 0.817 0.175 0.000 0.843 0.205 0.002 m15
#box: 0.678 0.205 0.000 0.718 0.243 0.002 m9
#box: 0.342 0.216 0.000 0.364 0.243 0.002 m10
#box: 0.106 0.212 0.000 0.139 0.250 0.002 m14
#box: 0.516 0.132 0.000 0.540 0.152 0.002 m19
#box: 0.564 0.113 0.000 0.586 0.161 0.002 m14
#box: 0.222 0.209 0.000 0.258 0.233 0.002 m4
#box: 0.875 0.152 0.000 0.893 0.195 0.002 m6
#box: 0.655 0.133 0.000 0.685 0.172 0.002 m8
#box: 1.000 0.121 0.000 1.016 0.153 0.002 m2
#box: 0.974 0.155 0.000 1.000 0.177 0.002 m7
#box: 0.093 0.191 0.000 0.128 0.227 0.002 m3
#box: 0.328 0.127 0.000 0.333 0.171 0.002 m15
#box: 0.939 0.124 0.000 0.961 0.160 0.002 m11
#box: 0.629 0.196 0.000 0.661 0.221 0.002 m8
#box: 0.467 0.194 0.000 0.480 0.243 0.002 m12
#box: 1.057 0.133 0.000 1.088 0.178 0.002 m8
#box: 0.344 0.196 0.000 0.356 0.233 0.002 m14
#box: 0.127 0.178 0.000 0.131 0.212 0.002 m4
#box: 0.085 0.197 0.000 0.114 0.226 0.002 m7
#box: 0.727 0.144 0.000 0.739 0.179 0.002 m12
#box: 0.231 0.143 0.000 0.256 0.191 0.002 m6
#box: 1.064 0.167 0.000 1.073 0.211 0.002 m11
#box: 1.034 0.208 0.000 1.047 0.248 0.002 m3
#box: 1.033 0.131 0.000 1.052 0.158 0.002 m20
#box: 0.867 0.126 0.000 0.894 0.155 0.002 m12
#box: 0.937 0.116 0.000 0.972 0.152 0.002 m13
#box: 0.903 0.214 0.000 0.919 0.236 0.002 m10
#box: 0.689 0.162 0.000 0.717 0.190 0.002 m9
#box: 0.297 0.128 0.000 0.321 0.166 0.002 m18
#box: 0.730 0.128 0.000 0.756 0.164 0.002 m1
#box: 0.458 0.115 0.000 0.479 0.154 0.002 m17
#box: 0.453 0.202 0.000 0.471 0.250 0.002 m14
#box: 0.781 0.165 0.000 0.805 0.191 0.002 m16
#box: 0.902 0.142 0.000 0.918 0.166 0.002 m5
#box: 0.068 0.179 0.000 0.102 0.217 0.002 m3
#box: 0.745 0.105 0.000 0.749 0.152 0.002 m20
#box: 1.019 0.196 0.000 1.027 0.219 0.002 m3
#box: 0.220 0.194 0.000 0.230 0.227 0.002 m9
#box: 0.258 0.186 0.000 0.281 0.230 0.002 m14
#box: 0.028 0.211 0.000 0.063 0.239 0.002 m8
#box: 0.523 0.183 0.000 0.528 0.207 0.002 m17
#box: 0.293 0.171 0.000 0.318 0.195 0.002 m4
#box: 1.068 0.118 0.000 1.077 0.163 0.002 m17
#box: 0.679 0.182 0.000 0.718 0.217 0.002 m2
#box: 0.687 0.191 0.000 0.712 0.236 0.002 m8
#box: 0.764 0.142 0.000 0.800 0.171 0.002 m6
#box: 0.383 0.165 0.000 0.408 0.214 0.002 m2
#box: 0.685 0.136 0.000 0.698 0.163 0.002 m8
#box: 1.083 0.119 0.000 1.091 0.160 0.002 m20
#box: 0.628 0.135 0.000 0.663 0.174 0.002 m7
#box: 0.331 0.148 0.000 0.363 0.175 0.002 m13
#box: 0.578 0.122 0.000 0.594 0.166 0.002 m12
#box: 0.807 0.214 0.000 0.818 0.246 0.002 m16
#box: 0.355 0.147 0.000 0.370 0.181 0.002 m6
#box: 0.138 0.149 0.000 0.150 0.172 0.002 m14
#box: 0.180 0.135 0.000 0.194 0.180 0.002 m17
#box: 0.918 0.110 0.000 0.947 0.160 0.002 m6
#box: 1.077 0.202 0.000 1.093 0.228 0.002 m15
#box: 0.533 0.120 0.000 0.554 0.152 0.002 m16
#box: 0.193 0.190 0.000 0.206 0.232 0.002 m12
#box: 0.254 0.196 0.000 0.283 0.216 0.002 m7
#box: 1.065 0.143 0.000 1.077 0.173 0.002 m8
#box: 0.069 0.144 0.000 0.076 0.177 0.002 m6
#box: 0.438 0.127 0.000 0.451 0.159 0.002 m17
#box: 0.295 0.125 0.000 0.303 0.167 0.002 m18
#box: 0.036 0.165 0.000 0.066 0.191 0.002 m11
#box: 0.253 0.115 0.000 0.273 0.162 0.002 m18
#box: 0.911 0.182 0.000 0.928 0.203 0.002 m19
#box: 0.255 0.190 0.000 0.289 0.233 0.002 m18
#box: 0.988 0.190 0.000 1.018 0.236 0.002 m14
#box: 0.464 0.212 0.000 0.499 0.247 0.002 m15
#box: 0.015 0.158 0.000 0.039 0.198 0.002 m5
#box: 0.844 0.221 0.000 0.873 0.245 0.002 m6
#box: 0.595 0.203 0.000 0.604 0.244 0.002 m8
#box: 0.291 0.170 0.000 0.301 0.202 0.002 m2
#box: 0.660 0.141 0.000 0.676 0.186 0.002 m4
#box: 0.772 0.188 0.000 0.788 0.230 0.002 m19
#box: 0.678 0.187 0.000 0.693 0.226 0.002 m15
#box: 0.423 0.149 0.000 0.435 0.195 0.002 m1
#box: 0.570 0.120 0.000 0.607 0.169 0.002 m10
#box: 0.657 0.137 0.000 0.678 0.170 0.002 m15
#box: 0.901 0.136 0.000 0.919 0.185 0.002 m7
#box: 0.248 0.206 0.000 0.269 0.230 0.002 m12
#box: 0.040 0.120 0.000 0.050 0.159 0.002 m10
#box: 0.596 0.144 0.000 0.626 0.166 0.002 m14
#box: 0.544 0.184 0.000 0.551 0.225 0.002 m16
#box: 0.105 0.220 0.000 0.124 0.241 0.002 m18
#box: 0.195 0.196 0.000 0.226 0.239 0.002 m11
#box: 0.585 0.203 0.000 0.593 0.246 0.002 m9
#box: 0.045 0.164 0.000 0.085 0.202 0.002 m9
#box: 0.997 0.122 0.000 1.001 0.165 0.002 m2
#box: 1.087 0.139 0.000 1.101 0.184 0.002 m9
#box: 0.831 0.208 0.000 0.871 0.234 0.002 m13
#box: 0.050 0.202 0.000 0.089 0.228 0.002 m11
#box: 0.831 0.159 0.000 0.844 0.182 0.002 m11
#box: 0.913 0.108 0.000 0.928 0.155 0.002 m20
#box: 0.027 0.194 0.000 0.065 0.240 0.002 m10
#box: 0.591 0.175 0.000 0.629 0.203 0.002 m19
#box: 0.607 0.143 0.000 0.620 0.167 0.002 m14
#box: 0.597 0.205 0.000 0.631 0.227 0.002 m15
#box: 0.459 0.196 0.000 0.474 0.231 0.002 m5
#box: 0.030 0.156 0.000 0.063 0.199 0.002 m5
#box: 0.589 0.205 0.000 0.627 0.249 0.002 m1
#box: 0.462 0.158 0.000 0.474 0.186 0.002 m3
#box: 1.038 0.149 0.000 1.049 0.187 0.002 m10
#box: 0.995 0.143 0.000 1.024 0.182 0.002 m8
#box: 0.912 0.169 0.000 0.943 0.202 0.002 m17
#box: 0.131 0.199 0.000 0.158 0.240 0.002 m7
#box: 0.753 0.188 0.000 0.766 0.212 0.002 m16
#box: 0.489 0.140 0.000 0.503 0.188 0.002 m14
#box: 0.352 0.157 0.000 0.360 0.182 0.002 m12
#box: 0.412 0.180 0.000 0.433 0.201 0.002 m11
#box: 0.195 0.195 0.000 0.212 0.219 0.002 m7
#box: 0.334 0.192 0.000 0.357 0.232 0.002 m13
#box: 0.804 0.217 0.000 0.822 0.238 0.002 m12
#box: 0.432 0.135 0.000 0.461 0.178 0.002 m14
#box: 1.013 0.204 0.000 1.029 0.240 0.002 m7
#box: 0.157 0.121 0.000 0.190 0.167 0.002 m20
#box: 0.576 0.141 0.000 0.605 0.183 0.002 m16
#box: 0.711 0.156 0.000 0.731 0.194 0.002 m16
#box: 0.943 0.173 0.000 0.949 0.221 0.002 m9
#box: 0.838 0.212 0.000 0.855 0.235 0.002 m5
#box: 0.689 0.181 0.000 0.722 0.206 0.002 m8
#box: 0.536 0.181 0.000 0.576 0.201 0.002 m17
#box: 0.584 0.177 0.000 0.611 0.200 0.002 m4
#box: 0.706 0.142 0.000 0.717 0.184 0.002 m9
#box: 0.217 0.198 0.000 0.230 0.236 0.002 m12
#box: 0.094 0.204 0.000 0.131 0.237 0.002 m1
#box: 0.042 0.183 0.000 0.082 0.213 0.002 m17
#box: 0.540 0.211 0.000 0.564 0.235 0.002 m17
#box: 0.261 0.178 0.000 0.287 0.225 0.002 m19
#box: 0.478 0.166 0.000 0.515 0.213 0.002 m7
#box: 0.471 0.210 0.000 0.485 0.250 0.002 m1
#box: 0.611 0.135 0.000 0.631 0.169 0.002 m14
#box: 0.308 0.131 0.000 0.334 0.155 0.002 m12
#box: 0.721 0.109 0.000 0.761 0.151 0.002 m18
#box: 0.144 0.128 0.000 0.153 0.168 0.002 m9
#box: 0.003 0.156 0.000 0.037 0.197 0.002 m11
#box: 0.023 0.207 0.000 0.056 0.238 0.002 m14
#box: 0.583 0.163 0.000 0.615 0.207 0.002 m5
#box: 1.016 0.198 0.000 1.042 0.231 0.002 m6
#box: 0.318 0.140 0.000 0.343 0.163 0.002 m10
#box: 0.862 0.161 0.000 0.886 0.190 0.002 m18
#box: 0.990 0.184 0.000 1.024 0.210 0.002 m5
#box: 0.863 0.137 0.000 0.878 0.164 0.002 m1
#box: 1.048 0.206 0.000 1.056 0.233 0.002 m14
#box: 1.023 0.145 0.000 1.040 0.183 0.002 m17
#box: 0.266 0.152 0.000 0.289 0.183 0.002 m7
#box: 0.824 0.200 0.000 0.856 0.220 0.002 m19
#box: 0.102 0.179 0.000 0.135 0.203 0.002 m12
#box: 0.906 0.195 0.000 0.940 0.244 0.002 m15
#box: 0.358 0.186 0.000 0.366 0.226 0.002 m19
#box: 0.250 0.163 0.000 0.269 0.194 0.002 m17
#box: 0.873 0.196 0.000 0.880 0.245 0.002 m7
#box: 0.221 0.149 0.000 0.244 0.170 0.002 m14
#box: 0.881 0.152 0.000 0.904 0.202 0.002 m11
#box: 0.550 0.190 0.000 0.571 0.210 0.002 m17
#box: 0.400 0.126 0.000 0.429 0.167 0.002 m11
#box: 0.468 0.149 0.000 0.482 0.179 0.002 m14
#box: 0.133 0.117 0.000 0.173 0.163 0.002 m13
#box: 0.153 0.146 0.000 0.176 0.180 0.002 m8
#box: 0.219 0.150 0.000 0.244 0.189 0.002 m10
#box: 1.029 0.150 0.000 1.055 0.177 0.002 m13
