testingplz 
#domain: 1.200 0.300 0.002 
#dx_dy_dz: 0.002 0.002 0.002 
#time_window: 5.000000e-09 

#excitation_file: mala_source_modified.txt 
#hertzian_dipole: z 0.080 0.250 0 mala_source 
#rx: 0.120 0.250 0.000 
#src_steps: 0.002 0.000 0.000 
#rx_steps: 0.002 0.000 0.000 

#material: 5.000 0.220 1.000 0.000 concrete
#material: 1.000 0.000 1.000 0.000 air
#material: 80.000 0.500 1.000 0.000 water

#material: 1.000 0.000 1.000 0.000 m1
#material: 2.000 0.000 1.000 0.000 m2
#material: 3.000 0.000 1.000 0.000 m3
#material: 4.000 0.000 1.000 0.000 m4
#material: 5.000 0.000 1.000 0.000 m5
#material: 6.000 0.000 1.000 0.000 m6
#material: 7.000 0.000 1.000 0.000 m7
#material: 8.000 0.000 1.000 0.000 m8
#material: 9.000 0.000 1.000 0.000 m9
#material: 10.000 0.000 1.000 0.000 m10
#material: 11.000 0.000 1.000 0.000 m11
#material: 12.000 0.000 1.000 0.000 m12
#material: 13.000 0.000 1.000 0.000 m13
#material: 14.000 0.000 1.000 0.000 m14
#material: 15.000 0.000 1.000 0.000 m15
#material: 16.000 0.000 1.000 0.000 m16
#material: 17.000 0.000 1.000 0.000 m17
#material: 18.000 0.000 1.000 0.000 m18
#material: 19.000 0.000 1.000 0.000 m19
#material: 20.000 0.000 1.000 0.000 m20

#box: 0.000 0.000 0.000 1.200 0.250 0.002 concrete

#box: 0.470 0.133 0.000 0.487 0.168 0.002 m5
#box: 0.804 0.212 0.000 0.844 0.245 0.002 m13
#box: 0.004 0.167 0.000 0.041 0.196 0.002 m10
#box: 0.766 0.159 0.000 0.785 0.181 0.002 m18
#box: 0.156 0.168 0.000 0.182 0.201 0.002 m16
#box: 0.504 0.203 0.000 0.511 0.247 0.002 m11
#box: 0.776 0.135 0.000 0.802 0.157 0.002 m11
#box: 0.433 0.109 0.000 0.449 0.159 0.002 m11
#box: 0.411 0.218 0.000 0.418 0.238 0.002 m9
#box: 0.666 0.153 0.000 0.696 0.178 0.002 m6
#box: 0.652 0.178 0.000 0.672 0.199 0.002 m8
#box: 0.494 0.168 0.000 0.528 0.206 0.002 m18
#box: 0.071 0.135 0.000 0.094 0.161 0.002 m12
#box: 0.443 0.154 0.000 0.483 0.195 0.002 m10
#box: 0.976 0.162 0.000 0.989 0.194 0.002 m17
#box: 0.925 0.159 0.000 0.950 0.202 0.002 m1
#box: 0.055 0.186 0.000 0.073 0.230 0.002 m17
#box: 1.014 0.139 0.000 1.039 0.165 0.002 m12
#box: 0.026 0.151 0.000 0.053 0.183 0.002 m17
#box: 0.902 0.151 0.000 0.924 0.175 0.002 m18
#box: 0.552 0.107 0.000 0.584 0.156 0.002 m4
#box: 0.715 0.115 0.000 0.724 0.159 0.002 m15
#box: 0.964 0.105 0.000 0.968 0.155 0.002 m6
#box: 0.126 0.208 0.000 0.157 0.238 0.002 m20
#box: 0.635 0.108 0.000 0.666 0.158 0.002 m20
#box: 0.290 0.133 0.000 0.302 0.168 0.002 m9
#box: 0.424 0.212 0.000 0.430 0.244 0.002 m16
#box: 0.246 0.122 0.000 0.266 0.164 0.002 m18
#box: 0.264 0.120 0.000 0.273 0.169 0.002 m17
#box: 0.976 0.134 0.000 0.993 0.161 0.002 m3
#box: 0.023 0.140 0.000 0.049 0.190 0.002 m1
#box: 0.300 0.152 0.000 0.339 0.195 0.002 m20
#box: 0.885 0.174 0.000 0.906 0.198 0.002 m5
#box: 0.390 0.204 0.000 0.423 0.224 0.002 m7
#box: 0.005 0.189 0.000 0.014 0.234 0.002 m14
#box: 0.989 0.190 0.000 1.020 0.214 0.002 m16
#box: 0.207 0.132 0.000 0.234 0.171 0.002 m11
#box: 0.907 0.172 0.000 0.913 0.207 0.002 m19
#box: 0.692 0.152 0.000 0.711 0.200 0.002 m10
#box: 1.090 0.194 0.000 1.108 0.239 0.002 m6
#box: 0.039 0.159 0.000 0.049 0.181 0.002 m17
#box: 1.067 0.213 0.000 1.089 0.234 0.002 m19
#box: 0.816 0.217 0.000 0.855 0.248 0.002 m6
#box: 0.624 0.196 0.000 0.628 0.242 0.002 m3
#box: 0.179 0.187 0.000 0.201 0.214 0.002 m16
#box: 0.781 0.128 0.000 0.819 0.168 0.002 m10
#box: 0.718 0.213 0.000 0.724 0.248 0.002 m5
#box: 0.801 0.116 0.000 0.812 0.162 0.002 m14
#box: 1.029 0.158 0.000 1.064 0.196 0.002 m4
#box: 0.179 0.151 0.000 0.207 0.198 0.002 m19
#box: 1.100 0.218 0.000 1.107 0.248 0.002 m20
#box: 0.690 0.145 0.000 0.712 0.184 0.002 m3
#box: 0.348 0.159 0.000 0.358 0.182 0.002 m12
#box: 0.192 0.207 0.000 0.232 0.239 0.002 m17
#box: 0.892 0.171 0.000 0.912 0.205 0.002 m8
#box: 0.233 0.160 0.000 0.243 0.200 0.002 m17
#box: 0.321 0.199 0.000 0.352 0.237 0.002 m10
#box: 1.076 0.158 0.000 1.105 0.197 0.002 m17
#box: 0.651 0.192 0.000 0.690 0.228 0.002 m14
#box: 0.372 0.174 0.000 0.385 0.217 0.002 m18
#box: 0.548 0.151 0.000 0.554 0.194 0.002 m10
#box: 0.569 0.140 0.000 0.593 0.161 0.002 m10
#box: 0.022 0.153 0.000 0.037 0.173 0.002 m14
#box: 0.117 0.150 0.000 0.131 0.183 0.002 m14
#box: 0.177 0.188 0.000 0.198 0.221 0.002 m15
#box: 0.171 0.154 0.000 0.182 0.203 0.002 m2
#box: 0.287 0.163 0.000 0.313 0.195 0.002 m16
#box: 0.310 0.150 0.000 0.344 0.180 0.002 m7
#box: 0.581 0.180 0.000 0.586 0.205 0.002 m1
#box: 1.070 0.148 0.000 1.110 0.181 0.002 m20
#box: 0.254 0.161 0.000 0.281 0.204 0.002 m3
#box: 0.329 0.179 0.000 0.354 0.215 0.002 m1
#box: 0.384 0.151 0.000 0.406 0.178 0.002 m16
#box: 0.136 0.177 0.000 0.152 0.204 0.002 m19
#box: 0.285 0.150 0.000 0.312 0.185 0.002 m7
#box: 0.213 0.211 0.000 0.220 0.246 0.002 m13
#box: 0.118 0.203 0.000 0.134 0.224 0.002 m11
#box: 0.681 0.134 0.000 0.696 0.168 0.002 m19
#box: 0.560 0.151 0.000 0.592 0.189 0.002 m11
#box: 0.740 0.177 0.000 0.764 0.200 0.002 m15
#box: 0.811 0.133 0.000 0.823 0.183 0.002 m19
#box: 0.661 0.110 0.000 0.673 0.153 0.002 m16
#box: 0.587 0.186 0.000 0.603 0.206 0.002 m19
#box: 0.225 0.191 0.000 0.264 0.236 0.002 m7
#box: 0.749 0.189 0.000 0.766 0.233 0.002 m5
#box: 0.169 0.192 0.000 0.177 0.223 0.002 m7
#box: 1.047 0.141 0.000 1.068 0.170 0.002 m5
#box: 0.650 0.195 0.000 0.671 0.232 0.002 m18
#box: 1.012 0.162 0.000 1.019 0.210 0.002 m13
#box: 0.976 0.179 0.000 0.992 0.210 0.002 m19
#box: 0.486 0.170 0.000 0.515 0.204 0.002 m11
#box: 1.004 0.153 0.000 1.041 0.192 0.002 m12
#box: 0.494 0.161 0.000 0.498 0.201 0.002 m17
#box: 0.761 0.221 0.000 0.772 0.248 0.002 m20
#box: 0.885 0.143 0.000 0.914 0.172 0.002 m1
#box: 0.109 0.197 0.000 0.144 0.222 0.002 m15
#box: 0.585 0.193 0.000 0.590 0.217 0.002 m18
#box: 0.048 0.157 0.000 0.054 0.196 0.002 m16
#box: 0.892 0.104 0.000 0.896 0.153 0.002 m14
#box: 0.349 0.140 0.000 0.363 0.183 0.002 m7
#box: 0.188 0.135 0.000 0.204 0.182 0.002 m9
#box: 0.382 0.177 0.000 0.404 0.198 0.002 m17
#box: 0.391 0.208 0.000 0.416 0.237 0.002 m14
#box: 0.414 0.158 0.000 0.424 0.182 0.002 m15
#box: 1.072 0.123 0.000 1.077 0.167 0.002 m16
#box: 0.244 0.170 0.000 0.251 0.215 0.002 m11
#box: 0.064 0.155 0.000 0.072 0.176 0.002 m9
#box: 0.116 0.137 0.000 0.146 0.164 0.002 m1
#box: 0.475 0.210 0.000 0.487 0.243 0.002 m13
#box: 0.817 0.114 0.000 0.821 0.157 0.002 m17
#box: 0.174 0.167 0.000 0.202 0.187 0.002 m11
#box: 0.687 0.174 0.000 0.694 0.205 0.002 m8
#box: 0.619 0.136 0.000 0.632 0.174 0.002 m1
#box: 0.570 0.227 0.000 0.575 0.248 0.002 m12
#box: 0.615 0.180 0.000 0.643 0.209 0.002 m18
#box: 0.696 0.199 0.000 0.700 0.222 0.002 m19
#box: 0.228 0.191 0.000 0.242 0.235 0.002 m8
#box: 0.528 0.146 0.000 0.557 0.175 0.002 m6
#box: 0.945 0.202 0.000 0.959 0.240 0.002 m9
#box: 0.740 0.178 0.000 0.770 0.228 0.002 m19
#box: 0.145 0.217 0.000 0.155 0.242 0.002 m2
#box: 0.949 0.115 0.000 0.969 0.164 0.002 m1
#box: 0.688 0.189 0.000 0.702 0.236 0.002 m19
#box: 0.112 0.207 0.000 0.150 0.240 0.002 m1
#box: 0.765 0.222 0.000 0.769 0.245 0.002 m16
#box: 0.837 0.193 0.000 0.869 0.228 0.002 m9
#box: 0.342 0.129 0.000 0.348 0.172 0.002 m7
#box: 0.608 0.138 0.000 0.642 0.172 0.002 m2
#box: 0.178 0.149 0.000 0.183 0.198 0.002 m8
#box: 0.742 0.209 0.000 0.769 0.243 0.002 m13
#box: 0.404 0.130 0.000 0.413 0.150 0.002 m12
#box: 1.058 0.190 0.000 1.078 0.210 0.002 m12
#box: 0.579 0.143 0.000 0.596 0.166 0.002 m16
#box: 0.566 0.162 0.000 0.580 0.194 0.002 m5
#box: 0.011 0.202 0.000 0.030 0.236 0.002 m12
#box: 0.962 0.188 0.000 0.990 0.217 0.002 m8
#box: 0.240 0.177 0.000 0.256 0.227 0.002 m4
#box: 0.177 0.183 0.000 0.217 0.212 0.002 m4
#box: 0.161 0.121 0.000 0.187 0.167 0.002 m13
#box: 0.266 0.139 0.000 0.299 0.180 0.002 m9
#box: 0.637 0.208 0.000 0.670 0.239 0.002 m4
#box: 0.980 0.150 0.000 0.998 0.177 0.002 m2
#box: 0.195 0.223 0.000 0.229 0.244 0.002 m9
#box: 1.031 0.206 0.000 1.059 0.240 0.002 m15
#box: 1.073 0.139 0.000 1.098 0.175 0.002 m2
#box: 0.375 0.207 0.000 0.390 0.232 0.002 m1
#box: 0.461 0.187 0.000 0.493 0.217 0.002 m10
#box: 0.443 0.214 0.000 0.480 0.235 0.002 m2
#box: 0.951 0.188 0.000 0.985 0.224 0.002 m20
#box: 0.951 0.139 0.000 0.979 0.163 0.002 m10
#box: 0.111 0.140 0.000 0.146 0.188 0.002 m1
#box: 0.395 0.225 0.000 0.433 0.250 0.002 m17
#box: 0.318 0.152 0.000 0.322 0.199 0.002 m3
#box: 0.735 0.211 0.000 0.770 0.242 0.002 m20
#box: 0.612 0.207 0.000 0.622 0.248 0.002 m6
#box: 0.878 0.139 0.000 0.889 0.175 0.002 m13
#box: 0.806 0.183 0.000 0.822 0.213 0.002 m2
#box: 0.334 0.148 0.000 0.359 0.168 0.002 m11
#box: 0.990 0.216 0.000 1.007 0.237 0.002 m8
#box: 0.314 0.175 0.000 0.351 0.209 0.002 m7
#box: 0.531 0.120 0.000 0.545 0.166 0.002 m3
#box: 0.540 0.105 0.000 0.564 0.151 0.002 m19
#box: 0.758 0.200 0.000 0.768 0.231 0.002 m19
#box: 0.663 0.140 0.000 0.667 0.177 0.002 m18
#box: 0.349 0.121 0.000 0.376 0.150 0.002 m19
#box: 0.889 0.200 0.000 0.895 0.222 0.002 m12
#box: 0.712 0.184 0.000 0.748 0.209 0.002 m17
#box: 0.332 0.139 0.000 0.336 0.168 0.002 m3
#box: 0.232 0.131 0.000 0.246 0.163 0.002 m6
#box: 0.848 0.151 0.000 0.862 0.194 0.002 m5
#box: 0.155 0.138 0.000 0.174 0.187 0.002 m16
#box: 0.847 0.122 0.000 0.859 0.165 0.002 m20
#box: 1.088 0.164 0.000 1.112 0.189 0.002 m7
#box: 0.717 0.206 0.000 0.728 0.237 0.002 m3
#box: 0.104 0.191 0.000 0.135 0.212 0.002 m10
#box: 0.783 0.112 0.000 0.813 0.152 0.002 m3
#box: 0.385 0.171 0.000 0.421 0.202 0.002 m8
#box: 0.258 0.186 0.000 0.269 0.215 0.002 m7
#box: 0.130 0.169 0.000 0.147 0.203 0.002 m4
#box: 0.917 0.118 0.000 0.951 0.160 0.002 m18
#box: 0.949 0.219 0.000 0.970 0.245 0.002 m19
#box: 1.017 0.212 0.000 1.054 0.250 0.002 m11
#box: 0.241 0.122 0.000 0.257 0.157 0.002 m8
#box: 0.078 0.153 0.000 0.100 0.194 0.002 m2
#box: 0.747 0.189 0.000 0.757 0.216 0.002 m7
#box: 0.770 0.110 0.000 0.789 0.156 0.002 m8
#box: 0.827 0.146 0.000 0.845 0.187 0.002 m9
#box: 0.842 0.126 0.000 0.866 0.161 0.002 m5
#box: 0.342 0.192 0.000 0.377 0.234 0.002 m16
#box: 0.516 0.206 0.000 0.548 0.243 0.002 m8
#box: 0.233 0.203 0.000 0.268 0.244 0.002 m10
#box: 0.275 0.171 0.000 0.307 0.200 0.002 m12
#box: 0.158 0.131 0.000 0.183 0.161 0.002 m14
#box: 0.155 0.175 0.000 0.194 0.216 0.002 m18
#box: 0.392 0.132 0.000 0.410 0.173 0.002 m4
#box: 0.196 0.209 0.000 0.230 0.248 0.002 m8
#box: 1.085 0.135 0.000 1.114 0.183 0.002 m10
#box: 0.824 0.155 0.000 0.861 0.175 0.002 m10
#box: 0.115 0.188 0.000 0.132 0.232 0.002 m20
#box: 1.019 0.112 0.000 1.030 0.161 0.002 m10
