testingplz 
#domain: 1.200 0.300 0.002 
#dx_dy_dz: 0.002 0.002 0.002 
#time_window: 5.000000e-09 

#excitation_file: mala_source_modified.txt 
#hertzian_dipole: z 0.080 0.250 0 mala_source 
#rx: 0.120 0.250 0.000 
#src_steps: 0.002 0.000 0.000 
#rx_steps: 0.002 0.000 0.000 

#material: 5.000 0.220 1.000 0.000 concrete
#material: 1.000 0.000 1.000 0.000 air
#material: 80.000 0.500 1.000 0.000 water

#material: 1.000 0.000 1.000 0.000 m1
#material: 2.000 0.000 1.000 0.000 m2
#material: 3.000 0.000 1.000 0.000 m3
#material: 4.000 0.000 1.000 0.000 m4
#material: 5.000 0.000 1.000 0.000 m5
#material: 6.000 0.000 1.000 0.000 m6
#material: 7.000 0.000 1.000 0.000 m7
#material: 8.000 0.000 1.000 0.000 m8
#material: 9.000 0.000 1.000 0.000 m9
#material: 10.000 0.000 1.000 0.000 m10
#material: 11.000 0.000 1.000 0.000 m11
#material: 12.000 0.000 1.000 0.000 m12
#material: 13.000 0.000 1.000 0.000 m13
#material: 14.000 0.000 1.000 0.000 m14
#material: 15.000 0.000 1.000 0.000 m15
#material: 16.000 0.000 1.000 0.000 m16
#material: 17.000 0.000 1.000 0.000 m17
#material: 18.000 0.000 1.000 0.000 m18
#material: 19.000 0.000 1.000 0.000 m19
#material: 20.000 0.000 1.000 0.000 m20

#box: 0.000 0.000 0.000 1.200 0.250 0.002 concrete

#box: 0.515 0.164 0.000 0.535 0.191 0.002 m20
#box: 0.774 0.156 0.000 0.792 0.188 0.002 m7
#box: 0.534 0.191 0.000 0.560 0.216 0.002 m6
#box: 0.544 0.155 0.000 0.575 0.195 0.002 m16
#box: 0.379 0.143 0.000 0.398 0.182 0.002 m8
#box: 0.838 0.146 0.000 0.856 0.192 0.002 m1
#box: 0.680 0.148 0.000 0.694 0.174 0.002 m15
#box: 0.072 0.117 0.000 0.102 0.155 0.002 m11
#box: 0.306 0.199 0.000 0.310 0.248 0.002 m16
#box: 0.848 0.203 0.000 0.866 0.234 0.002 m11
#box: 0.988 0.137 0.000 1.002 0.180 0.002 m15
#box: 0.122 0.157 0.000 0.135 0.188 0.002 m2
#box: 0.811 0.163 0.000 0.832 0.200 0.002 m19
#box: 0.943 0.110 0.000 0.976 0.152 0.002 m3
#box: 0.087 0.195 0.000 0.103 0.219 0.002 m16
#box: 0.159 0.181 0.000 0.179 0.202 0.002 m7
#box: 0.044 0.164 0.000 0.062 0.187 0.002 m19
#box: 0.196 0.165 0.000 0.217 0.197 0.002 m6
#box: 0.800 0.124 0.000 0.812 0.151 0.002 m15
#box: 0.205 0.131 0.000 0.209 0.172 0.002 m6
#box: 0.668 0.121 0.000 0.679 0.158 0.002 m1
#box: 0.041 0.159 0.000 0.081 0.184 0.002 m6
#box: 0.482 0.149 0.000 0.519 0.191 0.002 m17
#box: 0.439 0.164 0.000 0.470 0.198 0.002 m6
#box: 0.975 0.193 0.000 0.993 0.236 0.002 m7
#box: 0.862 0.182 0.000 0.897 0.228 0.002 m3
#box: 0.222 0.195 0.000 0.234 0.245 0.002 m11
#box: 0.574 0.119 0.000 0.604 0.164 0.002 m5
#box: 0.327 0.176 0.000 0.361 0.222 0.002 m10
#box: 0.410 0.181 0.000 0.437 0.210 0.002 m8
#box: 0.120 0.164 0.000 0.125 0.212 0.002 m6
#box: 0.954 0.139 0.000 0.990 0.162 0.002 m15
#box: 0.760 0.120 0.000 0.796 0.154 0.002 m9
#box: 1.013 0.192 0.000 1.034 0.219 0.002 m5
#box: 0.456 0.168 0.000 0.480 0.208 0.002 m12
#box: 0.524 0.219 0.000 0.540 0.246 0.002 m10
#box: 0.268 0.122 0.000 0.299 0.153 0.002 m16
#box: 0.667 0.162 0.000 0.691 0.209 0.002 m3
#box: 0.371 0.219 0.000 0.394 0.243 0.002 m6
#box: 0.627 0.120 0.000 0.647 0.168 0.002 m15
#box: 0.387 0.107 0.000 0.395 0.153 0.002 m3
#box: 0.146 0.195 0.000 0.154 0.224 0.002 m8
#box: 0.865 0.146 0.000 0.885 0.177 0.002 m3
#box: 0.856 0.149 0.000 0.884 0.180 0.002 m7
#box: 1.009 0.150 0.000 1.038 0.193 0.002 m2
#box: 0.277 0.135 0.000 0.281 0.158 0.002 m9
#box: 0.493 0.146 0.000 0.503 0.170 0.002 m7
#box: 0.996 0.220 0.000 1.034 0.250 0.002 m18
#box: 1.067 0.176 0.000 1.105 0.208 0.002 m5
#box: 1.042 0.124 0.000 1.053 0.150 0.002 m19
#box: 0.381 0.176 0.000 0.388 0.197 0.002 m15
#box: 0.149 0.177 0.000 0.189 0.219 0.002 m18
#box: 0.724 0.127 0.000 0.753 0.164 0.002 m17
#box: 0.623 0.218 0.000 0.649 0.244 0.002 m15
#box: 0.632 0.209 0.000 0.639 0.250 0.002 m19
#box: 0.439 0.164 0.000 0.458 0.186 0.002 m20
#box: 0.211 0.155 0.000 0.245 0.178 0.002 m8
#box: 0.426 0.128 0.000 0.463 0.156 0.002 m18
#box: 0.901 0.206 0.000 0.930 0.231 0.002 m6
#box: 0.702 0.136 0.000 0.726 0.185 0.002 m6
#box: 0.551 0.139 0.000 0.560 0.182 0.002 m1
#box: 0.731 0.216 0.000 0.740 0.248 0.002 m5
#box: 0.235 0.188 0.000 0.266 0.223 0.002 m7
#box: 0.377 0.154 0.000 0.388 0.187 0.002 m19
#box: 0.981 0.168 0.000 1.017 0.190 0.002 m3
#box: 0.959 0.153 0.000 0.983 0.185 0.002 m19
#box: 0.842 0.181 0.000 0.851 0.228 0.002 m15
#box: 0.098 0.143 0.000 0.103 0.172 0.002 m11
#box: 0.958 0.166 0.000 0.996 0.192 0.002 m4
#box: 0.304 0.204 0.000 0.322 0.247 0.002 m7
#box: 0.770 0.184 0.000 0.780 0.208 0.002 m16
#box: 0.117 0.112 0.000 0.128 0.156 0.002 m2
#box: 0.818 0.105 0.000 0.828 0.155 0.002 m6
#box: 0.197 0.157 0.000 0.209 0.207 0.002 m11
#box: 0.452 0.209 0.000 0.476 0.245 0.002 m3
#box: 0.759 0.172 0.000 0.767 0.204 0.002 m4
#box: 0.795 0.120 0.000 0.816 0.150 0.002 m4
#box: 0.556 0.170 0.000 0.591 0.218 0.002 m16
#box: 0.860 0.153 0.000 0.896 0.195 0.002 m15
#box: 0.917 0.217 0.000 0.945 0.246 0.002 m6
#box: 0.936 0.160 0.000 0.950 0.180 0.002 m19
#box: 0.869 0.188 0.000 0.893 0.232 0.002 m19
#box: 0.819 0.135 0.000 0.847 0.158 0.002 m12
#box: 0.998 0.151 0.000 1.020 0.174 0.002 m19
#box: 0.934 0.130 0.000 0.959 0.166 0.002 m12
#box: 0.952 0.134 0.000 0.958 0.162 0.002 m15
#box: 0.312 0.191 0.000 0.352 0.240 0.002 m8
#box: 0.679 0.110 0.000 0.711 0.157 0.002 m13
#box: 0.896 0.196 0.000 0.901 0.241 0.002 m2
#box: 0.904 0.173 0.000 0.937 0.197 0.002 m13
#box: 0.729 0.133 0.000 0.738 0.155 0.002 m16
#box: 0.999 0.202 0.000 1.038 0.222 0.002 m3
#box: 0.154 0.199 0.000 0.163 0.222 0.002 m17
#box: 0.104 0.137 0.000 0.120 0.166 0.002 m18
#box: 1.095 0.196 0.000 1.106 0.232 0.002 m15
#box: 0.707 0.172 0.000 0.724 0.216 0.002 m2
#box: 0.496 0.122 0.000 0.515 0.163 0.002 m9
#box: 1.094 0.213 0.000 1.111 0.244 0.002 m14
#box: 1.030 0.131 0.000 1.055 0.181 0.002 m19
#box: 0.898 0.190 0.000 0.933 0.220 0.002 m15
#box: 0.911 0.170 0.000 0.924 0.209 0.002 m15
#box: 0.994 0.139 0.000 1.033 0.161 0.002 m19
#box: 0.883 0.191 0.000 0.904 0.217 0.002 m8
#box: 0.409 0.188 0.000 0.413 0.227 0.002 m6
#box: 0.961 0.200 0.000 0.990 0.242 0.002 m15
#box: 0.259 0.217 0.000 0.282 0.243 0.002 m10
#box: 0.121 0.153 0.000 0.135 0.189 0.002 m19
#box: 0.086 0.180 0.000 0.101 0.209 0.002 m6
#box: 0.220 0.185 0.000 0.224 0.223 0.002 m6
#box: 0.802 0.152 0.000 0.807 0.190 0.002 m13
#box: 0.877 0.149 0.000 0.904 0.172 0.002 m20
#box: 0.637 0.134 0.000 0.648 0.165 0.002 m2
#box: 0.973 0.128 0.000 0.988 0.159 0.002 m19
#box: 0.908 0.170 0.000 0.916 0.204 0.002 m3
#box: 1.085 0.133 0.000 1.114 0.164 0.002 m8
#box: 0.166 0.116 0.000 0.196 0.153 0.002 m16
#box: 0.178 0.183 0.000 0.209 0.233 0.002 m11
#box: 0.162 0.177 0.000 0.200 0.222 0.002 m8
#box: 0.487 0.177 0.000 0.519 0.206 0.002 m6
#box: 0.881 0.123 0.000 0.885 0.172 0.002 m17
#box: 0.995 0.113 0.000 1.027 0.163 0.002 m12
#box: 0.873 0.139 0.000 0.900 0.181 0.002 m10
#box: 0.024 0.166 0.000 0.056 0.204 0.002 m18
#box: 0.149 0.187 0.000 0.154 0.207 0.002 m12
#box: 0.305 0.205 0.000 0.336 0.229 0.002 m16
#box: 0.908 0.160 0.000 0.934 0.188 0.002 m7
#box: 0.379 0.174 0.000 0.401 0.222 0.002 m11
#box: 0.160 0.189 0.000 0.175 0.233 0.002 m7
#box: 0.205 0.127 0.000 0.234 0.155 0.002 m9
#box: 1.006 0.222 0.000 1.046 0.248 0.002 m7
#box: 0.502 0.137 0.000 0.538 0.161 0.002 m20
#box: 0.802 0.113 0.000 0.818 0.156 0.002 m18
#box: 0.687 0.181 0.000 0.711 0.227 0.002 m2
#box: 1.000 0.151 0.000 1.029 0.178 0.002 m2
#box: 1.033 0.142 0.000 1.059 0.173 0.002 m1
#box: 0.420 0.171 0.000 0.428 0.194 0.002 m4
#box: 0.347 0.134 0.000 0.374 0.170 0.002 m20
#box: 0.798 0.124 0.000 0.822 0.172 0.002 m11
#box: 0.038 0.150 0.000 0.049 0.200 0.002 m4
#box: 0.894 0.210 0.000 0.902 0.243 0.002 m19
#box: 0.566 0.116 0.000 0.593 0.163 0.002 m12
#box: 0.230 0.137 0.000 0.238 0.181 0.002 m16
#box: 0.153 0.174 0.000 0.177 0.197 0.002 m16
#box: 0.011 0.141 0.000 0.047 0.167 0.002 m18
#box: 0.504 0.159 0.000 0.527 0.185 0.002 m18
#box: 0.259 0.203 0.000 0.299 0.227 0.002 m20
#box: 0.907 0.189 0.000 0.925 0.230 0.002 m18
#box: 0.212 0.115 0.000 0.231 0.153 0.002 m1
#box: 0.793 0.178 0.000 0.827 0.211 0.002 m4
#box: 0.223 0.185 0.000 0.233 0.208 0.002 m7
#box: 0.371 0.202 0.000 0.407 0.246 0.002 m13
#box: 0.543 0.117 0.000 0.573 0.166 0.002 m19
#box: 0.576 0.147 0.000 0.609 0.183 0.002 m20
#box: 0.449 0.180 0.000 0.482 0.203 0.002 m8
#box: 0.848 0.222 0.000 0.868 0.247 0.002 m14
#box: 0.896 0.165 0.000 0.913 0.196 0.002 m13
#box: 0.403 0.172 0.000 0.430 0.215 0.002 m17
#box: 0.163 0.183 0.000 0.193 0.233 0.002 m11
#box: 0.561 0.193 0.000 0.572 0.242 0.002 m18
#box: 0.826 0.188 0.000 0.861 0.213 0.002 m8
#box: 0.629 0.147 0.000 0.651 0.193 0.002 m17
#box: 0.698 0.157 0.000 0.705 0.179 0.002 m13
#box: 0.289 0.186 0.000 0.305 0.236 0.002 m10
#box: 0.037 0.220 0.000 0.073 0.249 0.002 m19
#box: 0.385 0.142 0.000 0.421 0.181 0.002 m6
#box: 0.677 0.145 0.000 0.713 0.195 0.002 m2
#box: 0.781 0.122 0.000 0.797 0.164 0.002 m4
#box: 0.672 0.199 0.000 0.698 0.241 0.002 m3
#box: 0.583 0.183 0.000 0.621 0.205 0.002 m6
#box: 0.025 0.222 0.000 0.044 0.244 0.002 m14
#box: 0.747 0.161 0.000 0.760 0.185 0.002 m5
#box: 0.809 0.151 0.000 0.821 0.200 0.002 m17
#box: 0.652 0.152 0.000 0.677 0.191 0.002 m12
#box: 0.169 0.216 0.000 0.180 0.248 0.002 m11
#box: 0.166 0.196 0.000 0.205 0.227 0.002 m16
#box: 0.314 0.198 0.000 0.348 0.234 0.002 m10
#box: 0.406 0.130 0.000 0.444 0.177 0.002 m13
#box: 0.112 0.169 0.000 0.150 0.219 0.002 m7
#box: 0.253 0.166 0.000 0.289 0.197 0.002 m6
#box: 0.879 0.198 0.000 0.919 0.233 0.002 m13
#box: 0.552 0.134 0.000 0.580 0.168 0.002 m17
#box: 0.555 0.151 0.000 0.589 0.182 0.002 m13
#box: 0.294 0.141 0.000 0.309 0.179 0.002 m1
#box: 1.079 0.181 0.000 1.109 0.231 0.002 m20
#box: 0.954 0.222 0.000 0.971 0.248 0.002 m19
#box: 0.769 0.169 0.000 0.803 0.192 0.002 m11
#box: 0.059 0.178 0.000 0.075 0.207 0.002 m1
#box: 0.308 0.212 0.000 0.346 0.235 0.002 m1
#box: 0.034 0.181 0.000 0.064 0.201 0.002 m20
#box: 1.027 0.157 0.000 1.046 0.187 0.002 m8
#box: 0.937 0.215 0.000 0.959 0.238 0.002 m2
#box: 0.194 0.204 0.000 0.203 0.238 0.002 m3
#box: 0.392 0.214 0.000 0.427 0.243 0.002 m17
#box: 0.370 0.159 0.000 0.407 0.184 0.002 m14
#box: 0.721 0.200 0.000 0.726 0.242 0.002 m7
#box: 0.335 0.157 0.000 0.351 0.190 0.002 m18
#box: 0.302 0.128 0.000 0.327 0.154 0.002 m12
#box: 0.189 0.161 0.000 0.224 0.199 0.002 m17
#box: 0.705 0.142 0.000 0.719 0.191 0.002 m7
#box: 0.127 0.202 0.000 0.141 0.223 0.002 m7
