testingplz 
#domain: 1.200 0.300 0.002 
#dx_dy_dz: 0.002 0.002 0.002 
#time_window: 5.000000e-09 

#excitation_file: mala_source_modified.txt 
#hertzian_dipole: z 0.080 0.250 0 mala_source 
#rx: 0.120 0.250 0.000 
#src_steps: 0.002 0.000 0.000 
#rx_steps: 0.002 0.000 0.000 

#material: 5.000 0.220 1.000 0.000 concrete
#material: 1.000 0.000 1.000 0.000 air
#material: 80.000 0.500 1.000 0.000 water

#material: 1.000 0.000 1.000 0.000 m1
#material: 2.000 0.000 1.000 0.000 m2
#material: 3.000 0.000 1.000 0.000 m3
#material: 4.000 0.000 1.000 0.000 m4
#material: 5.000 0.000 1.000 0.000 m5
#material: 6.000 0.000 1.000 0.000 m6
#material: 7.000 0.000 1.000 0.000 m7
#material: 8.000 0.000 1.000 0.000 m8
#material: 9.000 0.000 1.000 0.000 m9
#material: 10.000 0.000 1.000 0.000 m10
#material: 11.000 0.000 1.000 0.000 m11
#material: 12.000 0.000 1.000 0.000 m12
#material: 13.000 0.000 1.000 0.000 m13
#material: 14.000 0.000 1.000 0.000 m14
#material: 15.000 0.000 1.000 0.000 m15
#material: 16.000 0.000 1.000 0.000 m16
#material: 17.000 0.000 1.000 0.000 m17
#material: 18.000 0.000 1.000 0.000 m18
#material: 19.000 0.000 1.000 0.000 m19
#material: 20.000 0.000 1.000 0.000 m20

#box: 0.000 0.000 0.000 1.200 0.250 0.002 concrete

#box: 0.610 0.154 0.000 0.615 0.197 0.002 m8
#box: 1.095 0.154 0.000 1.121 0.201 0.002 m3
#box: 0.560 0.124 0.000 0.568 0.155 0.002 m17
#box: 0.397 0.105 0.000 0.420 0.150 0.002 m16
#box: 0.398 0.158 0.000 0.403 0.206 0.002 m3
#box: 0.640 0.204 0.000 0.646 0.241 0.002 m9
#box: 0.485 0.180 0.000 0.519 0.206 0.002 m16
#box: 1.045 0.168 0.000 1.059 0.209 0.002 m7
#box: 0.839 0.136 0.000 0.867 0.171 0.002 m14
#box: 0.230 0.181 0.000 0.259 0.229 0.002 m2
#box: 0.705 0.187 0.000 0.724 0.223 0.002 m1
#box: 0.991 0.159 0.000 1.026 0.209 0.002 m4
#box: 0.672 0.154 0.000 0.689 0.191 0.002 m10
#box: 0.125 0.225 0.000 0.156 0.247 0.002 m11
#box: 0.186 0.148 0.000 0.192 0.194 0.002 m20
#box: 0.734 0.126 0.000 0.760 0.167 0.002 m5
#box: 0.177 0.227 0.000 0.204 0.248 0.002 m9
#box: 0.713 0.163 0.000 0.720 0.190 0.002 m6
#box: 0.097 0.224 0.000 0.108 0.245 0.002 m1
#box: 1.002 0.131 0.000 1.037 0.173 0.002 m5
#box: 0.094 0.145 0.000 0.126 0.190 0.002 m12
#box: 0.286 0.171 0.000 0.304 0.221 0.002 m4
#box: 0.555 0.181 0.000 0.594 0.214 0.002 m12
#box: 0.232 0.140 0.000 0.263 0.171 0.002 m3
#box: 0.081 0.114 0.000 0.089 0.156 0.002 m11
#box: 0.426 0.151 0.000 0.461 0.196 0.002 m20
#box: 0.549 0.191 0.000 0.577 0.214 0.002 m2
#box: 0.826 0.184 0.000 0.839 0.233 0.002 m16
#box: 0.573 0.170 0.000 0.592 0.201 0.002 m11
#box: 0.828 0.207 0.000 0.856 0.243 0.002 m1
#box: 0.253 0.188 0.000 0.264 0.209 0.002 m6
#box: 0.835 0.160 0.000 0.839 0.201 0.002 m20
#box: 0.426 0.132 0.000 0.454 0.161 0.002 m13
#box: 0.168 0.183 0.000 0.201 0.222 0.002 m9
#box: 0.158 0.139 0.000 0.190 0.174 0.002 m4
#box: 0.507 0.158 0.000 0.529 0.192 0.002 m14
#box: 1.060 0.188 0.000 1.094 0.215 0.002 m8
#box: 1.012 0.192 0.000 1.027 0.231 0.002 m6
#box: 0.260 0.133 0.000 0.275 0.155 0.002 m19
#box: 0.010 0.177 0.000 0.035 0.204 0.002 m17
#box: 0.099 0.209 0.000 0.104 0.242 0.002 m10
#box: 0.743 0.191 0.000 0.756 0.228 0.002 m1
#box: 0.802 0.130 0.000 0.833 0.162 0.002 m19
#box: 0.324 0.196 0.000 0.363 0.239 0.002 m14
#box: 0.274 0.155 0.000 0.283 0.205 0.002 m14
#box: 0.179 0.135 0.000 0.183 0.179 0.002 m19
#box: 0.275 0.196 0.000 0.315 0.240 0.002 m9
#box: 0.067 0.135 0.000 0.091 0.174 0.002 m14
#box: 0.330 0.144 0.000 0.347 0.175 0.002 m2
#box: 0.564 0.120 0.000 0.586 0.156 0.002 m3
#box: 0.204 0.180 0.000 0.230 0.220 0.002 m2
#box: 1.012 0.131 0.000 1.035 0.169 0.002 m12
#box: 0.233 0.166 0.000 0.264 0.204 0.002 m19
#box: 0.444 0.184 0.000 0.456 0.218 0.002 m15
#box: 0.370 0.133 0.000 0.389 0.178 0.002 m20
#box: 1.057 0.135 0.000 1.073 0.180 0.002 m15
#box: 0.453 0.142 0.000 0.477 0.184 0.002 m13
#box: 1.053 0.186 0.000 1.059 0.223 0.002 m4
#box: 0.755 0.154 0.000 0.787 0.198 0.002 m7
#box: 0.331 0.216 0.000 0.368 0.239 0.002 m8
#box: 0.366 0.156 0.000 0.386 0.205 0.002 m9
#box: 0.551 0.184 0.000 0.579 0.210 0.002 m7
#box: 0.349 0.143 0.000 0.362 0.163 0.002 m16
#box: 0.915 0.174 0.000 0.921 0.198 0.002 m9
#box: 0.661 0.129 0.000 0.666 0.150 0.002 m15
#box: 1.015 0.217 0.000 1.042 0.250 0.002 m6
#box: 0.836 0.180 0.000 0.872 0.205 0.002 m20
#box: 0.071 0.134 0.000 0.088 0.166 0.002 m2
#box: 0.666 0.174 0.000 0.698 0.194 0.002 m9
#box: 0.985 0.128 0.000 1.005 0.173 0.002 m7
#box: 0.681 0.196 0.000 0.713 0.242 0.002 m1
#box: 0.541 0.159 0.000 0.566 0.205 0.002 m5
#box: 0.751 0.199 0.000 0.759 0.239 0.002 m10
#box: 0.815 0.195 0.000 0.820 0.242 0.002 m15
#box: 0.578 0.209 0.000 0.609 0.239 0.002 m9
#box: 0.132 0.187 0.000 0.161 0.229 0.002 m6
#box: 0.158 0.152 0.000 0.183 0.179 0.002 m2
#box: 0.751 0.198 0.000 0.768 0.222 0.002 m11
#box: 0.908 0.179 0.000 0.913 0.223 0.002 m12
#box: 0.296 0.150 0.000 0.324 0.176 0.002 m12
#box: 0.344 0.121 0.000 0.360 0.170 0.002 m16
#box: 0.814 0.162 0.000 0.824 0.208 0.002 m17
#box: 1.007 0.104 0.000 1.012 0.154 0.002 m4
#box: 1.029 0.131 0.000 1.040 0.160 0.002 m8
#box: 0.524 0.153 0.000 0.536 0.193 0.002 m16
#box: 0.101 0.180 0.000 0.130 0.200 0.002 m18
#box: 0.377 0.206 0.000 0.417 0.237 0.002 m20
#box: 0.415 0.206 0.000 0.452 0.230 0.002 m4
#box: 0.340 0.208 0.000 0.380 0.231 0.002 m19
#box: 0.074 0.131 0.000 0.085 0.174 0.002 m5
#box: 0.125 0.140 0.000 0.147 0.180 0.002 m12
#box: 0.282 0.126 0.000 0.293 0.156 0.002 m6
#box: 0.999 0.189 0.000 1.021 0.228 0.002 m9
#box: 0.855 0.141 0.000 0.892 0.184 0.002 m19
#box: 0.749 0.211 0.000 0.771 0.241 0.002 m15
#box: 1.082 0.124 0.000 1.095 0.172 0.002 m16
#box: 0.841 0.131 0.000 0.865 0.157 0.002 m18
#box: 0.912 0.186 0.000 0.938 0.210 0.002 m14
#box: 0.326 0.151 0.000 0.358 0.193 0.002 m4
#box: 1.048 0.187 0.000 1.071 0.225 0.002 m11
#box: 0.638 0.154 0.000 0.667 0.187 0.002 m14
#box: 0.527 0.210 0.000 0.567 0.244 0.002 m11
#box: 0.800 0.163 0.000 0.804 0.204 0.002 m8
#box: 0.147 0.133 0.000 0.187 0.179 0.002 m8
#box: 0.371 0.202 0.000 0.391 0.223 0.002 m11
#box: 0.495 0.119 0.000 0.500 0.164 0.002 m20
#box: 0.938 0.133 0.000 0.963 0.156 0.002 m19
#box: 0.321 0.145 0.000 0.326 0.166 0.002 m20
#box: 0.682 0.120 0.000 0.712 0.161 0.002 m13
#box: 0.962 0.214 0.000 0.997 0.242 0.002 m8
#box: 0.569 0.181 0.000 0.573 0.207 0.002 m14
#box: 0.182 0.211 0.000 0.189 0.232 0.002 m17
#box: 0.204 0.200 0.000 0.211 0.237 0.002 m13
#box: 1.049 0.166 0.000 1.067 0.195 0.002 m5
#box: 0.661 0.205 0.000 0.674 0.230 0.002 m1
#box: 0.575 0.145 0.000 0.612 0.180 0.002 m6
#box: 0.429 0.189 0.000 0.441 0.222 0.002 m7
#box: 0.990 0.137 0.000 1.014 0.179 0.002 m9
#box: 0.307 0.155 0.000 0.332 0.195 0.002 m9
#box: 0.922 0.181 0.000 0.953 0.220 0.002 m18
#box: 0.318 0.196 0.000 0.324 0.218 0.002 m17
#box: 0.409 0.192 0.000 0.429 0.217 0.002 m19
#box: 1.007 0.172 0.000 1.030 0.202 0.002 m10
#box: 0.769 0.139 0.000 0.786 0.185 0.002 m1
#box: 0.916 0.152 0.000 0.956 0.198 0.002 m3
#box: 0.438 0.173 0.000 0.462 0.217 0.002 m12
#box: 0.884 0.159 0.000 0.903 0.190 0.002 m5
#box: 1.033 0.205 0.000 1.068 0.245 0.002 m4
#box: 0.323 0.199 0.000 0.350 0.221 0.002 m17
#box: 0.923 0.173 0.000 0.942 0.202 0.002 m12
#box: 0.755 0.145 0.000 0.795 0.171 0.002 m17
#box: 0.635 0.182 0.000 0.642 0.212 0.002 m17
#box: 0.688 0.134 0.000 0.717 0.160 0.002 m13
#box: 0.340 0.178 0.000 0.379 0.220 0.002 m14
#box: 0.634 0.122 0.000 0.665 0.160 0.002 m4
#box: 0.285 0.145 0.000 0.317 0.183 0.002 m6
#box: 0.183 0.142 0.000 0.198 0.185 0.002 m16
#box: 0.303 0.189 0.000 0.315 0.218 0.002 m20
#box: 0.188 0.129 0.000 0.224 0.155 0.002 m5
#box: 0.387 0.134 0.000 0.406 0.174 0.002 m16
#box: 0.558 0.174 0.000 0.577 0.223 0.002 m14
#box: 0.309 0.151 0.000 0.332 0.183 0.002 m8
#box: 0.380 0.162 0.000 0.389 0.210 0.002 m12
#box: 0.601 0.213 0.000 0.636 0.244 0.002 m3
#box: 0.046 0.198 0.000 0.069 0.247 0.002 m4
#box: 0.492 0.108 0.000 0.521 0.154 0.002 m7
#box: 0.792 0.194 0.000 0.817 0.219 0.002 m15
#box: 0.665 0.139 0.000 0.669 0.182 0.002 m4
#box: 0.239 0.128 0.000 0.244 0.173 0.002 m19
#box: 0.486 0.114 0.000 0.492 0.156 0.002 m8
#box: 0.585 0.158 0.000 0.590 0.203 0.002 m18
#box: 0.979 0.169 0.000 1.014 0.209 0.002 m5
#box: 0.321 0.205 0.000 0.344 0.244 0.002 m15
#box: 0.842 0.173 0.000 0.877 0.195 0.002 m2
#box: 0.603 0.119 0.000 0.641 0.150 0.002 m2
#box: 0.374 0.212 0.000 0.412 0.248 0.002 m1
#box: 0.585 0.127 0.000 0.599 0.175 0.002 m3
#box: 0.510 0.187 0.000 0.541 0.227 0.002 m8
#box: 0.563 0.172 0.000 0.599 0.210 0.002 m15
#box: 0.326 0.190 0.000 0.364 0.233 0.002 m16
#box: 0.608 0.175 0.000 0.637 0.200 0.002 m20
#box: 0.973 0.217 0.000 1.001 0.242 0.002 m15
#box: 0.547 0.147 0.000 0.562 0.172 0.002 m12
#box: 0.372 0.141 0.000 0.376 0.174 0.002 m4
#box: 0.238 0.225 0.000 0.260 0.246 0.002 m4
#box: 0.230 0.172 0.000 0.262 0.214 0.002 m20
#box: 0.030 0.167 0.000 0.037 0.190 0.002 m9
#box: 0.380 0.152 0.000 0.404 0.172 0.002 m16
#box: 0.546 0.181 0.000 0.573 0.202 0.002 m14
#box: 0.741 0.145 0.000 0.771 0.174 0.002 m4
#box: 0.476 0.123 0.000 0.483 0.171 0.002 m18
#box: 0.610 0.180 0.000 0.625 0.220 0.002 m5
#box: 0.193 0.189 0.000 0.202 0.213 0.002 m1
#box: 0.748 0.155 0.000 0.768 0.191 0.002 m11
#box: 0.731 0.144 0.000 0.744 0.187 0.002 m5
#box: 0.726 0.152 0.000 0.749 0.190 0.002 m3
#box: 0.977 0.218 0.000 1.010 0.241 0.002 m14
#box: 1.100 0.200 0.000 1.106 0.222 0.002 m12
#box: 0.121 0.152 0.000 0.125 0.193 0.002 m5
#box: 0.164 0.182 0.000 0.178 0.210 0.002 m3
#box: 0.243 0.206 0.000 0.274 0.227 0.002 m10
#box: 0.106 0.119 0.000 0.146 0.159 0.002 m1
#box: 1.009 0.160 0.000 1.036 0.183 0.002 m7
#box: 1.070 0.103 0.000 1.088 0.153 0.002 m4
#box: 0.423 0.131 0.000 0.433 0.165 0.002 m11
#box: 0.767 0.218 0.000 0.780 0.246 0.002 m17
#box: 0.249 0.162 0.000 0.281 0.210 0.002 m19
#box: 0.096 0.146 0.000 0.112 0.177 0.002 m2
#box: 0.722 0.128 0.000 0.728 0.161 0.002 m14
#box: 0.590 0.223 0.000 0.599 0.250 0.002 m6
#box: 0.075 0.136 0.000 0.093 0.161 0.002 m8
#box: 0.951 0.176 0.000 0.973 0.197 0.002 m19
#box: 0.367 0.137 0.000 0.375 0.169 0.002 m7
#box: 0.880 0.145 0.000 0.901 0.195 0.002 m16
#box: 0.991 0.170 0.000 0.997 0.210 0.002 m7
#box: 0.023 0.205 0.000 0.060 0.228 0.002 m1
#box: 0.747 0.125 0.000 0.758 0.153 0.002 m9
#box: 0.901 0.190 0.000 0.936 0.219 0.002 m18
#box: 0.424 0.154 0.000 0.460 0.198 0.002 m20
#box: 0.391 0.134 0.000 0.421 0.172 0.002 m12
