testingplz 
#domain: 1.200 0.300 0.002 
#dx_dy_dz: 0.002 0.002 0.002 
#time_window: 5.000000e-09 

#excitation_file: mala_source_modified.txt 
#hertzian_dipole: z 0.080 0.250 0 mala_source 
#rx: 0.120 0.250 0.000 
#src_steps: 0.002 0.000 0.000 
#rx_steps: 0.002 0.000 0.000 

#material: 5.000 0.220 1.000 0.000 concrete
#material: 1.000 0.000 1.000 0.000 air
#material: 80.000 0.500 1.000 0.000 water

#material: 1.000 0.000 1.000 0.000 m1
#material: 2.000 0.000 1.000 0.000 m2
#material: 3.000 0.000 1.000 0.000 m3
#material: 4.000 0.000 1.000 0.000 m4
#material: 5.000 0.000 1.000 0.000 m5
#material: 6.000 0.000 1.000 0.000 m6
#material: 7.000 0.000 1.000 0.000 m7
#material: 8.000 0.000 1.000 0.000 m8
#material: 9.000 0.000 1.000 0.000 m9
#material: 10.000 0.000 1.000 0.000 m10
#material: 11.000 0.000 1.000 0.000 m11
#material: 12.000 0.000 1.000 0.000 m12
#material: 13.000 0.000 1.000 0.000 m13
#material: 14.000 0.000 1.000 0.000 m14
#material: 15.000 0.000 1.000 0.000 m15
#material: 16.000 0.000 1.000 0.000 m16
#material: 17.000 0.000 1.000 0.000 m17
#material: 18.000 0.000 1.000 0.000 m18
#material: 19.000 0.000 1.000 0.000 m19
#material: 20.000 0.000 1.000 0.000 m20

#box: 0.000 0.000 0.000 1.200 0.250 0.002 concrete

#box: 0.057 0.107 0.000 0.069 0.150 0.002 m4
#box: 0.420 0.128 0.000 0.424 0.158 0.002 m18
#box: 0.165 0.124 0.000 0.176 0.168 0.002 m10
#box: 0.794 0.199 0.000 0.800 0.221 0.002 m20
#box: 0.686 0.207 0.000 0.690 0.248 0.002 m2
#box: 1.062 0.167 0.000 1.102 0.203 0.002 m2
#box: 0.980 0.127 0.000 0.992 0.170 0.002 m20
#box: 0.624 0.175 0.000 0.653 0.218 0.002 m16
#box: 0.404 0.146 0.000 0.410 0.174 0.002 m6
#box: 0.254 0.123 0.000 0.283 0.161 0.002 m13
#box: 0.391 0.161 0.000 0.395 0.195 0.002 m16
#box: 1.022 0.104 0.000 1.029 0.153 0.002 m18
#box: 0.604 0.196 0.000 0.617 0.241 0.002 m1
#box: 1.028 0.120 0.000 1.044 0.160 0.002 m10
#box: 1.071 0.217 0.000 1.075 0.250 0.002 m10
#box: 0.845 0.125 0.000 0.853 0.161 0.002 m5
#box: 0.188 0.179 0.000 0.193 0.218 0.002 m18
#box: 0.052 0.174 0.000 0.058 0.206 0.002 m16
#box: 0.889 0.137 0.000 0.925 0.178 0.002 m17
#box: 0.497 0.181 0.000 0.504 0.220 0.002 m4
#box: 0.452 0.204 0.000 0.483 0.248 0.002 m10
#box: 0.027 0.119 0.000 0.048 0.153 0.002 m19
#box: 0.734 0.205 0.000 0.754 0.246 0.002 m7
#box: 0.227 0.220 0.000 0.242 0.248 0.002 m12
#box: 1.041 0.139 0.000 1.051 0.175 0.002 m9
#box: 0.115 0.208 0.000 0.145 0.240 0.002 m18
#box: 0.858 0.184 0.000 0.893 0.215 0.002 m1
#box: 0.407 0.138 0.000 0.424 0.188 0.002 m15
#box: 0.597 0.153 0.000 0.605 0.201 0.002 m16
#box: 0.056 0.194 0.000 0.084 0.216 0.002 m9
#box: 0.875 0.149 0.000 0.899 0.170 0.002 m5
#box: 0.016 0.157 0.000 0.037 0.200 0.002 m16
#box: 0.650 0.118 0.000 0.688 0.168 0.002 m16
#box: 0.068 0.201 0.000 0.102 0.238 0.002 m3
#box: 0.175 0.131 0.000 0.184 0.179 0.002 m8
#box: 0.485 0.206 0.000 0.524 0.237 0.002 m16
#box: 0.514 0.168 0.000 0.527 0.191 0.002 m18
#box: 0.776 0.170 0.000 0.789 0.202 0.002 m9
#box: 0.870 0.151 0.000 0.899 0.174 0.002 m5
#box: 0.822 0.154 0.000 0.840 0.204 0.002 m4
#box: 0.055 0.136 0.000 0.082 0.170 0.002 m15
#box: 0.798 0.215 0.000 0.809 0.250 0.002 m20
#box: 0.683 0.129 0.000 0.714 0.162 0.002 m13
#box: 0.638 0.196 0.000 0.651 0.223 0.002 m5
#box: 0.805 0.194 0.000 0.815 0.242 0.002 m2
#box: 0.283 0.221 0.000 0.314 0.242 0.002 m2
#box: 0.376 0.186 0.000 0.388 0.216 0.002 m6
#box: 1.075 0.129 0.000 1.082 0.160 0.002 m13
#box: 1.041 0.163 0.000 1.052 0.202 0.002 m15
#box: 0.153 0.195 0.000 0.176 0.216 0.002 m11
#box: 0.956 0.207 0.000 0.993 0.243 0.002 m7
#box: 0.750 0.121 0.000 0.789 0.168 0.002 m19
#box: 0.177 0.169 0.000 0.191 0.191 0.002 m14
#box: 0.623 0.158 0.000 0.644 0.196 0.002 m12
#box: 0.263 0.200 0.000 0.298 0.242 0.002 m19
#box: 0.423 0.150 0.000 0.427 0.189 0.002 m17
#box: 0.663 0.171 0.000 0.683 0.208 0.002 m16
#box: 0.807 0.166 0.000 0.826 0.213 0.002 m10
#box: 0.331 0.222 0.000 0.347 0.243 0.002 m4
#box: 0.247 0.158 0.000 0.278 0.184 0.002 m8
#box: 0.390 0.199 0.000 0.403 0.242 0.002 m8
#box: 1.041 0.123 0.000 1.062 0.154 0.002 m8
#box: 1.099 0.181 0.000 1.103 0.211 0.002 m1
#box: 0.733 0.147 0.000 0.759 0.174 0.002 m9
#box: 0.440 0.159 0.000 0.449 0.182 0.002 m9
#box: 0.986 0.142 0.000 1.021 0.188 0.002 m16
#box: 1.002 0.170 0.000 1.014 0.202 0.002 m6
#box: 0.996 0.136 0.000 1.003 0.171 0.002 m14
#box: 0.929 0.133 0.000 0.937 0.168 0.002 m8
#box: 0.074 0.177 0.000 0.081 0.209 0.002 m6
#box: 1.022 0.170 0.000 1.050 0.198 0.002 m8
#box: 0.684 0.141 0.000 0.712 0.162 0.002 m17
#box: 0.310 0.206 0.000 0.340 0.237 0.002 m17
#box: 0.304 0.156 0.000 0.336 0.192 0.002 m5
#box: 0.083 0.194 0.000 0.113 0.219 0.002 m15
#box: 0.670 0.211 0.000 0.674 0.233 0.002 m12
#box: 1.018 0.133 0.000 1.057 0.179 0.002 m14
#box: 0.061 0.193 0.000 0.069 0.243 0.002 m1
#box: 0.823 0.162 0.000 0.856 0.188 0.002 m13
#box: 0.579 0.180 0.000 0.607 0.211 0.002 m20
#box: 0.909 0.198 0.000 0.942 0.238 0.002 m18
#box: 0.965 0.130 0.000 0.971 0.177 0.002 m17
#box: 0.914 0.174 0.000 0.930 0.194 0.002 m11
#box: 0.006 0.130 0.000 0.016 0.156 0.002 m4
#box: 0.629 0.174 0.000 0.638 0.224 0.002 m3
#box: 0.660 0.144 0.000 0.666 0.175 0.002 m16
#box: 1.055 0.179 0.000 1.093 0.219 0.002 m13
#box: 0.141 0.184 0.000 0.178 0.225 0.002 m15
#box: 0.434 0.183 0.000 0.473 0.222 0.002 m13
#box: 0.433 0.127 0.000 0.439 0.155 0.002 m4
#box: 0.436 0.203 0.000 0.468 0.235 0.002 m7
#box: 0.464 0.184 0.000 0.497 0.218 0.002 m9
#box: 0.952 0.210 0.000 0.973 0.247 0.002 m12
#box: 0.780 0.169 0.000 0.784 0.214 0.002 m19
#box: 0.743 0.151 0.000 0.756 0.190 0.002 m7
#box: 0.172 0.215 0.000 0.205 0.244 0.002 m5
#box: 0.777 0.173 0.000 0.813 0.206 0.002 m10
#box: 0.649 0.137 0.000 0.675 0.175 0.002 m15
#box: 0.587 0.133 0.000 0.605 0.173 0.002 m19
#box: 0.885 0.151 0.000 0.905 0.195 0.002 m1
#box: 0.563 0.194 0.000 0.593 0.238 0.002 m3
#box: 0.878 0.218 0.000 0.909 0.238 0.002 m13
#box: 0.056 0.207 0.000 0.068 0.234 0.002 m13
#box: 0.587 0.130 0.000 0.603 0.163 0.002 m5
#box: 0.375 0.209 0.000 0.395 0.250 0.002 m18
#box: 0.350 0.151 0.000 0.386 0.171 0.002 m9
#box: 0.722 0.224 0.000 0.747 0.247 0.002 m5
#box: 0.349 0.202 0.000 0.374 0.225 0.002 m4
#box: 0.723 0.139 0.000 0.738 0.185 0.002 m13
#box: 0.368 0.154 0.000 0.399 0.184 0.002 m1
#box: 0.191 0.216 0.000 0.216 0.250 0.002 m7
#box: 0.115 0.221 0.000 0.130 0.246 0.002 m19
#box: 0.616 0.151 0.000 0.650 0.194 0.002 m7
#box: 0.578 0.195 0.000 0.593 0.244 0.002 m14
#box: 0.724 0.134 0.000 0.730 0.165 0.002 m11
#box: 0.522 0.109 0.000 0.561 0.155 0.002 m20
#box: 0.294 0.204 0.000 0.315 0.233 0.002 m2
#box: 0.206 0.198 0.000 0.230 0.247 0.002 m14
#box: 0.314 0.215 0.000 0.337 0.236 0.002 m16
#box: 0.814 0.144 0.000 0.850 0.187 0.002 m13
#box: 0.780 0.143 0.000 0.809 0.184 0.002 m5
#box: 0.152 0.145 0.000 0.178 0.174 0.002 m14
#box: 0.299 0.210 0.000 0.315 0.241 0.002 m18
#box: 0.686 0.198 0.000 0.710 0.222 0.002 m10
#box: 0.705 0.185 0.000 0.733 0.228 0.002 m9
#box: 1.025 0.143 0.000 1.049 0.183 0.002 m10
#box: 0.922 0.176 0.000 0.946 0.196 0.002 m12
#box: 0.668 0.110 0.000 0.674 0.157 0.002 m10
#box: 0.047 0.155 0.000 0.059 0.196 0.002 m4
#box: 1.061 0.167 0.000 1.097 0.211 0.002 m17
#box: 0.636 0.176 0.000 0.664 0.225 0.002 m2
#box: 0.218 0.205 0.000 0.226 0.230 0.002 m11
#box: 0.794 0.123 0.000 0.803 0.151 0.002 m5
#box: 0.393 0.181 0.000 0.403 0.210 0.002 m9
#box: 0.456 0.161 0.000 0.463 0.199 0.002 m17
#box: 0.483 0.136 0.000 0.488 0.167 0.002 m2
#box: 0.093 0.157 0.000 0.111 0.206 0.002 m10
#box: 0.905 0.122 0.000 0.927 0.154 0.002 m11
#box: 0.983 0.203 0.000 1.022 0.247 0.002 m16
#box: 0.578 0.140 0.000 0.600 0.189 0.002 m4
#box: 0.115 0.169 0.000 0.125 0.189 0.002 m8
#box: 0.451 0.157 0.000 0.483 0.203 0.002 m5
#box: 0.070 0.173 0.000 0.085 0.200 0.002 m5
#box: 0.808 0.182 0.000 0.838 0.214 0.002 m14
#box: 0.942 0.221 0.000 0.953 0.246 0.002 m17
#box: 0.148 0.152 0.000 0.153 0.199 0.002 m1
#box: 0.065 0.225 0.000 0.079 0.245 0.002 m2
#box: 0.761 0.154 0.000 0.778 0.204 0.002 m20
#box: 0.672 0.170 0.000 0.692 0.213 0.002 m3
#box: 0.693 0.202 0.000 0.713 0.228 0.002 m8
#box: 0.335 0.131 0.000 0.372 0.173 0.002 m20
#box: 1.075 0.151 0.000 1.097 0.175 0.002 m9
#box: 0.230 0.178 0.000 0.245 0.201 0.002 m18
#box: 0.405 0.181 0.000 0.428 0.226 0.002 m20
#box: 0.832 0.162 0.000 0.836 0.190 0.002 m20
#box: 0.719 0.145 0.000 0.726 0.193 0.002 m15
#box: 0.074 0.196 0.000 0.107 0.229 0.002 m17
#box: 0.384 0.138 0.000 0.391 0.183 0.002 m6
#box: 0.040 0.189 0.000 0.050 0.231 0.002 m7
#box: 0.887 0.168 0.000 0.901 0.207 0.002 m17
#box: 1.016 0.169 0.000 1.032 0.197 0.002 m13
#box: 0.388 0.127 0.000 0.404 0.169 0.002 m9
#box: 1.099 0.106 0.000 1.120 0.150 0.002 m20
#box: 0.062 0.138 0.000 0.080 0.188 0.002 m5
#box: 0.622 0.183 0.000 0.647 0.212 0.002 m8
#box: 0.658 0.134 0.000 0.692 0.157 0.002 m8
#box: 0.676 0.115 0.000 0.689 0.156 0.002 m1
#box: 0.996 0.155 0.000 1.015 0.198 0.002 m8
#box: 1.016 0.123 0.000 1.045 0.162 0.002 m5
#box: 1.050 0.185 0.000 1.076 0.233 0.002 m9
#box: 0.143 0.206 0.000 0.173 0.232 0.002 m13
#box: 0.501 0.163 0.000 0.521 0.197 0.002 m4
#box: 0.752 0.206 0.000 0.757 0.227 0.002 m9
#box: 0.804 0.142 0.000 0.825 0.180 0.002 m4
#box: 0.642 0.168 0.000 0.678 0.201 0.002 m5
#box: 0.224 0.171 0.000 0.232 0.194 0.002 m10
#box: 0.905 0.192 0.000 0.918 0.240 0.002 m12
#box: 0.168 0.147 0.000 0.182 0.169 0.002 m12
#box: 0.257 0.121 0.000 0.281 0.168 0.002 m3
#box: 0.455 0.145 0.000 0.492 0.165 0.002 m11
#box: 0.256 0.196 0.000 0.288 0.230 0.002 m2
#box: 0.908 0.130 0.000 0.924 0.164 0.002 m17
#box: 0.447 0.214 0.000 0.460 0.239 0.002 m6
#box: 0.516 0.143 0.000 0.535 0.190 0.002 m14
#box: 0.349 0.120 0.000 0.369 0.163 0.002 m10
#box: 0.863 0.199 0.000 0.886 0.225 0.002 m7
#box: 0.409 0.169 0.000 0.425 0.206 0.002 m2
#box: 0.513 0.212 0.000 0.532 0.235 0.002 m7
#box: 0.268 0.199 0.000 0.272 0.240 0.002 m20
#box: 0.916 0.163 0.000 0.945 0.207 0.002 m9
#box: 0.385 0.168 0.000 0.400 0.218 0.002 m5
#box: 0.801 0.187 0.000 0.829 0.213 0.002 m11
#box: 0.472 0.116 0.000 0.481 0.153 0.002 m7
#box: 0.547 0.169 0.000 0.560 0.211 0.002 m2
#box: 0.152 0.122 0.000 0.167 0.170 0.002 m17
#box: 0.768 0.147 0.000 0.790 0.188 0.002 m14
#box: 0.333 0.181 0.000 0.337 0.201 0.002 m10
#box: 0.847 0.131 0.000 0.851 0.165 0.002 m12
#box: 0.446 0.165 0.000 0.474 0.192 0.002 m5
#box: 0.219 0.155 0.000 0.244 0.198 0.002 m13
