testingplz 
#domain: 1.200 0.300 0.002 
#dx_dy_dz: 0.002 0.002 0.002 
#time_window: 5.000000e-09 

#excitation_file: mala_source_modified.txt 
#hertzian_dipole: z 0.080 0.250 0 mala_source 
#rx: 0.120 0.250 0.000 
#src_steps: 0.002 0.000 0.000 
#rx_steps: 0.002 0.000 0.000 

#material: 5.000 0.220 1.000 0.000 concrete
#material: 1.000 0.000 1.000 0.000 air
#material: 80.000 0.500 1.000 0.000 water

#material: 1.000 0.000 1.000 0.000 m1
#material: 2.000 0.000 1.000 0.000 m2
#material: 3.000 0.000 1.000 0.000 m3
#material: 4.000 0.000 1.000 0.000 m4
#material: 5.000 0.000 1.000 0.000 m5
#material: 6.000 0.000 1.000 0.000 m6
#material: 7.000 0.000 1.000 0.000 m7
#material: 8.000 0.000 1.000 0.000 m8
#material: 9.000 0.000 1.000 0.000 m9
#material: 10.000 0.000 1.000 0.000 m10
#material: 11.000 0.000 1.000 0.000 m11
#material: 12.000 0.000 1.000 0.000 m12
#material: 13.000 0.000 1.000 0.000 m13
#material: 14.000 0.000 1.000 0.000 m14
#material: 15.000 0.000 1.000 0.000 m15
#material: 16.000 0.000 1.000 0.000 m16
#material: 17.000 0.000 1.000 0.000 m17
#material: 18.000 0.000 1.000 0.000 m18
#material: 19.000 0.000 1.000 0.000 m19
#material: 20.000 0.000 1.000 0.000 m20

#box: 0.000 0.000 0.000 1.200 0.250 0.002 concrete

#box: 0.498 0.159 0.000 0.514 0.205 0.002 m5
#box: 1.068 0.136 0.000 1.103 0.175 0.002 m13
#box: 0.627 0.131 0.000 0.656 0.168 0.002 m8
#box: 0.148 0.142 0.000 0.185 0.192 0.002 m16
#box: 0.260 0.194 0.000 0.268 0.231 0.002 m2
#box: 0.114 0.130 0.000 0.127 0.156 0.002 m15
#box: 0.084 0.158 0.000 0.101 0.195 0.002 m11
#box: 0.568 0.120 0.000 0.608 0.152 0.002 m6
#box: 0.246 0.127 0.000 0.254 0.153 0.002 m16
#box: 0.513 0.175 0.000 0.526 0.222 0.002 m12
#box: 1.067 0.144 0.000 1.090 0.166 0.002 m1
#box: 0.205 0.153 0.000 0.239 0.201 0.002 m18
#box: 0.448 0.155 0.000 0.463 0.182 0.002 m13
#box: 0.745 0.180 0.000 0.761 0.215 0.002 m8
#box: 0.301 0.187 0.000 0.333 0.210 0.002 m14
#box: 1.003 0.199 0.000 1.033 0.220 0.002 m5
#box: 0.512 0.131 0.000 0.540 0.175 0.002 m13
#box: 0.147 0.160 0.000 0.159 0.194 0.002 m5
#box: 0.999 0.194 0.000 1.013 0.242 0.002 m19
#box: 0.823 0.138 0.000 0.836 0.166 0.002 m4
#box: 0.818 0.188 0.000 0.850 0.225 0.002 m19
#box: 0.379 0.118 0.000 0.390 0.160 0.002 m11
#box: 0.678 0.207 0.000 0.706 0.248 0.002 m13
#box: 0.325 0.124 0.000 0.348 0.169 0.002 m16
#box: 0.208 0.180 0.000 0.238 0.223 0.002 m8
#box: 0.659 0.131 0.000 0.698 0.154 0.002 m11
#box: 0.399 0.185 0.000 0.422 0.230 0.002 m8
#box: 0.094 0.152 0.000 0.126 0.196 0.002 m15
#box: 0.561 0.108 0.000 0.582 0.154 0.002 m12
#box: 1.088 0.190 0.000 1.104 0.218 0.002 m13
#box: 0.201 0.203 0.000 0.220 0.234 0.002 m19
#box: 0.951 0.130 0.000 0.964 0.166 0.002 m8
#box: 0.601 0.130 0.000 0.611 0.166 0.002 m5
#box: 0.901 0.146 0.000 0.919 0.191 0.002 m4
#box: 0.987 0.183 0.000 0.991 0.230 0.002 m8
#box: 1.019 0.140 0.000 1.027 0.171 0.002 m20
#box: 0.577 0.130 0.000 0.584 0.179 0.002 m11
#box: 0.571 0.121 0.000 0.576 0.153 0.002 m12
#box: 0.621 0.118 0.000 0.638 0.163 0.002 m3
#box: 0.396 0.114 0.000 0.433 0.164 0.002 m9
#box: 0.831 0.155 0.000 0.857 0.192 0.002 m2
#box: 0.516 0.197 0.000 0.543 0.219 0.002 m9
#box: 0.564 0.176 0.000 0.583 0.199 0.002 m2
#box: 0.713 0.168 0.000 0.723 0.190 0.002 m2
#box: 0.404 0.217 0.000 0.429 0.248 0.002 m19
#box: 0.776 0.145 0.000 0.787 0.195 0.002 m4
#box: 0.359 0.154 0.000 0.391 0.179 0.002 m3
#box: 0.967 0.179 0.000 0.997 0.202 0.002 m8
#box: 0.731 0.109 0.000 0.740 0.158 0.002 m10
#box: 0.252 0.164 0.000 0.270 0.206 0.002 m18
#box: 0.173 0.124 0.000 0.198 0.172 0.002 m4
#box: 0.587 0.157 0.000 0.596 0.178 0.002 m8
#box: 0.069 0.132 0.000 0.078 0.172 0.002 m5
#box: 0.677 0.182 0.000 0.700 0.231 0.002 m20
#box: 0.005 0.153 0.000 0.009 0.180 0.002 m18
#box: 0.433 0.134 0.000 0.467 0.156 0.002 m8
#box: 0.287 0.173 0.000 0.326 0.216 0.002 m14
#box: 0.322 0.156 0.000 0.358 0.180 0.002 m10
#box: 0.046 0.165 0.000 0.055 0.193 0.002 m5
#box: 0.984 0.152 0.000 1.003 0.191 0.002 m3
#box: 0.109 0.192 0.000 0.117 0.224 0.002 m11
#box: 0.449 0.177 0.000 0.482 0.219 0.002 m18
#box: 0.182 0.185 0.000 0.208 0.234 0.002 m9
#box: 0.643 0.138 0.000 0.667 0.164 0.002 m10
#box: 0.441 0.141 0.000 0.470 0.190 0.002 m18
#box: 0.523 0.196 0.000 0.530 0.218 0.002 m8
#box: 0.646 0.196 0.000 0.671 0.231 0.002 m9
#box: 0.832 0.180 0.000 0.848 0.220 0.002 m15
#box: 0.673 0.158 0.000 0.695 0.183 0.002 m8
#box: 0.194 0.122 0.000 0.227 0.169 0.002 m13
#box: 0.726 0.162 0.000 0.730 0.189 0.002 m11
#box: 0.540 0.114 0.000 0.564 0.152 0.002 m1
#box: 0.199 0.115 0.000 0.221 0.159 0.002 m16
#box: 0.381 0.119 0.000 0.401 0.162 0.002 m7
#box: 0.263 0.160 0.000 0.289 0.204 0.002 m4
#box: 0.027 0.141 0.000 0.038 0.162 0.002 m7
#box: 0.236 0.185 0.000 0.253 0.211 0.002 m2
#box: 0.490 0.156 0.000 0.508 0.191 0.002 m3
#box: 0.593 0.170 0.000 0.628 0.217 0.002 m1
#box: 0.787 0.182 0.000 0.814 0.211 0.002 m5
#box: 0.054 0.168 0.000 0.073 0.217 0.002 m10
#box: 0.155 0.158 0.000 0.177 0.192 0.002 m19
#box: 0.561 0.159 0.000 0.591 0.183 0.002 m18
#box: 0.955 0.200 0.000 0.984 0.238 0.002 m19
#box: 0.298 0.192 0.000 0.330 0.234 0.002 m13
#box: 0.503 0.109 0.000 0.539 0.152 0.002 m18
#box: 0.921 0.178 0.000 0.929 0.208 0.002 m3
#box: 0.841 0.203 0.000 0.881 0.238 0.002 m19
#box: 0.292 0.204 0.000 0.320 0.248 0.002 m5
#box: 0.329 0.186 0.000 0.343 0.233 0.002 m4
#box: 0.723 0.167 0.000 0.748 0.199 0.002 m19
#box: 0.163 0.169 0.000 0.188 0.217 0.002 m13
#box: 1.055 0.201 0.000 1.094 0.241 0.002 m17
#box: 0.463 0.110 0.000 0.486 0.150 0.002 m8
#box: 0.932 0.127 0.000 0.948 0.160 0.002 m13
#box: 0.727 0.144 0.000 0.757 0.168 0.002 m18
#box: 0.297 0.216 0.000 0.318 0.242 0.002 m19
#box: 0.350 0.124 0.000 0.372 0.169 0.002 m17
#box: 0.544 0.144 0.000 0.554 0.179 0.002 m1
#box: 0.184 0.174 0.000 0.188 0.196 0.002 m18
#box: 0.666 0.142 0.000 0.702 0.176 0.002 m15
#box: 0.388 0.215 0.000 0.416 0.245 0.002 m11
#box: 0.697 0.207 0.000 0.736 0.244 0.002 m5
#box: 0.404 0.202 0.000 0.434 0.232 0.002 m20
#box: 0.063 0.149 0.000 0.086 0.174 0.002 m9
#box: 0.181 0.150 0.000 0.213 0.183 0.002 m1
#box: 0.903 0.184 0.000 0.914 0.218 0.002 m18
#box: 0.751 0.212 0.000 0.759 0.240 0.002 m13
#box: 0.348 0.176 0.000 0.356 0.196 0.002 m6
#box: 0.548 0.220 0.000 0.581 0.240 0.002 m4
#box: 0.602 0.153 0.000 0.642 0.182 0.002 m10
#box: 0.809 0.134 0.000 0.837 0.169 0.002 m10
#box: 0.331 0.186 0.000 0.348 0.234 0.002 m3
#box: 0.300 0.200 0.000 0.329 0.238 0.002 m15
#box: 0.301 0.139 0.000 0.333 0.168 0.002 m7
#box: 0.476 0.207 0.000 0.510 0.245 0.002 m3
#box: 1.016 0.145 0.000 1.028 0.180 0.002 m12
#box: 0.504 0.214 0.000 0.539 0.235 0.002 m6
#box: 0.766 0.120 0.000 0.784 0.156 0.002 m18
#box: 0.412 0.185 0.000 0.434 0.223 0.002 m18
#box: 0.692 0.223 0.000 0.696 0.246 0.002 m15
#box: 1.039 0.149 0.000 1.076 0.199 0.002 m20
#box: 0.529 0.162 0.000 0.548 0.211 0.002 m18
#box: 0.014 0.126 0.000 0.027 0.161 0.002 m3
#box: 0.272 0.156 0.000 0.291 0.204 0.002 m4
#box: 0.102 0.183 0.000 0.115 0.219 0.002 m13
#box: 0.903 0.136 0.000 0.917 0.180 0.002 m20
#box: 0.830 0.155 0.000 0.840 0.182 0.002 m3
#box: 0.473 0.165 0.000 0.480 0.187 0.002 m6
#box: 0.346 0.189 0.000 0.373 0.211 0.002 m11
#box: 0.172 0.181 0.000 0.206 0.208 0.002 m14
#box: 0.275 0.197 0.000 0.293 0.239 0.002 m17
#box: 0.077 0.158 0.000 0.116 0.188 0.002 m11
#box: 0.430 0.138 0.000 0.461 0.173 0.002 m16
#box: 0.918 0.151 0.000 0.955 0.179 0.002 m3
#box: 0.910 0.219 0.000 0.930 0.240 0.002 m4
#box: 0.864 0.144 0.000 0.895 0.185 0.002 m8
#box: 0.398 0.145 0.000 0.438 0.187 0.002 m15
#box: 0.025 0.222 0.000 0.035 0.247 0.002 m18
#box: 0.223 0.145 0.000 0.251 0.169 0.002 m4
#box: 0.985 0.131 0.000 1.017 0.166 0.002 m8
#box: 0.200 0.118 0.000 0.206 0.151 0.002 m12
#box: 0.014 0.199 0.000 0.022 0.245 0.002 m2
#box: 0.831 0.204 0.000 0.843 0.234 0.002 m8
#box: 0.301 0.203 0.000 0.315 0.229 0.002 m11
#box: 0.834 0.131 0.000 0.864 0.165 0.002 m10
#box: 0.270 0.115 0.000 0.282 0.158 0.002 m3
#box: 0.201 0.176 0.000 0.230 0.211 0.002 m12
#box: 0.192 0.137 0.000 0.208 0.187 0.002 m11
#box: 0.305 0.191 0.000 0.311 0.221 0.002 m7
#box: 0.173 0.121 0.000 0.185 0.158 0.002 m17
#box: 0.291 0.159 0.000 0.303 0.208 0.002 m16
#box: 1.027 0.175 0.000 1.059 0.212 0.002 m20
#box: 0.381 0.142 0.000 0.409 0.181 0.002 m5
#box: 0.371 0.196 0.000 0.409 0.225 0.002 m14
#box: 0.901 0.180 0.000 0.916 0.223 0.002 m7
#box: 0.037 0.217 0.000 0.053 0.248 0.002 m18
#box: 0.500 0.114 0.000 0.507 0.152 0.002 m9
#box: 0.963 0.159 0.000 0.968 0.202 0.002 m14
#box: 0.299 0.200 0.000 0.331 0.244 0.002 m20
#box: 0.478 0.179 0.000 0.512 0.227 0.002 m10
#box: 0.543 0.175 0.000 0.570 0.218 0.002 m16
#box: 0.866 0.169 0.000 0.875 0.205 0.002 m17
#box: 0.468 0.210 0.000 0.496 0.242 0.002 m17
#box: 0.932 0.180 0.000 0.970 0.220 0.002 m14
#box: 0.111 0.126 0.000 0.150 0.158 0.002 m11
#box: 0.984 0.217 0.000 1.016 0.238 0.002 m7
#box: 0.835 0.153 0.000 0.842 0.195 0.002 m10
#box: 1.072 0.184 0.000 1.076 0.207 0.002 m2
#box: 0.519 0.176 0.000 0.530 0.215 0.002 m19
#box: 0.068 0.203 0.000 0.089 0.227 0.002 m6
#box: 0.363 0.214 0.000 0.377 0.247 0.002 m5
#box: 0.420 0.123 0.000 0.436 0.166 0.002 m15
#box: 0.628 0.179 0.000 0.655 0.223 0.002 m1
#box: 0.956 0.109 0.000 0.976 0.150 0.002 m16
#box: 0.063 0.188 0.000 0.097 0.222 0.002 m10
#box: 0.080 0.212 0.000 0.084 0.243 0.002 m17
#box: 0.101 0.194 0.000 0.137 0.240 0.002 m14
#box: 0.488 0.186 0.000 0.493 0.236 0.002 m14
#box: 0.448 0.164 0.000 0.487 0.192 0.002 m8
#box: 0.128 0.187 0.000 0.167 0.220 0.002 m3
#box: 0.107 0.154 0.000 0.127 0.204 0.002 m4
#box: 0.625 0.173 0.000 0.644 0.193 0.002 m9
#box: 0.120 0.145 0.000 0.125 0.168 0.002 m9
#box: 0.405 0.148 0.000 0.431 0.175 0.002 m9
#box: 0.094 0.217 0.000 0.131 0.242 0.002 m2
#box: 0.932 0.123 0.000 0.965 0.164 0.002 m6
#box: 0.861 0.205 0.000 0.870 0.250 0.002 m13
#box: 0.750 0.189 0.000 0.756 0.235 0.002 m18
#box: 1.063 0.119 0.000 1.083 0.159 0.002 m8
#box: 0.549 0.142 0.000 0.557 0.187 0.002 m19
#box: 0.408 0.108 0.000 0.413 0.150 0.002 m6
#box: 0.161 0.128 0.000 0.168 0.172 0.002 m8
#box: 1.010 0.163 0.000 1.020 0.189 0.002 m11
#box: 0.586 0.195 0.000 0.602 0.236 0.002 m7
#box: 0.494 0.143 0.000 0.502 0.166 0.002 m1
#box: 0.370 0.168 0.000 0.374 0.202 0.002 m13
#box: 0.379 0.138 0.000 0.388 0.183 0.002 m10
#box: 0.981 0.163 0.000 1.005 0.204 0.002 m11
#box: 0.447 0.165 0.000 0.455 0.208 0.002 m11
