testingplz 
#domain: 1.200 0.300 0.002 
#dx_dy_dz: 0.002 0.002 0.002 
#time_window: 5.000000e-09 

#excitation_file: mala_source_modified.txt 
#hertzian_dipole: z 0.080 0.250 0 mala_source 
#rx: 0.120 0.250 0.000 
#src_steps: 0.002 0.000 0.000 
#rx_steps: 0.002 0.000 0.000 

#material: 5.000 0.220 1.000 0.000 concrete
#material: 1.000 0.000 1.000 0.000 air
#material: 80.000 0.500 1.000 0.000 water

#material: 1.000 0.000 1.000 0.000 m1
#material: 2.000 0.000 1.000 0.000 m2
#material: 3.000 0.000 1.000 0.000 m3
#material: 4.000 0.000 1.000 0.000 m4
#material: 5.000 0.000 1.000 0.000 m5
#material: 6.000 0.000 1.000 0.000 m6
#material: 7.000 0.000 1.000 0.000 m7
#material: 8.000 0.000 1.000 0.000 m8
#material: 9.000 0.000 1.000 0.000 m9
#material: 10.000 0.000 1.000 0.000 m10
#material: 11.000 0.000 1.000 0.000 m11
#material: 12.000 0.000 1.000 0.000 m12
#material: 13.000 0.000 1.000 0.000 m13
#material: 14.000 0.000 1.000 0.000 m14
#material: 15.000 0.000 1.000 0.000 m15
#material: 16.000 0.000 1.000 0.000 m16
#material: 17.000 0.000 1.000 0.000 m17
#material: 18.000 0.000 1.000 0.000 m18
#material: 19.000 0.000 1.000 0.000 m19
#material: 20.000 0.000 1.000 0.000 m20

#box: 0.000 0.000 0.000 1.200 0.250 0.002 concrete

#box: 0.468 0.141 0.000 0.506 0.180 0.002 m15
#box: 0.011 0.206 0.000 0.047 0.234 0.002 m13
#box: 0.854 0.150 0.000 0.886 0.193 0.002 m15
#box: 0.867 0.144 0.000 0.876 0.172 0.002 m12
#box: 0.631 0.182 0.000 0.654 0.231 0.002 m3
#box: 0.004 0.146 0.000 0.031 0.185 0.002 m9
#box: 0.046 0.198 0.000 0.074 0.241 0.002 m7
#box: 0.002 0.133 0.000 0.029 0.175 0.002 m14
#box: 0.416 0.150 0.000 0.456 0.197 0.002 m20
#box: 0.410 0.146 0.000 0.449 0.170 0.002 m15
#box: 0.087 0.159 0.000 0.097 0.198 0.002 m12
#box: 0.962 0.201 0.000 1.001 0.249 0.002 m4
#box: 0.118 0.157 0.000 0.156 0.186 0.002 m10
#box: 0.058 0.129 0.000 0.075 0.154 0.002 m6
#box: 0.605 0.113 0.000 0.620 0.152 0.002 m18
#box: 0.704 0.159 0.000 0.708 0.189 0.002 m12
#box: 1.044 0.210 0.000 1.062 0.239 0.002 m4
#box: 0.392 0.203 0.000 0.422 0.224 0.002 m12
#box: 0.752 0.176 0.000 0.771 0.208 0.002 m13
#box: 0.977 0.205 0.000 1.017 0.239 0.002 m17
#box: 0.695 0.223 0.000 0.724 0.246 0.002 m14
#box: 0.680 0.201 0.000 0.685 0.224 0.002 m8
#box: 0.511 0.221 0.000 0.542 0.249 0.002 m19
#box: 0.284 0.113 0.000 0.304 0.157 0.002 m4
#box: 0.627 0.121 0.000 0.638 0.159 0.002 m9
#box: 0.302 0.196 0.000 0.335 0.231 0.002 m14
#box: 1.054 0.140 0.000 1.076 0.189 0.002 m17
#box: 1.037 0.195 0.000 1.064 0.219 0.002 m2
#box: 0.108 0.148 0.000 0.140 0.177 0.002 m19
#box: 0.819 0.132 0.000 0.845 0.155 0.002 m17
#box: 0.720 0.159 0.000 0.752 0.188 0.002 m1
#box: 0.180 0.123 0.000 0.204 0.173 0.002 m16
#box: 0.628 0.118 0.000 0.646 0.156 0.002 m11
#box: 0.031 0.199 0.000 0.054 0.222 0.002 m16
#box: 0.687 0.201 0.000 0.715 0.228 0.002 m18
#box: 0.344 0.134 0.000 0.384 0.172 0.002 m10
#box: 0.961 0.203 0.000 0.986 0.226 0.002 m8
#box: 0.145 0.172 0.000 0.182 0.209 0.002 m20
#box: 0.026 0.150 0.000 0.062 0.193 0.002 m1
#box: 0.531 0.131 0.000 0.544 0.156 0.002 m1
#box: 1.089 0.188 0.000 1.124 0.237 0.002 m3
#box: 0.813 0.181 0.000 0.850 0.221 0.002 m10
#box: 0.953 0.169 0.000 0.970 0.194 0.002 m8
#box: 0.504 0.125 0.000 0.515 0.151 0.002 m2
#box: 1.035 0.193 0.000 1.061 0.228 0.002 m2
#box: 0.810 0.143 0.000 0.833 0.174 0.002 m16
#box: 0.667 0.161 0.000 0.683 0.183 0.002 m6
#box: 0.014 0.165 0.000 0.019 0.212 0.002 m18
#box: 0.284 0.114 0.000 0.314 0.164 0.002 m10
#box: 0.748 0.167 0.000 0.761 0.217 0.002 m18
#box: 0.958 0.212 0.000 0.964 0.236 0.002 m11
#box: 0.332 0.189 0.000 0.368 0.231 0.002 m15
#box: 0.388 0.142 0.000 0.401 0.185 0.002 m13
#box: 0.409 0.179 0.000 0.437 0.224 0.002 m14
#box: 0.884 0.108 0.000 0.900 0.155 0.002 m7
#box: 0.627 0.138 0.000 0.638 0.186 0.002 m11
#box: 0.178 0.150 0.000 0.193 0.187 0.002 m11
#box: 0.753 0.107 0.000 0.792 0.155 0.002 m17
#box: 0.640 0.203 0.000 0.650 0.230 0.002 m12
#box: 0.444 0.141 0.000 0.460 0.166 0.002 m4
#box: 0.541 0.111 0.000 0.565 0.159 0.002 m6
#box: 0.622 0.151 0.000 0.638 0.190 0.002 m7
#box: 0.587 0.190 0.000 0.594 0.224 0.002 m13
#box: 0.567 0.167 0.000 0.590 0.206 0.002 m7
#box: 0.343 0.184 0.000 0.350 0.224 0.002 m19
#box: 0.821 0.108 0.000 0.846 0.153 0.002 m4
#box: 0.032 0.155 0.000 0.047 0.188 0.002 m12
#box: 0.866 0.141 0.000 0.896 0.187 0.002 m3
#box: 0.624 0.115 0.000 0.662 0.158 0.002 m8
#box: 0.584 0.172 0.000 0.610 0.218 0.002 m12
#box: 0.661 0.226 0.000 0.696 0.250 0.002 m9
#box: 0.064 0.208 0.000 0.086 0.238 0.002 m2
#box: 0.736 0.213 0.000 0.761 0.233 0.002 m14
#box: 0.709 0.199 0.000 0.714 0.245 0.002 m17
#box: 0.693 0.157 0.000 0.727 0.194 0.002 m3
#box: 1.042 0.149 0.000 1.070 0.186 0.002 m15
#box: 0.091 0.132 0.000 0.100 0.181 0.002 m12
#box: 1.078 0.147 0.000 1.090 0.183 0.002 m9
#box: 0.339 0.156 0.000 0.346 0.183 0.002 m13
#box: 1.037 0.205 0.000 1.049 0.235 0.002 m20
#box: 0.900 0.176 0.000 0.924 0.205 0.002 m19
#box: 0.154 0.206 0.000 0.170 0.241 0.002 m10
#box: 0.192 0.174 0.000 0.227 0.213 0.002 m9
#box: 0.637 0.181 0.000 0.667 0.204 0.002 m9
#box: 0.030 0.196 0.000 0.050 0.239 0.002 m3
#box: 0.491 0.130 0.000 0.528 0.163 0.002 m5
#box: 0.684 0.180 0.000 0.696 0.206 0.002 m3
#box: 0.448 0.171 0.000 0.456 0.221 0.002 m14
#box: 1.077 0.139 0.000 1.089 0.189 0.002 m10
#box: 0.081 0.210 0.000 0.094 0.249 0.002 m6
#box: 0.981 0.125 0.000 1.015 0.172 0.002 m9
#box: 0.002 0.197 0.000 0.038 0.237 0.002 m4
#box: 0.471 0.134 0.000 0.497 0.173 0.002 m10
#box: 0.790 0.167 0.000 0.795 0.216 0.002 m1
#box: 0.149 0.131 0.000 0.164 0.176 0.002 m17
#box: 0.844 0.196 0.000 0.849 0.232 0.002 m20
#box: 0.985 0.146 0.000 1.001 0.166 0.002 m15
#box: 1.065 0.122 0.000 1.078 0.152 0.002 m1
#box: 0.487 0.180 0.000 0.494 0.215 0.002 m4
#box: 0.256 0.116 0.000 0.270 0.151 0.002 m14
#box: 0.048 0.200 0.000 0.084 0.220 0.002 m11
#box: 0.513 0.162 0.000 0.544 0.202 0.002 m15
#box: 0.330 0.208 0.000 0.367 0.245 0.002 m10
#box: 1.006 0.207 0.000 1.027 0.245 0.002 m3
#box: 0.219 0.167 0.000 0.243 0.212 0.002 m15
#box: 0.862 0.160 0.000 0.900 0.209 0.002 m6
#box: 0.155 0.120 0.000 0.192 0.160 0.002 m12
#box: 0.446 0.201 0.000 0.453 0.237 0.002 m9
#box: 0.240 0.152 0.000 0.267 0.199 0.002 m16
#box: 0.497 0.168 0.000 0.528 0.218 0.002 m17
#box: 0.074 0.115 0.000 0.114 0.165 0.002 m6
#box: 0.057 0.212 0.000 0.095 0.248 0.002 m16
#box: 0.445 0.134 0.000 0.477 0.159 0.002 m15
#box: 0.567 0.171 0.000 0.592 0.196 0.002 m17
#box: 0.964 0.122 0.000 0.973 0.163 0.002 m15
#box: 0.610 0.156 0.000 0.640 0.188 0.002 m15
#box: 0.324 0.165 0.000 0.354 0.187 0.002 m1
#box: 0.508 0.144 0.000 0.528 0.169 0.002 m5
#box: 1.009 0.163 0.000 1.013 0.187 0.002 m17
#box: 0.883 0.163 0.000 0.907 0.197 0.002 m16
#box: 1.097 0.148 0.000 1.108 0.184 0.002 m20
#box: 0.074 0.187 0.000 0.094 0.210 0.002 m4
#box: 0.630 0.217 0.000 0.654 0.246 0.002 m12
#box: 0.406 0.125 0.000 0.411 0.150 0.002 m20
#box: 0.900 0.138 0.000 0.924 0.162 0.002 m6
#box: 0.274 0.202 0.000 0.297 0.223 0.002 m10
#box: 0.735 0.198 0.000 0.773 0.227 0.002 m12
#box: 1.088 0.206 0.000 1.107 0.231 0.002 m14
#box: 0.313 0.148 0.000 0.339 0.180 0.002 m7
#box: 0.028 0.227 0.000 0.035 0.249 0.002 m3
#box: 0.460 0.126 0.000 0.479 0.159 0.002 m4
#box: 0.574 0.195 0.000 0.590 0.240 0.002 m16
#box: 0.408 0.146 0.000 0.431 0.169 0.002 m13
#box: 0.450 0.156 0.000 0.476 0.177 0.002 m19
#box: 0.433 0.111 0.000 0.472 0.155 0.002 m12
#box: 0.449 0.192 0.000 0.485 0.224 0.002 m2
#box: 0.592 0.160 0.000 0.630 0.186 0.002 m6
#box: 0.065 0.146 0.000 0.097 0.185 0.002 m10
#box: 0.172 0.132 0.000 0.182 0.164 0.002 m3
#box: 0.407 0.144 0.000 0.438 0.172 0.002 m10
#box: 0.823 0.116 0.000 0.827 0.150 0.002 m3
#box: 0.092 0.187 0.000 0.113 0.228 0.002 m18
#box: 1.024 0.155 0.000 1.042 0.183 0.002 m4
#box: 0.053 0.132 0.000 0.072 0.156 0.002 m5
#box: 0.711 0.198 0.000 0.735 0.240 0.002 m3
#box: 0.708 0.216 0.000 0.741 0.236 0.002 m4
#box: 0.185 0.187 0.000 0.195 0.230 0.002 m18
#box: 0.709 0.145 0.000 0.732 0.195 0.002 m19
#box: 0.317 0.110 0.000 0.348 0.152 0.002 m4
#box: 0.115 0.202 0.000 0.128 0.234 0.002 m17
#box: 0.277 0.169 0.000 0.317 0.207 0.002 m18
#box: 0.736 0.165 0.000 0.763 0.194 0.002 m8
#box: 0.305 0.217 0.000 0.316 0.241 0.002 m18
#box: 0.629 0.189 0.000 0.654 0.218 0.002 m20
#box: 0.611 0.177 0.000 0.629 0.202 0.002 m17
#box: 0.422 0.131 0.000 0.445 0.172 0.002 m19
#box: 0.442 0.166 0.000 0.453 0.204 0.002 m6
#box: 0.252 0.145 0.000 0.289 0.182 0.002 m19
#box: 0.414 0.195 0.000 0.419 0.231 0.002 m13
#box: 0.710 0.156 0.000 0.730 0.195 0.002 m10
#box: 0.941 0.217 0.000 0.961 0.249 0.002 m18
#box: 0.570 0.201 0.000 0.609 0.237 0.002 m5
#box: 0.422 0.203 0.000 0.434 0.238 0.002 m7
#box: 0.001 0.137 0.000 0.028 0.163 0.002 m19
#box: 0.209 0.193 0.000 0.228 0.217 0.002 m13
#box: 0.214 0.124 0.000 0.246 0.154 0.002 m7
#box: 0.590 0.203 0.000 0.618 0.224 0.002 m5
#box: 0.895 0.187 0.000 0.905 0.235 0.002 m11
#box: 0.703 0.203 0.000 0.733 0.247 0.002 m10
#box: 0.183 0.168 0.000 0.223 0.194 0.002 m14
#box: 0.984 0.139 0.000 0.992 0.160 0.002 m8
#box: 0.745 0.171 0.000 0.776 0.207 0.002 m10
#box: 0.600 0.215 0.000 0.605 0.246 0.002 m17
#box: 0.309 0.130 0.000 0.345 0.162 0.002 m16
#box: 0.132 0.209 0.000 0.148 0.230 0.002 m17
#box: 0.548 0.157 0.000 0.557 0.206 0.002 m20
#box: 0.403 0.196 0.000 0.418 0.245 0.002 m10
#box: 0.267 0.142 0.000 0.288 0.182 0.002 m13
#box: 1.072 0.139 0.000 1.094 0.182 0.002 m5
#box: 0.756 0.129 0.000 0.764 0.172 0.002 m1
#box: 0.263 0.120 0.000 0.289 0.167 0.002 m13
#box: 0.913 0.133 0.000 0.952 0.162 0.002 m6
#box: 1.003 0.154 0.000 1.039 0.175 0.002 m1
#box: 0.185 0.184 0.000 0.208 0.218 0.002 m4
#box: 0.475 0.120 0.000 0.481 0.160 0.002 m5
#box: 0.666 0.128 0.000 0.704 0.160 0.002 m7
#box: 0.432 0.179 0.000 0.456 0.221 0.002 m19
#box: 0.633 0.128 0.000 0.661 0.166 0.002 m9
#box: 1.017 0.172 0.000 1.042 0.199 0.002 m18
#box: 0.242 0.148 0.000 0.279 0.198 0.002 m8
#box: 0.942 0.119 0.000 0.967 0.165 0.002 m6
#box: 0.929 0.131 0.000 0.953 0.154 0.002 m9
#box: 0.426 0.183 0.000 0.457 0.208 0.002 m3
#box: 0.684 0.139 0.000 0.718 0.167 0.002 m10
#box: 0.391 0.148 0.000 0.410 0.197 0.002 m6
#box: 0.938 0.202 0.000 0.967 0.249 0.002 m18
#box: 0.364 0.126 0.000 0.386 0.152 0.002 m18
#box: 0.635 0.133 0.000 0.652 0.157 0.002 m11
#box: 0.102 0.154 0.000 0.108 0.194 0.002 m19
#box: 0.983 0.157 0.000 1.012 0.182 0.002 m2
