testingplz 
#domain: 1.200 0.300 0.002 
#dx_dy_dz: 0.002 0.002 0.002 
#time_window: 5.000000e-09 

#excitation_file: mala_source_modified.txt 
#hertzian_dipole: z 0.080 0.250 0 mala_source 
#rx: 0.120 0.250 0.000 
#src_steps: 0.002 0.000 0.000 
#rx_steps: 0.002 0.000 0.000 

#material: 5.000 0.220 1.000 0.000 concrete
#material: 1.000 0.000 1.000 0.000 air
#material: 80.000 0.500 1.000 0.000 water

#material: 1.000 0.000 1.000 0.000 m1
#material: 2.000 0.000 1.000 0.000 m2
#material: 3.000 0.000 1.000 0.000 m3
#material: 4.000 0.000 1.000 0.000 m4
#material: 5.000 0.000 1.000 0.000 m5
#material: 6.000 0.000 1.000 0.000 m6
#material: 7.000 0.000 1.000 0.000 m7
#material: 8.000 0.000 1.000 0.000 m8
#material: 9.000 0.000 1.000 0.000 m9
#material: 10.000 0.000 1.000 0.000 m10
#material: 11.000 0.000 1.000 0.000 m11
#material: 12.000 0.000 1.000 0.000 m12
#material: 13.000 0.000 1.000 0.000 m13
#material: 14.000 0.000 1.000 0.000 m14
#material: 15.000 0.000 1.000 0.000 m15
#material: 16.000 0.000 1.000 0.000 m16
#material: 17.000 0.000 1.000 0.000 m17
#material: 18.000 0.000 1.000 0.000 m18
#material: 19.000 0.000 1.000 0.000 m19
#material: 20.000 0.000 1.000 0.000 m20

#box: 0.000 0.000 0.000 1.200 0.250 0.002 concrete

#box: 0.312 0.188 0.000 0.350 0.222 0.002 m9
#box: 0.653 0.179 0.000 0.688 0.223 0.002 m18
#box: 0.643 0.139 0.000 0.666 0.167 0.002 m5
#box: 0.000 0.151 0.000 0.006 0.198 0.002 m10
#box: 1.084 0.128 0.000 1.095 0.171 0.002 m4
#box: 0.021 0.144 0.000 0.056 0.192 0.002 m15
#box: 0.099 0.130 0.000 0.122 0.175 0.002 m7
#box: 1.014 0.152 0.000 1.041 0.187 0.002 m18
#box: 0.290 0.130 0.000 0.314 0.167 0.002 m17
#box: 0.073 0.186 0.000 0.079 0.219 0.002 m15
#box: 0.999 0.118 0.000 1.014 0.151 0.002 m9
#box: 0.469 0.163 0.000 0.499 0.196 0.002 m9
#box: 0.298 0.142 0.000 0.314 0.171 0.002 m18
#box: 0.830 0.204 0.000 0.849 0.233 0.002 m14
#box: 0.275 0.118 0.000 0.307 0.160 0.002 m7
#box: 0.309 0.175 0.000 0.333 0.219 0.002 m20
#box: 0.199 0.157 0.000 0.239 0.202 0.002 m16
#box: 0.281 0.122 0.000 0.315 0.163 0.002 m1
#box: 0.749 0.126 0.000 0.789 0.163 0.002 m7
#box: 0.132 0.186 0.000 0.163 0.221 0.002 m19
#box: 0.421 0.109 0.000 0.450 0.152 0.002 m20
#box: 1.017 0.188 0.000 1.022 0.232 0.002 m18
#box: 0.152 0.178 0.000 0.157 0.212 0.002 m9
#box: 0.569 0.188 0.000 0.587 0.212 0.002 m10
#box: 1.003 0.129 0.000 1.032 0.175 0.002 m20
#box: 0.673 0.127 0.000 0.700 0.160 0.002 m18
#box: 0.134 0.157 0.000 0.165 0.199 0.002 m20
#box: 0.212 0.192 0.000 0.218 0.229 0.002 m15
#box: 0.175 0.205 0.000 0.204 0.242 0.002 m8
#box: 0.413 0.202 0.000 0.451 0.242 0.002 m17
#box: 0.789 0.119 0.000 0.822 0.158 0.002 m9
#box: 0.044 0.176 0.000 0.052 0.198 0.002 m12
#box: 0.601 0.153 0.000 0.634 0.201 0.002 m17
#box: 0.849 0.220 0.000 0.859 0.242 0.002 m1
#box: 1.098 0.181 0.000 1.116 0.203 0.002 m13
#box: 0.719 0.136 0.000 0.754 0.171 0.002 m16
#box: 0.395 0.112 0.000 0.427 0.157 0.002 m16
#box: 0.507 0.158 0.000 0.518 0.195 0.002 m5
#box: 0.233 0.177 0.000 0.245 0.218 0.002 m9
#box: 0.072 0.161 0.000 0.092 0.194 0.002 m15
#box: 0.858 0.159 0.000 0.897 0.187 0.002 m3
#box: 0.402 0.201 0.000 0.425 0.224 0.002 m20
#box: 0.930 0.167 0.000 0.935 0.191 0.002 m5
#box: 0.445 0.217 0.000 0.458 0.250 0.002 m3
#box: 0.881 0.199 0.000 0.890 0.222 0.002 m2
#box: 0.568 0.114 0.000 0.576 0.151 0.002 m13
#box: 0.225 0.115 0.000 0.231 0.161 0.002 m9
#box: 0.171 0.166 0.000 0.207 0.203 0.002 m7
#box: 0.011 0.216 0.000 0.029 0.240 0.002 m17
#box: 0.140 0.159 0.000 0.178 0.192 0.002 m19
#box: 0.283 0.196 0.000 0.316 0.241 0.002 m4
#box: 0.121 0.163 0.000 0.145 0.194 0.002 m20
#box: 0.873 0.190 0.000 0.910 0.232 0.002 m12
#box: 0.192 0.129 0.000 0.227 0.166 0.002 m14
#box: 0.125 0.151 0.000 0.143 0.189 0.002 m8
#box: 0.692 0.197 0.000 0.696 0.239 0.002 m2
#box: 0.673 0.125 0.000 0.694 0.151 0.002 m6
#box: 0.955 0.123 0.000 0.976 0.172 0.002 m5
#box: 0.257 0.183 0.000 0.284 0.206 0.002 m4
#box: 0.045 0.186 0.000 0.069 0.236 0.002 m12
#box: 1.024 0.175 0.000 1.049 0.207 0.002 m17
#box: 0.105 0.220 0.000 0.130 0.242 0.002 m12
#box: 0.918 0.180 0.000 0.943 0.229 0.002 m9
#box: 0.564 0.141 0.000 0.600 0.191 0.002 m17
#box: 0.987 0.164 0.000 1.005 0.207 0.002 m11
#box: 0.455 0.207 0.000 0.488 0.232 0.002 m5
#box: 0.067 0.157 0.000 0.094 0.206 0.002 m9
#box: 0.958 0.202 0.000 0.997 0.241 0.002 m9
#box: 0.649 0.120 0.000 0.688 0.157 0.002 m13
#box: 0.762 0.179 0.000 0.767 0.205 0.002 m6
#box: 0.736 0.171 0.000 0.752 0.208 0.002 m6
#box: 0.375 0.135 0.000 0.389 0.162 0.002 m20
#box: 0.553 0.135 0.000 0.587 0.175 0.002 m16
#box: 0.210 0.154 0.000 0.247 0.181 0.002 m1
#box: 0.458 0.225 0.000 0.463 0.248 0.002 m3
#box: 0.254 0.127 0.000 0.286 0.152 0.002 m1
#box: 0.969 0.205 0.000 1.001 0.238 0.002 m6
#box: 0.067 0.144 0.000 0.090 0.193 0.002 m6
#box: 0.597 0.207 0.000 0.613 0.231 0.002 m8
#box: 0.153 0.195 0.000 0.188 0.219 0.002 m13
#box: 0.868 0.177 0.000 0.908 0.227 0.002 m20
#box: 0.402 0.159 0.000 0.408 0.205 0.002 m11
#box: 0.946 0.117 0.000 0.961 0.162 0.002 m14
#box: 0.866 0.141 0.000 0.884 0.176 0.002 m13
#box: 0.605 0.152 0.000 0.630 0.182 0.002 m12
#box: 0.715 0.149 0.000 0.747 0.196 0.002 m5
#box: 0.753 0.176 0.000 0.759 0.218 0.002 m14
#box: 0.146 0.194 0.000 0.186 0.242 0.002 m3
#box: 0.280 0.206 0.000 0.310 0.228 0.002 m12
#box: 0.618 0.196 0.000 0.637 0.243 0.002 m6
#box: 0.431 0.127 0.000 0.447 0.175 0.002 m9
#box: 0.167 0.200 0.000 0.202 0.220 0.002 m5
#box: 0.700 0.208 0.000 0.740 0.231 0.002 m11
#box: 0.302 0.136 0.000 0.329 0.183 0.002 m6
#box: 1.055 0.187 0.000 1.062 0.216 0.002 m11
#box: 0.698 0.177 0.000 0.713 0.208 0.002 m5
#box: 0.979 0.168 0.000 0.986 0.190 0.002 m8
#box: 0.439 0.135 0.000 0.471 0.168 0.002 m13
#box: 0.837 0.205 0.000 0.859 0.247 0.002 m4
#box: 0.591 0.142 0.000 0.623 0.177 0.002 m5
#box: 0.674 0.143 0.000 0.708 0.175 0.002 m20
#box: 0.696 0.143 0.000 0.731 0.166 0.002 m18
#box: 0.272 0.182 0.000 0.295 0.203 0.002 m8
#box: 1.083 0.184 0.000 1.101 0.217 0.002 m16
#box: 0.576 0.118 0.000 0.606 0.165 0.002 m16
#box: 0.339 0.192 0.000 0.367 0.212 0.002 m15
#box: 0.391 0.163 0.000 0.412 0.184 0.002 m7
#box: 0.854 0.130 0.000 0.865 0.156 0.002 m20
#box: 0.069 0.135 0.000 0.086 0.180 0.002 m15
#box: 0.620 0.164 0.000 0.657 0.193 0.002 m16
#box: 0.891 0.198 0.000 0.919 0.222 0.002 m3
#box: 0.755 0.163 0.000 0.778 0.208 0.002 m4
#box: 0.817 0.129 0.000 0.836 0.176 0.002 m12
#box: 0.372 0.198 0.000 0.387 0.224 0.002 m10
#box: 0.096 0.168 0.000 0.115 0.216 0.002 m9
#box: 0.309 0.187 0.000 0.342 0.216 0.002 m17
#box: 0.502 0.138 0.000 0.519 0.163 0.002 m7
#box: 0.186 0.119 0.000 0.205 0.163 0.002 m4
#box: 0.762 0.192 0.000 0.772 0.220 0.002 m1
#box: 0.794 0.125 0.000 0.820 0.160 0.002 m10
#box: 0.955 0.113 0.000 0.972 0.153 0.002 m5
#box: 0.445 0.136 0.000 0.473 0.156 0.002 m12
#box: 0.161 0.174 0.000 0.174 0.197 0.002 m16
#box: 0.427 0.128 0.000 0.466 0.169 0.002 m18
#box: 0.700 0.142 0.000 0.722 0.181 0.002 m2
#box: 0.279 0.213 0.000 0.295 0.250 0.002 m5
#box: 0.505 0.168 0.000 0.541 0.214 0.002 m10
#box: 0.442 0.144 0.000 0.481 0.187 0.002 m15
#box: 0.723 0.207 0.000 0.727 0.249 0.002 m1
#box: 0.796 0.130 0.000 0.826 0.158 0.002 m7
#box: 0.920 0.181 0.000 0.934 0.229 0.002 m14
#box: 0.177 0.175 0.000 0.182 0.222 0.002 m13
#box: 0.759 0.127 0.000 0.784 0.177 0.002 m17
#box: 0.981 0.202 0.000 1.020 0.238 0.002 m19
#box: 0.426 0.212 0.000 0.447 0.250 0.002 m6
#box: 0.339 0.105 0.000 0.351 0.155 0.002 m20
#box: 1.020 0.129 0.000 1.038 0.155 0.002 m11
#box: 0.846 0.203 0.000 0.874 0.239 0.002 m11
#box: 0.959 0.145 0.000 0.977 0.186 0.002 m17
#box: 0.451 0.147 0.000 0.474 0.176 0.002 m5
#box: 0.764 0.206 0.000 0.775 0.228 0.002 m5
#box: 1.080 0.190 0.000 1.114 0.223 0.002 m17
#box: 1.098 0.149 0.000 1.103 0.195 0.002 m7
#box: 0.450 0.217 0.000 0.467 0.237 0.002 m8
#box: 0.407 0.180 0.000 0.426 0.203 0.002 m6
#box: 0.909 0.147 0.000 0.925 0.180 0.002 m18
#box: 0.248 0.114 0.000 0.274 0.162 0.002 m20
#box: 0.799 0.127 0.000 0.822 0.151 0.002 m7
#box: 0.017 0.137 0.000 0.047 0.187 0.002 m5
#box: 0.840 0.102 0.000 0.847 0.152 0.002 m9
#box: 0.406 0.143 0.000 0.434 0.192 0.002 m2
#box: 0.609 0.206 0.000 0.617 0.226 0.002 m8
#box: 0.107 0.130 0.000 0.128 0.171 0.002 m6
#box: 0.546 0.158 0.000 0.556 0.205 0.002 m15
#box: 0.512 0.168 0.000 0.551 0.213 0.002 m2
#box: 0.163 0.197 0.000 0.202 0.237 0.002 m6
#box: 0.043 0.206 0.000 0.083 0.247 0.002 m12
#box: 0.657 0.122 0.000 0.668 0.160 0.002 m17
#box: 0.455 0.211 0.000 0.474 0.235 0.002 m17
#box: 0.411 0.122 0.000 0.440 0.164 0.002 m20
#box: 0.673 0.132 0.000 0.705 0.158 0.002 m5
#box: 0.362 0.181 0.000 0.368 0.213 0.002 m3
#box: 0.510 0.176 0.000 0.516 0.224 0.002 m20
#box: 0.490 0.140 0.000 0.499 0.176 0.002 m10
#box: 0.685 0.186 0.000 0.698 0.224 0.002 m9
#box: 0.935 0.168 0.000 0.953 0.209 0.002 m8
#box: 0.619 0.165 0.000 0.631 0.201 0.002 m17
#box: 0.406 0.155 0.000 0.425 0.176 0.002 m18
#box: 0.349 0.165 0.000 0.383 0.201 0.002 m7
#box: 0.967 0.201 0.000 0.983 0.249 0.002 m20
#box: 0.383 0.164 0.000 0.398 0.195 0.002 m17
#box: 0.270 0.204 0.000 0.305 0.244 0.002 m5
#box: 0.674 0.174 0.000 0.714 0.206 0.002 m15
#box: 0.850 0.175 0.000 0.865 0.221 0.002 m17
#box: 0.929 0.180 0.000 0.949 0.219 0.002 m3
#box: 1.080 0.123 0.000 1.102 0.167 0.002 m1
#box: 0.696 0.184 0.000 0.729 0.221 0.002 m17
#box: 0.292 0.154 0.000 0.307 0.201 0.002 m16
#box: 0.706 0.208 0.000 0.736 0.236 0.002 m5
#box: 0.307 0.194 0.000 0.312 0.219 0.002 m6
#box: 0.696 0.146 0.000 0.730 0.181 0.002 m20
#box: 0.969 0.131 0.000 0.991 0.154 0.002 m6
#box: 0.787 0.181 0.000 0.795 0.217 0.002 m4
#box: 0.989 0.129 0.000 0.996 0.163 0.002 m19
#box: 0.956 0.158 0.000 0.962 0.194 0.002 m8
#box: 0.184 0.110 0.000 0.220 0.151 0.002 m19
#box: 0.750 0.107 0.000 0.782 0.153 0.002 m10
#box: 0.284 0.142 0.000 0.289 0.174 0.002 m6
#box: 0.241 0.119 0.000 0.263 0.155 0.002 m20
#box: 1.054 0.165 0.000 1.093 0.215 0.002 m6
#box: 0.808 0.188 0.000 0.834 0.219 0.002 m1
#box: 0.437 0.138 0.000 0.477 0.167 0.002 m2
#box: 0.134 0.134 0.000 0.173 0.182 0.002 m19
#box: 0.402 0.136 0.000 0.422 0.179 0.002 m13
#box: 0.939 0.174 0.000 0.961 0.197 0.002 m18
#box: 1.098 0.226 0.000 1.126 0.248 0.002 m14
#box: 0.598 0.171 0.000 0.614 0.211 0.002 m1
#box: 0.335 0.173 0.000 0.372 0.210 0.002 m4
#box: 0.590 0.118 0.000 0.596 0.156 0.002 m8
#box: 0.197 0.146 0.000 0.232 0.169 0.002 m13
