testingplz 
#domain: 1.200 0.300 0.002 
#dx_dy_dz: 0.002 0.002 0.002 
#time_window: 5.000000e-09 

#excitation_file: mala_source_modified.txt 
#hertzian_dipole: z 0.080 0.250 0 mala_source 
#rx: 0.120 0.250 0.000 
#src_steps: 0.002 0.000 0.000 
#rx_steps: 0.002 0.000 0.000 

#material: 5.000 0.220 1.000 0.000 concrete
#material: 1.000 0.000 1.000 0.000 air
#material: 80.000 0.500 1.000 0.000 water

#material: 1.000 0.000 1.000 0.000 m1
#material: 2.000 0.000 1.000 0.000 m2
#material: 3.000 0.000 1.000 0.000 m3
#material: 4.000 0.000 1.000 0.000 m4
#material: 5.000 0.000 1.000 0.000 m5
#material: 6.000 0.000 1.000 0.000 m6
#material: 7.000 0.000 1.000 0.000 m7
#material: 8.000 0.000 1.000 0.000 m8
#material: 9.000 0.000 1.000 0.000 m9
#material: 10.000 0.000 1.000 0.000 m10
#material: 11.000 0.000 1.000 0.000 m11
#material: 12.000 0.000 1.000 0.000 m12
#material: 13.000 0.000 1.000 0.000 m13
#material: 14.000 0.000 1.000 0.000 m14
#material: 15.000 0.000 1.000 0.000 m15
#material: 16.000 0.000 1.000 0.000 m16
#material: 17.000 0.000 1.000 0.000 m17
#material: 18.000 0.000 1.000 0.000 m18
#material: 19.000 0.000 1.000 0.000 m19
#material: 20.000 0.000 1.000 0.000 m20

#box: 0.000 0.000 0.000 1.200 0.250 0.002 concrete

#box: 0.093 0.202 0.000 0.117 0.238 0.002 m8
#box: 0.805 0.156 0.000 0.813 0.194 0.002 m11
#box: 0.973 0.164 0.000 0.984 0.196 0.002 m3
#box: 0.348 0.196 0.000 0.369 0.225 0.002 m12
#box: 0.112 0.124 0.000 0.138 0.151 0.002 m17
#box: 0.333 0.164 0.000 0.372 0.212 0.002 m16
#box: 0.005 0.179 0.000 0.029 0.212 0.002 m3
#box: 0.981 0.150 0.000 1.013 0.191 0.002 m19
#box: 0.637 0.138 0.000 0.673 0.184 0.002 m4
#box: 0.302 0.143 0.000 0.337 0.176 0.002 m16
#box: 0.493 0.121 0.000 0.516 0.151 0.002 m6
#box: 0.881 0.162 0.000 0.886 0.205 0.002 m19
#box: 0.642 0.187 0.000 0.678 0.211 0.002 m11
#box: 0.346 0.179 0.000 0.350 0.219 0.002 m16
#box: 0.980 0.217 0.000 0.996 0.239 0.002 m14
#box: 0.042 0.121 0.000 0.065 0.164 0.002 m1
#box: 0.994 0.143 0.000 1.022 0.177 0.002 m5
#box: 0.202 0.195 0.000 0.238 0.229 0.002 m5
#box: 0.898 0.202 0.000 0.933 0.232 0.002 m18
#box: 0.117 0.126 0.000 0.144 0.150 0.002 m10
#box: 0.588 0.151 0.000 0.617 0.186 0.002 m6
#box: 0.871 0.221 0.000 0.894 0.246 0.002 m14
#box: 0.800 0.145 0.000 0.837 0.192 0.002 m13
#box: 0.828 0.195 0.000 0.865 0.219 0.002 m6
#box: 0.037 0.196 0.000 0.058 0.233 0.002 m11
#box: 0.917 0.107 0.000 0.946 0.157 0.002 m13
#box: 0.936 0.174 0.000 0.972 0.205 0.002 m20
#box: 0.891 0.161 0.000 0.909 0.206 0.002 m15
#box: 0.505 0.149 0.000 0.526 0.177 0.002 m9
#box: 0.449 0.182 0.000 0.480 0.216 0.002 m16
#box: 0.833 0.121 0.000 0.843 0.161 0.002 m7
#box: 0.614 0.184 0.000 0.631 0.221 0.002 m12
#box: 1.100 0.192 0.000 1.137 0.237 0.002 m20
#box: 0.501 0.134 0.000 0.529 0.170 0.002 m10
#box: 0.140 0.180 0.000 0.155 0.213 0.002 m9
#box: 0.302 0.193 0.000 0.306 0.232 0.002 m6
#box: 1.085 0.155 0.000 1.097 0.197 0.002 m3
#box: 0.110 0.112 0.000 0.121 0.152 0.002 m6
#box: 0.678 0.172 0.000 0.689 0.221 0.002 m3
#box: 0.513 0.182 0.000 0.530 0.230 0.002 m10
#box: 1.042 0.199 0.000 1.081 0.243 0.002 m5
#box: 0.072 0.142 0.000 0.087 0.162 0.002 m5
#box: 1.090 0.169 0.000 1.098 0.194 0.002 m1
#box: 0.680 0.168 0.000 0.710 0.201 0.002 m14
#box: 0.640 0.148 0.000 0.653 0.191 0.002 m13
#box: 0.395 0.198 0.000 0.427 0.232 0.002 m6
#box: 0.044 0.182 0.000 0.072 0.205 0.002 m10
#box: 1.011 0.123 0.000 1.036 0.161 0.002 m3
#box: 1.041 0.188 0.000 1.049 0.228 0.002 m6
#box: 0.555 0.191 0.000 0.592 0.235 0.002 m14
#box: 0.766 0.159 0.000 0.777 0.184 0.002 m6
#box: 1.023 0.154 0.000 1.039 0.186 0.002 m2
#box: 1.054 0.218 0.000 1.080 0.238 0.002 m17
#box: 0.532 0.200 0.000 0.541 0.229 0.002 m19
#box: 0.205 0.112 0.000 0.221 0.161 0.002 m17
#box: 0.692 0.180 0.000 0.709 0.213 0.002 m7
#box: 1.095 0.200 0.000 1.129 0.243 0.002 m9
#box: 0.842 0.131 0.000 0.863 0.163 0.002 m7
#box: 0.924 0.196 0.000 0.958 0.245 0.002 m5
#box: 0.184 0.215 0.000 0.217 0.236 0.002 m3
#box: 0.917 0.170 0.000 0.937 0.190 0.002 m12
#box: 0.213 0.170 0.000 0.225 0.214 0.002 m9
#box: 1.027 0.154 0.000 1.039 0.185 0.002 m1
#box: 0.310 0.196 0.000 0.335 0.230 0.002 m9
#box: 0.422 0.171 0.000 0.453 0.214 0.002 m1
#box: 0.786 0.181 0.000 0.798 0.215 0.002 m16
#box: 0.043 0.108 0.000 0.055 0.152 0.002 m7
#box: 0.329 0.171 0.000 0.365 0.199 0.002 m19
#box: 0.713 0.191 0.000 0.718 0.211 0.002 m16
#box: 0.506 0.206 0.000 0.528 0.245 0.002 m11
#box: 0.950 0.143 0.000 0.956 0.192 0.002 m11
#box: 1.067 0.199 0.000 1.105 0.230 0.002 m16
#box: 1.084 0.155 0.000 1.089 0.186 0.002 m15
#box: 0.484 0.148 0.000 0.499 0.178 0.002 m4
#box: 0.155 0.158 0.000 0.191 0.196 0.002 m1
#box: 0.142 0.106 0.000 0.177 0.154 0.002 m6
#box: 0.556 0.147 0.000 0.578 0.181 0.002 m4
#box: 1.093 0.166 0.000 1.114 0.193 0.002 m8
#box: 0.002 0.177 0.000 0.032 0.214 0.002 m1
#box: 0.382 0.153 0.000 0.404 0.195 0.002 m18
#box: 0.856 0.165 0.000 0.865 0.205 0.002 m11
#box: 0.172 0.208 0.000 0.193 0.248 0.002 m12
#box: 0.554 0.195 0.000 0.565 0.234 0.002 m9
#box: 0.595 0.206 0.000 0.630 0.235 0.002 m6
#box: 0.204 0.145 0.000 0.208 0.176 0.002 m6
#box: 0.768 0.153 0.000 0.808 0.182 0.002 m11
#box: 0.726 0.162 0.000 0.746 0.189 0.002 m5
#box: 0.830 0.172 0.000 0.843 0.211 0.002 m2
#box: 0.749 0.158 0.000 0.758 0.187 0.002 m2
#box: 0.837 0.208 0.000 0.863 0.228 0.002 m20
#box: 0.085 0.184 0.000 0.094 0.234 0.002 m19
#box: 0.751 0.191 0.000 0.765 0.211 0.002 m7
#box: 0.641 0.174 0.000 0.667 0.204 0.002 m1
#box: 1.015 0.214 0.000 1.038 0.245 0.002 m11
#box: 0.105 0.119 0.000 0.139 0.153 0.002 m13
#box: 0.968 0.174 0.000 0.997 0.198 0.002 m19
#box: 0.434 0.178 0.000 0.473 0.224 0.002 m16
#box: 0.545 0.197 0.000 0.579 0.217 0.002 m12
#box: 0.715 0.180 0.000 0.751 0.230 0.002 m5
#box: 0.984 0.129 0.000 1.004 0.177 0.002 m5
#box: 0.803 0.162 0.000 0.833 0.199 0.002 m2
#box: 0.726 0.204 0.000 0.758 0.241 0.002 m13
#box: 0.368 0.131 0.000 0.404 0.152 0.002 m7
#box: 0.724 0.139 0.000 0.755 0.183 0.002 m7
#box: 0.757 0.130 0.000 0.793 0.158 0.002 m1
#box: 0.379 0.178 0.000 0.396 0.227 0.002 m2
#box: 0.285 0.178 0.000 0.323 0.218 0.002 m17
#box: 0.768 0.150 0.000 0.776 0.170 0.002 m5
#box: 0.011 0.176 0.000 0.042 0.203 0.002 m9
#box: 0.141 0.202 0.000 0.155 0.240 0.002 m18
#box: 0.292 0.115 0.000 0.320 0.159 0.002 m10
#box: 0.055 0.178 0.000 0.069 0.218 0.002 m12
#box: 0.854 0.190 0.000 0.863 0.229 0.002 m3
#box: 0.028 0.139 0.000 0.033 0.184 0.002 m5
#box: 0.283 0.196 0.000 0.312 0.222 0.002 m7
#box: 0.031 0.132 0.000 0.038 0.171 0.002 m17
#box: 0.093 0.172 0.000 0.105 0.218 0.002 m18
#box: 0.088 0.151 0.000 0.105 0.182 0.002 m20
#box: 0.729 0.144 0.000 0.749 0.165 0.002 m7
#box: 0.638 0.217 0.000 0.669 0.246 0.002 m6
#box: 0.554 0.169 0.000 0.589 0.218 0.002 m20
#box: 0.382 0.204 0.000 0.419 0.224 0.002 m8
#box: 1.011 0.119 0.000 1.045 0.155 0.002 m14
#box: 0.608 0.137 0.000 0.636 0.183 0.002 m9
#box: 1.033 0.129 0.000 1.050 0.172 0.002 m1
#box: 0.813 0.142 0.000 0.819 0.170 0.002 m12
#box: 0.024 0.183 0.000 0.032 0.229 0.002 m5
#box: 0.184 0.143 0.000 0.200 0.179 0.002 m20
#box: 0.176 0.126 0.000 0.191 0.165 0.002 m11
#box: 0.163 0.127 0.000 0.185 0.166 0.002 m19
#box: 0.772 0.152 0.000 0.812 0.193 0.002 m4
#box: 0.135 0.199 0.000 0.152 0.245 0.002 m14
#box: 0.533 0.121 0.000 0.541 0.162 0.002 m10
#box: 0.632 0.141 0.000 0.650 0.164 0.002 m2
#box: 0.732 0.163 0.000 0.768 0.212 0.002 m17
#box: 0.220 0.149 0.000 0.255 0.196 0.002 m15
#box: 0.176 0.171 0.000 0.196 0.203 0.002 m16
#box: 0.809 0.141 0.000 0.833 0.161 0.002 m15
#box: 0.793 0.189 0.000 0.817 0.227 0.002 m7
#box: 0.747 0.116 0.000 0.764 0.154 0.002 m3
#box: 0.634 0.193 0.000 0.646 0.242 0.002 m11
#box: 0.333 0.170 0.000 0.369 0.209 0.002 m15
#box: 0.636 0.183 0.000 0.642 0.210 0.002 m8
#box: 0.104 0.111 0.000 0.121 0.157 0.002 m20
#box: 0.528 0.150 0.000 0.565 0.188 0.002 m16
#box: 0.558 0.154 0.000 0.564 0.177 0.002 m20
#box: 0.932 0.174 0.000 0.938 0.207 0.002 m20
#box: 0.936 0.154 0.000 0.952 0.196 0.002 m1
#box: 0.497 0.171 0.000 0.526 0.216 0.002 m12
#box: 0.316 0.157 0.000 0.335 0.191 0.002 m5
#box: 0.011 0.138 0.000 0.045 0.178 0.002 m9
#box: 0.902 0.139 0.000 0.927 0.181 0.002 m11
#box: 1.065 0.180 0.000 1.094 0.211 0.002 m5
#box: 0.836 0.193 0.000 0.876 0.242 0.002 m15
#box: 0.231 0.175 0.000 0.260 0.209 0.002 m7
#box: 0.707 0.134 0.000 0.739 0.161 0.002 m17
#box: 0.742 0.145 0.000 0.774 0.189 0.002 m17
#box: 0.962 0.175 0.000 0.977 0.217 0.002 m14
#box: 0.588 0.159 0.000 0.610 0.190 0.002 m9
#box: 0.897 0.125 0.000 0.932 0.154 0.002 m8
#box: 0.851 0.193 0.000 0.857 0.227 0.002 m8
#box: 0.716 0.153 0.000 0.750 0.191 0.002 m5
#box: 0.072 0.203 0.000 0.106 0.230 0.002 m2
#box: 0.086 0.100 0.000 0.108 0.150 0.002 m12
#box: 1.051 0.177 0.000 1.075 0.214 0.002 m13
#box: 0.523 0.180 0.000 0.550 0.214 0.002 m6
#box: 0.917 0.165 0.000 0.938 0.212 0.002 m15
#box: 1.098 0.194 0.000 1.102 0.226 0.002 m11
#box: 0.679 0.215 0.000 0.705 0.241 0.002 m19
#box: 0.753 0.184 0.000 0.762 0.214 0.002 m4
#box: 0.770 0.201 0.000 0.802 0.228 0.002 m16
#box: 0.281 0.181 0.000 0.307 0.226 0.002 m11
#box: 0.281 0.122 0.000 0.287 0.156 0.002 m9
#box: 0.339 0.171 0.000 0.354 0.193 0.002 m10
#box: 0.356 0.133 0.000 0.381 0.178 0.002 m1
#box: 0.996 0.200 0.000 1.033 0.241 0.002 m18
#box: 0.912 0.186 0.000 0.931 0.206 0.002 m20
#box: 0.405 0.116 0.000 0.445 0.153 0.002 m4
#box: 0.360 0.167 0.000 0.382 0.191 0.002 m8
#box: 1.045 0.160 0.000 1.064 0.201 0.002 m14
#box: 0.038 0.167 0.000 0.069 0.211 0.002 m15
#box: 0.309 0.191 0.000 0.328 0.241 0.002 m18
#box: 1.061 0.167 0.000 1.099 0.210 0.002 m20
#box: 0.028 0.196 0.000 0.056 0.246 0.002 m5
#box: 0.265 0.229 0.000 0.270 0.249 0.002 m6
#box: 0.167 0.211 0.000 0.198 0.232 0.002 m18
#box: 0.010 0.168 0.000 0.048 0.202 0.002 m15
#box: 0.372 0.169 0.000 0.409 0.216 0.002 m14
#box: 0.934 0.142 0.000 0.965 0.175 0.002 m5
#box: 0.709 0.136 0.000 0.747 0.176 0.002 m19
#box: 0.444 0.198 0.000 0.482 0.248 0.002 m2
#box: 0.335 0.174 0.000 0.351 0.197 0.002 m7
#box: 0.030 0.203 0.000 0.041 0.240 0.002 m8
#box: 0.534 0.196 0.000 0.557 0.219 0.002 m4
#box: 0.079 0.185 0.000 0.093 0.212 0.002 m17
#box: 0.649 0.168 0.000 0.662 0.192 0.002 m17
#box: 0.919 0.116 0.000 0.947 0.150 0.002 m12
#box: 0.378 0.149 0.000 0.396 0.184 0.002 m2
#box: 0.066 0.171 0.000 0.092 0.205 0.002 m16
#box: 0.304 0.131 0.000 0.339 0.168 0.002 m19
