testingplz 
#domain: 1.200 0.300 0.002 
#dx_dy_dz: 0.002 0.002 0.002 
#time_window: 5.000000e-09 

#excitation_file: mala_source_modified.txt 
#hertzian_dipole: z 0.080 0.250 0 mala_source 
#rx: 0.120 0.250 0.000 
#src_steps: 0.002 0.000 0.000 
#rx_steps: 0.002 0.000 0.000 

#material: 5.000 0.220 1.000 0.000 concrete
#material: 1.000 0.000 1.000 0.000 air
#material: 80.000 0.500 1.000 0.000 water

#material: 1.000 0.000 1.000 0.000 m1
#material: 2.000 0.000 1.000 0.000 m2
#material: 3.000 0.000 1.000 0.000 m3
#material: 4.000 0.000 1.000 0.000 m4
#material: 5.000 0.000 1.000 0.000 m5
#material: 6.000 0.000 1.000 0.000 m6
#material: 7.000 0.000 1.000 0.000 m7
#material: 8.000 0.000 1.000 0.000 m8
#material: 9.000 0.000 1.000 0.000 m9
#material: 10.000 0.000 1.000 0.000 m10
#material: 11.000 0.000 1.000 0.000 m11
#material: 12.000 0.000 1.000 0.000 m12
#material: 13.000 0.000 1.000 0.000 m13
#material: 14.000 0.000 1.000 0.000 m14
#material: 15.000 0.000 1.000 0.000 m15
#material: 16.000 0.000 1.000 0.000 m16
#material: 17.000 0.000 1.000 0.000 m17
#material: 18.000 0.000 1.000 0.000 m18
#material: 19.000 0.000 1.000 0.000 m19
#material: 20.000 0.000 1.000 0.000 m20

#box: 0.000 0.000 0.000 1.200 0.250 0.002 concrete

#box: 0.533 0.176 0.000 0.559 0.206 0.002 m4
#box: 0.966 0.116 0.000 0.990 0.157 0.002 m13
#box: 0.977 0.134 0.000 0.984 0.156 0.002 m12
#box: 0.388 0.120 0.000 0.409 0.161 0.002 m4
#box: 0.486 0.158 0.000 0.508 0.197 0.002 m3
#box: 0.303 0.120 0.000 0.324 0.160 0.002 m4
#box: 0.077 0.160 0.000 0.114 0.187 0.002 m18
#box: 1.085 0.184 0.000 1.115 0.233 0.002 m14
#box: 0.130 0.109 0.000 0.150 0.158 0.002 m3
#box: 0.496 0.202 0.000 0.509 0.250 0.002 m15
#box: 0.032 0.196 0.000 0.051 0.219 0.002 m12
#box: 0.088 0.175 0.000 0.094 0.223 0.002 m9
#box: 0.402 0.146 0.000 0.419 0.168 0.002 m8
#box: 0.352 0.143 0.000 0.389 0.174 0.002 m17
#box: 0.970 0.137 0.000 1.008 0.173 0.002 m2
#box: 0.255 0.106 0.000 0.267 0.154 0.002 m10
#box: 0.331 0.205 0.000 0.337 0.245 0.002 m20
#box: 0.400 0.182 0.000 0.408 0.222 0.002 m3
#box: 0.859 0.142 0.000 0.892 0.183 0.002 m6
#box: 0.144 0.141 0.000 0.163 0.189 0.002 m10
#box: 0.823 0.154 0.000 0.840 0.202 0.002 m12
#box: 0.211 0.156 0.000 0.226 0.186 0.002 m15
#box: 0.495 0.183 0.000 0.515 0.228 0.002 m18
#box: 0.129 0.145 0.000 0.145 0.195 0.002 m10
#box: 0.186 0.152 0.000 0.213 0.173 0.002 m18
#box: 0.077 0.133 0.000 0.085 0.167 0.002 m12
#box: 0.064 0.156 0.000 0.094 0.179 0.002 m7
#box: 0.168 0.144 0.000 0.190 0.175 0.002 m5
#box: 0.915 0.146 0.000 0.936 0.176 0.002 m2
#box: 0.135 0.178 0.000 0.166 0.205 0.002 m4
#box: 0.287 0.193 0.000 0.315 0.229 0.002 m6
#box: 0.434 0.140 0.000 0.444 0.187 0.002 m15
#box: 0.222 0.176 0.000 0.262 0.198 0.002 m13
#box: 0.137 0.168 0.000 0.168 0.188 0.002 m2
#box: 0.219 0.123 0.000 0.258 0.150 0.002 m3
#box: 0.351 0.162 0.000 0.374 0.189 0.002 m7
#box: 0.460 0.142 0.000 0.480 0.162 0.002 m4
#box: 0.678 0.168 0.000 0.709 0.199 0.002 m20
#box: 0.628 0.179 0.000 0.668 0.201 0.002 m6
#box: 0.667 0.138 0.000 0.691 0.165 0.002 m17
#box: 0.388 0.148 0.000 0.403 0.198 0.002 m14
#box: 0.987 0.167 0.000 1.022 0.207 0.002 m15
#box: 0.980 0.149 0.000 0.987 0.192 0.002 m4
#box: 0.200 0.200 0.000 0.216 0.246 0.002 m13
#box: 0.488 0.135 0.000 0.522 0.162 0.002 m17
#box: 0.971 0.153 0.000 0.975 0.189 0.002 m6
#box: 1.059 0.117 0.000 1.064 0.166 0.002 m1
#box: 0.447 0.128 0.000 0.486 0.154 0.002 m15
#box: 1.017 0.146 0.000 1.041 0.170 0.002 m18
#box: 0.251 0.186 0.000 0.281 0.209 0.002 m3
#box: 0.848 0.159 0.000 0.879 0.190 0.002 m12
#box: 0.802 0.133 0.000 0.809 0.156 0.002 m15
#box: 0.162 0.175 0.000 0.177 0.212 0.002 m3
#box: 0.406 0.208 0.000 0.443 0.237 0.002 m4
#box: 0.451 0.190 0.000 0.485 0.218 0.002 m13
#box: 0.610 0.182 0.000 0.640 0.207 0.002 m5
#box: 0.724 0.211 0.000 0.735 0.240 0.002 m8
#box: 0.200 0.145 0.000 0.223 0.179 0.002 m6
#box: 0.719 0.134 0.000 0.759 0.178 0.002 m14
#box: 0.201 0.158 0.000 0.224 0.191 0.002 m10
#box: 0.856 0.106 0.000 0.880 0.155 0.002 m8
#box: 0.592 0.167 0.000 0.630 0.207 0.002 m9
#box: 0.747 0.159 0.000 0.774 0.191 0.002 m13
#box: 0.713 0.142 0.000 0.734 0.179 0.002 m18
#box: 1.010 0.123 0.000 1.040 0.153 0.002 m14
#box: 0.166 0.148 0.000 0.172 0.197 0.002 m19
#box: 0.325 0.207 0.000 0.359 0.231 0.002 m11
#box: 0.259 0.184 0.000 0.289 0.215 0.002 m12
#box: 0.551 0.160 0.000 0.572 0.188 0.002 m19
#box: 0.065 0.154 0.000 0.101 0.183 0.002 m12
#box: 0.079 0.212 0.000 0.119 0.246 0.002 m18
#box: 0.446 0.116 0.000 0.472 0.152 0.002 m17
#box: 0.368 0.204 0.000 0.379 0.240 0.002 m1
#box: 0.013 0.161 0.000 0.043 0.211 0.002 m11
#box: 0.938 0.158 0.000 0.946 0.180 0.002 m1
#box: 0.694 0.126 0.000 0.715 0.154 0.002 m5
#box: 0.028 0.160 0.000 0.037 0.208 0.002 m7
#box: 0.569 0.151 0.000 0.598 0.193 0.002 m10
#box: 0.059 0.121 0.000 0.099 0.162 0.002 m19
#box: 0.000 0.133 0.000 0.014 0.165 0.002 m3
#box: 0.067 0.143 0.000 0.107 0.192 0.002 m3
#box: 0.657 0.133 0.000 0.673 0.180 0.002 m13
#box: 0.655 0.159 0.000 0.692 0.192 0.002 m17
#box: 0.728 0.172 0.000 0.754 0.217 0.002 m5
#box: 0.522 0.145 0.000 0.554 0.194 0.002 m1
#box: 0.235 0.180 0.000 0.252 0.228 0.002 m9
#box: 0.859 0.141 0.000 0.892 0.175 0.002 m7
#box: 0.785 0.103 0.000 0.823 0.152 0.002 m6
#box: 0.084 0.173 0.000 0.114 0.205 0.002 m9
#box: 0.474 0.182 0.000 0.510 0.206 0.002 m11
#box: 0.562 0.156 0.000 0.568 0.204 0.002 m13
#box: 1.010 0.204 0.000 1.047 0.247 0.002 m9
#box: 0.400 0.225 0.000 0.404 0.246 0.002 m13
#box: 0.366 0.141 0.000 0.377 0.176 0.002 m1
#box: 0.762 0.198 0.000 0.787 0.226 0.002 m6
#box: 0.558 0.195 0.000 0.578 0.241 0.002 m8
#box: 0.447 0.213 0.000 0.468 0.234 0.002 m18
#box: 0.100 0.125 0.000 0.122 0.173 0.002 m12
#box: 0.347 0.218 0.000 0.363 0.245 0.002 m6
#box: 0.985 0.164 0.000 1.000 0.206 0.002 m6
#box: 1.021 0.151 0.000 1.025 0.181 0.002 m16
#box: 0.757 0.190 0.000 0.768 0.226 0.002 m13
#box: 0.876 0.174 0.000 0.901 0.211 0.002 m11
#box: 0.624 0.136 0.000 0.630 0.179 0.002 m20
#box: 0.130 0.158 0.000 0.150 0.190 0.002 m18
#box: 0.085 0.190 0.000 0.093 0.223 0.002 m6
#box: 0.161 0.153 0.000 0.182 0.195 0.002 m13
#box: 1.022 0.142 0.000 1.046 0.176 0.002 m3
#box: 1.064 0.120 0.000 1.083 0.164 0.002 m15
#box: 0.333 0.195 0.000 0.351 0.240 0.002 m11
#box: 0.639 0.131 0.000 0.666 0.168 0.002 m8
#box: 0.616 0.121 0.000 0.654 0.170 0.002 m18
#box: 0.474 0.151 0.000 0.509 0.200 0.002 m2
#box: 0.299 0.184 0.000 0.333 0.218 0.002 m1
#box: 0.494 0.225 0.000 0.521 0.247 0.002 m1
#box: 0.076 0.141 0.000 0.115 0.184 0.002 m5
#box: 0.255 0.181 0.000 0.278 0.228 0.002 m5
#box: 0.588 0.194 0.000 0.612 0.243 0.002 m13
#box: 0.560 0.139 0.000 0.586 0.173 0.002 m7
#box: 1.041 0.198 0.000 1.051 0.234 0.002 m17
#box: 0.534 0.156 0.000 0.558 0.183 0.002 m9
#box: 0.038 0.194 0.000 0.069 0.243 0.002 m11
#box: 0.653 0.175 0.000 0.681 0.197 0.002 m18
#box: 0.600 0.175 0.000 0.625 0.222 0.002 m20
#box: 1.039 0.197 0.000 1.047 0.227 0.002 m1
#box: 0.689 0.198 0.000 0.696 0.233 0.002 m7
#box: 1.045 0.137 0.000 1.075 0.186 0.002 m9
#box: 0.473 0.185 0.000 0.479 0.231 0.002 m14
#box: 0.846 0.222 0.000 0.876 0.250 0.002 m5
#box: 0.600 0.208 0.000 0.632 0.243 0.002 m7
#box: 0.661 0.176 0.000 0.682 0.217 0.002 m15
#box: 0.158 0.125 0.000 0.191 0.168 0.002 m2
#box: 0.995 0.118 0.000 1.010 0.159 0.002 m14
#box: 0.144 0.168 0.000 0.152 0.191 0.002 m6
#box: 0.429 0.116 0.000 0.467 0.163 0.002 m1
#box: 0.038 0.168 0.000 0.056 0.212 0.002 m6
#box: 1.002 0.166 0.000 1.024 0.192 0.002 m5
#box: 0.118 0.133 0.000 0.148 0.181 0.002 m10
#box: 0.237 0.186 0.000 0.273 0.224 0.002 m20
#box: 0.747 0.115 0.000 0.766 0.164 0.002 m18
#box: 0.315 0.198 0.000 0.347 0.231 0.002 m5
#box: 0.036 0.180 0.000 0.069 0.213 0.002 m8
#box: 0.027 0.121 0.000 0.050 0.155 0.002 m3
#box: 0.304 0.131 0.000 0.335 0.178 0.002 m6
#box: 0.684 0.168 0.000 0.706 0.192 0.002 m11
#box: 0.044 0.199 0.000 0.055 0.223 0.002 m7
#box: 0.605 0.193 0.000 0.638 0.228 0.002 m11
#box: 0.455 0.178 0.000 0.476 0.213 0.002 m8
#box: 0.868 0.182 0.000 0.891 0.228 0.002 m1
#box: 0.933 0.204 0.000 0.965 0.241 0.002 m1
#box: 0.581 0.137 0.000 0.596 0.177 0.002 m12
#box: 1.070 0.122 0.000 1.103 0.155 0.002 m3
#box: 0.023 0.158 0.000 0.033 0.202 0.002 m19
#box: 0.913 0.129 0.000 0.926 0.173 0.002 m5
#box: 0.390 0.180 0.000 0.402 0.225 0.002 m11
#box: 0.564 0.158 0.000 0.573 0.182 0.002 m7
#box: 0.098 0.140 0.000 0.103 0.174 0.002 m9
#box: 0.515 0.219 0.000 0.521 0.245 0.002 m4
#box: 0.490 0.130 0.000 0.528 0.170 0.002 m6
#box: 0.799 0.201 0.000 0.824 0.239 0.002 m17
#box: 0.566 0.148 0.000 0.596 0.171 0.002 m6
#box: 1.095 0.147 0.000 1.123 0.168 0.002 m1
#box: 0.847 0.152 0.000 0.887 0.185 0.002 m15
#box: 0.378 0.125 0.000 0.412 0.150 0.002 m15
#box: 0.712 0.192 0.000 0.723 0.221 0.002 m11
#box: 0.110 0.201 0.000 0.143 0.236 0.002 m18
#box: 0.444 0.183 0.000 0.457 0.207 0.002 m15
#box: 0.077 0.153 0.000 0.088 0.186 0.002 m3
#box: 0.256 0.226 0.000 0.262 0.248 0.002 m3
#box: 0.841 0.146 0.000 0.867 0.193 0.002 m2
#box: 0.159 0.136 0.000 0.167 0.159 0.002 m20
#box: 0.493 0.227 0.000 0.531 0.247 0.002 m13
#box: 0.659 0.154 0.000 0.699 0.177 0.002 m5
#box: 0.321 0.207 0.000 0.327 0.244 0.002 m5
#box: 0.845 0.144 0.000 0.876 0.184 0.002 m19
#box: 0.340 0.192 0.000 0.376 0.213 0.002 m3
#box: 0.142 0.138 0.000 0.152 0.187 0.002 m13
#box: 0.782 0.151 0.000 0.799 0.197 0.002 m13
#box: 0.096 0.163 0.000 0.129 0.205 0.002 m5
#box: 0.752 0.195 0.000 0.784 0.227 0.002 m10
#box: 0.066 0.208 0.000 0.105 0.250 0.002 m13
#box: 0.145 0.189 0.000 0.170 0.228 0.002 m14
#box: 0.866 0.161 0.000 0.877 0.200 0.002 m14
#box: 0.874 0.201 0.000 0.890 0.234 0.002 m11
#box: 0.331 0.149 0.000 0.345 0.181 0.002 m14
#box: 1.035 0.149 0.000 1.062 0.177 0.002 m9
#box: 1.018 0.194 0.000 1.050 0.242 0.002 m17
#box: 0.320 0.110 0.000 0.355 0.151 0.002 m1
#box: 0.085 0.187 0.000 0.124 0.209 0.002 m5
#box: 0.963 0.134 0.000 0.991 0.166 0.002 m17
#box: 0.772 0.151 0.000 0.800 0.174 0.002 m6
#box: 1.066 0.148 0.000 1.086 0.180 0.002 m12
#box: 0.732 0.183 0.000 0.759 0.224 0.002 m15
#box: 0.678 0.148 0.000 0.704 0.181 0.002 m19
#box: 0.352 0.125 0.000 0.390 0.157 0.002 m15
#box: 0.749 0.170 0.000 0.759 0.200 0.002 m2
#box: 0.997 0.155 0.000 1.010 0.193 0.002 m3
#box: 0.856 0.162 0.000 0.873 0.197 0.002 m20
#box: 0.321 0.178 0.000 0.333 0.223 0.002 m1
#box: 0.523 0.146 0.000 0.528 0.193 0.002 m9
