testingplz 
#domain: 1.200 0.300 0.002 
#dx_dy_dz: 0.002 0.002 0.002 
#time_window: 5.000000e-09 

#excitation_file: mala_source_modified.txt 
#hertzian_dipole: z 0.080 0.250 0 mala_source 
#rx: 0.120 0.250 0.000 
#src_steps: 0.002 0.000 0.000 
#rx_steps: 0.002 0.000 0.000 

#material: 5.000 0.220 1.000 0.000 concrete
#material: 1.000 0.000 1.000 0.000 air
#material: 80.000 0.500 1.000 0.000 water

#material: 1.000 0.000 1.000 0.000 m1
#material: 2.000 0.000 1.000 0.000 m2
#material: 3.000 0.000 1.000 0.000 m3
#material: 4.000 0.000 1.000 0.000 m4
#material: 5.000 0.000 1.000 0.000 m5
#material: 6.000 0.000 1.000 0.000 m6
#material: 7.000 0.000 1.000 0.000 m7
#material: 8.000 0.000 1.000 0.000 m8
#material: 9.000 0.000 1.000 0.000 m9
#material: 10.000 0.000 1.000 0.000 m10
#material: 11.000 0.000 1.000 0.000 m11
#material: 12.000 0.000 1.000 0.000 m12
#material: 13.000 0.000 1.000 0.000 m13
#material: 14.000 0.000 1.000 0.000 m14
#material: 15.000 0.000 1.000 0.000 m15
#material: 16.000 0.000 1.000 0.000 m16
#material: 17.000 0.000 1.000 0.000 m17
#material: 18.000 0.000 1.000 0.000 m18
#material: 19.000 0.000 1.000 0.000 m19
#material: 20.000 0.000 1.000 0.000 m20

#box: 0.000 0.000 0.000 1.200 0.250 0.002 concrete

#cylinder: 0.796 0.124 0.000 0.796 0.124 0.002 0.004 m11
#cylinder: 0.146 0.196 0.000 0.146 0.196 0.002 0.009 m5
#cylinder: 0.573 0.139 0.000 0.573 0.139 0.002 0.002 m15
#cylinder: 0.236 0.174 0.000 0.236 0.174 0.002 0.010 m11
#cylinder: 1.017 0.206 0.000 1.017 0.206 0.002 0.009 m12
#cylinder: 0.517 0.133 0.000 0.517 0.133 0.002 0.002 m8
#cylinder: 0.397 0.104 0.000 0.397 0.104 0.002 0.006 m10
#cylinder: 0.342 0.156 0.000 0.342 0.156 0.002 0.004 m13
#cylinder: 0.651 0.216 0.000 0.651 0.216 0.002 0.009 m6
#cylinder: 0.051 0.170 0.000 0.051 0.170 0.002 0.009 m2
#cylinder: 0.000 0.130 0.000 0.000 0.130 0.002 0.004 m14
#cylinder: 0.248 0.191 0.000 0.248 0.191 0.002 0.007 m12
#cylinder: 0.891 0.209 0.000 0.891 0.209 0.002 0.005 m14
#cylinder: 0.449 0.168 0.000 0.449 0.168 0.002 0.004 m11
#cylinder: 0.854 0.134 0.000 0.854 0.134 0.002 0.005 m15
#cylinder: 0.407 0.132 0.000 0.407 0.132 0.002 0.003 m18
#cylinder: 0.910 0.145 0.000 0.910 0.145 0.002 0.004 m9
#cylinder: 0.291 0.213 0.000 0.291 0.213 0.002 0.008 m8
#cylinder: 0.874 0.208 0.000 0.874 0.208 0.002 0.004 m12
#cylinder: 0.957 0.160 0.000 0.957 0.160 0.002 0.009 m9
#cylinder: 1.014 0.136 0.000 1.014 0.136 0.002 0.004 m13
#cylinder: 0.892 0.109 0.000 0.892 0.109 0.002 0.005 m16
#cylinder: 0.798 0.107 0.000 0.798 0.107 0.002 0.010 m6
#cylinder: 0.318 0.144 0.000 0.318 0.144 0.002 0.006 m6
#cylinder: 0.499 0.148 0.000 0.499 0.148 0.002 0.010 m18
#cylinder: 0.798 0.125 0.000 0.798 0.125 0.002 0.003 m2
#cylinder: 0.494 0.215 0.000 0.494 0.215 0.002 0.003 m7
#cylinder: 0.088 0.187 0.000 0.088 0.187 0.002 0.008 m8
#cylinder: 0.726 0.175 0.000 0.726 0.175 0.002 0.008 m8
#cylinder: 0.293 0.140 0.000 0.293 0.140 0.002 0.005 m14
#cylinder: 0.742 0.113 0.000 0.742 0.113 0.002 0.004 m17
#cylinder: 0.678 0.145 0.000 0.678 0.145 0.002 0.004 m6
#cylinder: 0.814 0.123 0.000 0.814 0.123 0.002 0.008 m14
#cylinder: 0.883 0.130 0.000 0.883 0.130 0.002 0.004 m4
#cylinder: 0.234 0.150 0.000 0.234 0.150 0.002 0.010 m2
#cylinder: 0.746 0.129 0.000 0.746 0.129 0.002 0.006 m3
#cylinder: 0.464 0.156 0.000 0.464 0.156 0.002 0.008 m4
#cylinder: 0.496 0.154 0.000 0.496 0.154 0.002 0.006 m19
#cylinder: 0.048 0.153 0.000 0.048 0.153 0.002 0.005 m14
#cylinder: 0.098 0.171 0.000 0.098 0.171 0.002 0.002 m5
#cylinder: 1.055 0.139 0.000 1.055 0.139 0.002 0.004 m14
#cylinder: 0.794 0.155 0.000 0.794 0.155 0.002 0.005 m9
#cylinder: 0.663 0.207 0.000 0.663 0.207 0.002 0.003 m13
#cylinder: 0.632 0.177 0.000 0.632 0.177 0.002 0.005 m19
#cylinder: 0.853 0.211 0.000 0.853 0.211 0.002 0.003 m20
#cylinder: 0.294 0.137 0.000 0.294 0.137 0.002 0.009 m2
#cylinder: 0.799 0.140 0.000 0.799 0.140 0.002 0.004 m9
#cylinder: 0.558 0.203 0.000 0.558 0.203 0.002 0.005 m5
#cylinder: 1.061 0.108 0.000 1.061 0.108 0.002 0.004 m7
#cylinder: 0.035 0.144 0.000 0.035 0.144 0.002 0.008 m3
#cylinder: 1.003 0.173 0.000 1.003 0.173 0.002 0.008 m13
#cylinder: 0.105 0.123 0.000 0.105 0.123 0.002 0.007 m19
#cylinder: 0.776 0.146 0.000 0.776 0.146 0.002 0.004 m5
#cylinder: 0.114 0.192 0.000 0.114 0.192 0.002 0.005 m20
#cylinder: 0.841 0.195 0.000 0.841 0.195 0.002 0.009 m9
#cylinder: 0.368 0.159 0.000 0.368 0.159 0.002 0.008 m9
#cylinder: 0.460 0.107 0.000 0.460 0.107 0.002 0.009 m10
#cylinder: 0.471 0.202 0.000 0.471 0.202 0.002 0.006 m2
#cylinder: 0.351 0.128 0.000 0.351 0.128 0.002 0.009 m5
#cylinder: 0.897 0.131 0.000 0.897 0.131 0.002 0.003 m3
#cylinder: 0.471 0.117 0.000 0.471 0.117 0.002 0.004 m6
#cylinder: 0.980 0.166 0.000 0.980 0.166 0.002 0.010 m13
#cylinder: 0.147 0.125 0.000 0.147 0.125 0.002 0.004 m1
#cylinder: 0.958 0.122 0.000 0.958 0.122 0.002 0.005 m12
#cylinder: 0.338 0.168 0.000 0.338 0.168 0.002 0.004 m15
#cylinder: 0.843 0.102 0.000 0.843 0.102 0.002 0.005 m2
#cylinder: 0.952 0.193 0.000 0.952 0.193 0.002 0.008 m15
#cylinder: 0.116 0.139 0.000 0.116 0.139 0.002 0.004 m10
#cylinder: 0.941 0.121 0.000 0.941 0.121 0.002 0.010 m17
#cylinder: 0.222 0.152 0.000 0.222 0.152 0.002 0.003 m19
#cylinder: 0.145 0.137 0.000 0.145 0.137 0.002 0.005 m15
#cylinder: 0.134 0.139 0.000 0.134 0.139 0.002 0.005 m12
#cylinder: 1.044 0.194 0.000 1.044 0.194 0.002 0.008 m17
#cylinder: 0.563 0.138 0.000 0.563 0.138 0.002 0.007 m4
#cylinder: 0.092 0.147 0.000 0.092 0.147 0.002 0.003 m7
#cylinder: 0.852 0.204 0.000 0.852 0.204 0.002 0.007 m4
#cylinder: 0.770 0.172 0.000 0.770 0.172 0.002 0.009 m7
#cylinder: 0.417 0.219 0.000 0.417 0.219 0.002 0.006 m6
#cylinder: 0.346 0.141 0.000 0.346 0.141 0.002 0.009 m5
#cylinder: 0.480 0.145 0.000 0.480 0.145 0.002 0.007 m12
#cylinder: 0.392 0.188 0.000 0.392 0.188 0.002 0.004 m9
#cylinder: 0.385 0.166 0.000 0.385 0.166 0.002 0.004 m14
#cylinder: 0.181 0.195 0.000 0.181 0.195 0.002 0.003 m7
#cylinder: 0.230 0.213 0.000 0.230 0.213 0.002 0.009 m6
#cylinder: 0.795 0.190 0.000 0.795 0.190 0.002 0.009 m18
#cylinder: 0.743 0.148 0.000 0.743 0.148 0.002 0.002 m17
#cylinder: 0.324 0.135 0.000 0.324 0.135 0.002 0.006 m3
#cylinder: 0.641 0.190 0.000 0.641 0.190 0.002 0.003 m5
#cylinder: 0.729 0.175 0.000 0.729 0.175 0.002 0.007 m5
#cylinder: 0.495 0.200 0.000 0.495 0.200 0.002 0.006 m5
#cylinder: 0.832 0.203 0.000 0.832 0.203 0.002 0.009 m15
#cylinder: 0.699 0.217 0.000 0.699 0.217 0.002 0.009 m16
#cylinder: 0.734 0.148 0.000 0.734 0.148 0.002 0.008 m15
#cylinder: 1.055 0.163 0.000 1.055 0.163 0.002 0.003 m17
#cylinder: 0.152 0.199 0.000 0.152 0.199 0.002 0.002 m15
#cylinder: 0.078 0.178 0.000 0.078 0.178 0.002 0.003 m8
#cylinder: 1.009 0.152 0.000 1.009 0.152 0.002 0.007 m1
#cylinder: 0.444 0.215 0.000 0.444 0.215 0.002 0.003 m8
#cylinder: 0.557 0.166 0.000 0.557 0.166 0.002 0.009 m5
#cylinder: 1.077 0.132 0.000 1.077 0.132 0.002 0.007 m1
#cylinder: 0.939 0.105 0.000 0.939 0.105 0.002 0.007 m17
#cylinder: 0.164 0.145 0.000 0.164 0.145 0.002 0.004 m13
#cylinder: 1.032 0.205 0.000 1.032 0.205 0.002 0.006 m6
#cylinder: 0.307 0.205 0.000 0.307 0.205 0.002 0.005 m19
#cylinder: 0.407 0.132 0.000 0.407 0.132 0.002 0.003 m15
#cylinder: 1.068 0.188 0.000 1.068 0.188 0.002 0.002 m2
#cylinder: 0.044 0.208 0.000 0.044 0.208 0.002 0.003 m5
#cylinder: 0.882 0.108 0.000 0.882 0.108 0.002 0.009 m17
#cylinder: 0.895 0.106 0.000 0.895 0.106 0.002 0.010 m16
#cylinder: 0.440 0.142 0.000 0.440 0.142 0.002 0.007 m13
#cylinder: 0.949 0.141 0.000 0.949 0.141 0.002 0.004 m20
#cylinder: 1.055 0.180 0.000 1.055 0.180 0.002 0.006 m18
#cylinder: 1.032 0.141 0.000 1.032 0.141 0.002 0.007 m1
#cylinder: 0.790 0.183 0.000 0.790 0.183 0.002 0.004 m1
#cylinder: 0.646 0.185 0.000 0.646 0.185 0.002 0.005 m12
#cylinder: 0.847 0.219 0.000 0.847 0.219 0.002 0.005 m6
#cylinder: 0.326 0.127 0.000 0.326 0.127 0.002 0.004 m17
#cylinder: 0.168 0.171 0.000 0.168 0.171 0.002 0.004 m18
#cylinder: 1.036 0.167 0.000 1.036 0.167 0.002 0.009 m15
#cylinder: 0.903 0.218 0.000 0.903 0.218 0.002 0.003 m1
#cylinder: 0.043 0.125 0.000 0.043 0.125 0.002 0.008 m15
#cylinder: 0.473 0.114 0.000 0.473 0.114 0.002 0.004 m7
#cylinder: 0.992 0.116 0.000 0.992 0.116 0.002 0.004 m5
#cylinder: 0.664 0.180 0.000 0.664 0.180 0.002 0.007 m10
#cylinder: 0.667 0.176 0.000 0.667 0.176 0.002 0.006 m5
#cylinder: 0.307 0.182 0.000 0.307 0.182 0.002 0.003 m6
#cylinder: 0.095 0.201 0.000 0.095 0.201 0.002 0.006 m10
#cylinder: 0.698 0.197 0.000 0.698 0.197 0.002 0.010 m3
#cylinder: 0.967 0.215 0.000 0.967 0.215 0.002 0.006 m20
#cylinder: 0.994 0.152 0.000 0.994 0.152 0.002 0.006 m4
#cylinder: 0.192 0.191 0.000 0.192 0.191 0.002 0.006 m3
#cylinder: 0.652 0.150 0.000 0.652 0.150 0.002 0.010 m10
#cylinder: 0.720 0.177 0.000 0.720 0.177 0.002 0.007 m5
#cylinder: 0.878 0.153 0.000 0.878 0.153 0.002 0.006 m20
#cylinder: 0.193 0.148 0.000 0.193 0.148 0.002 0.002 m17
#cylinder: 0.675 0.117 0.000 0.675 0.117 0.002 0.009 m10
#cylinder: 0.719 0.168 0.000 0.719 0.168 0.002 0.007 m2
#cylinder: 1.047 0.112 0.000 1.047 0.112 0.002 0.003 m4
#cylinder: 0.494 0.192 0.000 0.494 0.192 0.002 0.007 m18
#cylinder: 0.956 0.171 0.000 0.956 0.171 0.002 0.005 m9
#cylinder: 1.047 0.166 0.000 1.047 0.166 0.002 0.004 m14
#cylinder: 0.690 0.101 0.000 0.690 0.101 0.002 0.004 m15
#cylinder: 0.660 0.176 0.000 0.660 0.176 0.002 0.007 m3
#cylinder: 0.925 0.138 0.000 0.925 0.138 0.002 0.007 m7
#cylinder: 0.762 0.200 0.000 0.762 0.200 0.002 0.006 m19
#cylinder: 0.281 0.214 0.000 0.281 0.214 0.002 0.002 m2
#cylinder: 0.492 0.197 0.000 0.492 0.197 0.002 0.003 m1
#cylinder: 0.003 0.126 0.000 0.003 0.126 0.002 0.009 m20
#cylinder: 0.583 0.114 0.000 0.583 0.114 0.002 0.010 m13
#cylinder: 0.958 0.195 0.000 0.958 0.195 0.002 0.003 m16
#cylinder: 0.328 0.183 0.000 0.328 0.183 0.002 0.007 m9
#cylinder: 0.306 0.208 0.000 0.306 0.208 0.002 0.004 m3
#cylinder: 0.880 0.109 0.000 0.880 0.109 0.002 0.004 m9
#cylinder: 0.806 0.168 0.000 0.806 0.168 0.002 0.004 m6
#cylinder: 0.975 0.169 0.000 0.975 0.169 0.002 0.008 m20
#cylinder: 0.613 0.202 0.000 0.613 0.202 0.002 0.006 m10
#cylinder: 0.164 0.145 0.000 0.164 0.145 0.002 0.004 m10
#cylinder: 0.188 0.213 0.000 0.188 0.213 0.002 0.006 m13
#cylinder: 0.055 0.205 0.000 0.055 0.205 0.002 0.006 m14
#cylinder: 0.244 0.218 0.000 0.244 0.218 0.002 0.004 m13
#cylinder: 0.385 0.180 0.000 0.385 0.180 0.002 0.006 m13
#cylinder: 0.271 0.191 0.000 0.271 0.191 0.002 0.006 m10
#cylinder: 0.602 0.186 0.000 0.602 0.186 0.002 0.005 m11
#cylinder: 0.699 0.118 0.000 0.699 0.118 0.002 0.005 m4
#cylinder: 0.465 0.178 0.000 0.465 0.178 0.002 0.003 m5
#cylinder: 0.952 0.171 0.000 0.952 0.171 0.002 0.004 m8
#cylinder: 0.721 0.145 0.000 0.721 0.145 0.002 0.004 m1
#cylinder: 0.304 0.130 0.000 0.304 0.130 0.002 0.008 m18
#cylinder: 0.469 0.103 0.000 0.469 0.103 0.002 0.005 m11
#cylinder: 0.083 0.155 0.000 0.083 0.155 0.002 0.008 m3
#cylinder: 0.203 0.171 0.000 0.203 0.171 0.002 0.005 m13
#cylinder: 0.758 0.129 0.000 0.758 0.129 0.002 0.003 m4
#cylinder: 0.477 0.156 0.000 0.477 0.156 0.002 0.005 m5
#cylinder: 1.043 0.144 0.000 1.043 0.144 0.002 0.004 m17
#cylinder: 0.897 0.209 0.000 0.897 0.209 0.002 0.004 m8
#cylinder: 0.377 0.133 0.000 0.377 0.133 0.002 0.004 m2
#cylinder: 0.433 0.200 0.000 0.433 0.200 0.002 0.003 m12
#cylinder: 0.714 0.115 0.000 0.714 0.115 0.002 0.007 m12
#cylinder: 1.091 0.177 0.000 1.091 0.177 0.002 0.009 m5
#cylinder: 0.770 0.119 0.000 0.770 0.119 0.002 0.008 m12
#cylinder: 0.391 0.116 0.000 0.391 0.116 0.002 0.003 m5
#cylinder: 0.175 0.151 0.000 0.175 0.151 0.002 0.004 m19
#cylinder: 0.280 0.168 0.000 0.280 0.168 0.002 0.003 m17
#cylinder: 0.253 0.181 0.000 0.253 0.181 0.002 0.004 m7
#cylinder: 0.485 0.120 0.000 0.485 0.120 0.002 0.005 m11
#cylinder: 0.292 0.103 0.000 0.292 0.103 0.002 0.009 m2
#cylinder: 0.987 0.110 0.000 0.987 0.110 0.002 0.003 m17
#cylinder: 1.047 0.146 0.000 1.047 0.146 0.002 0.003 m9
#cylinder: 0.697 0.165 0.000 0.697 0.165 0.002 0.003 m10
#cylinder: 0.523 0.142 0.000 0.523 0.142 0.002 0.009 m12
#cylinder: 0.111 0.179 0.000 0.111 0.179 0.002 0.006 m11
#cylinder: 0.705 0.215 0.000 0.705 0.215 0.002 0.004 m2
#cylinder: 0.439 0.169 0.000 0.439 0.169 0.002 0.010 m20
#cylinder: 0.333 0.213 0.000 0.333 0.213 0.002 0.005 m19
#cylinder: 1.023 0.215 0.000 1.023 0.215 0.002 0.007 m18
#cylinder: 0.595 0.104 0.000 0.595 0.104 0.002 0.006 m5
#cylinder: 0.521 0.196 0.000 0.521 0.196 0.002 0.006 m9
#cylinder: 0.049 0.184 0.000 0.049 0.184 0.002 0.006 m4
#cylinder: 0.009 0.179 0.000 0.009 0.179 0.002 0.009 m3
#cylinder: 0.109 0.182 0.000 0.109 0.182 0.002 0.007 m20
