testingplz 
#domain: 1.200 0.300 0.002 
#dx_dy_dz: 0.002 0.002 0.002 
#time_window: 5.000000e-09 

#excitation_file: mala_source_modified.txt 
#hertzian_dipole: z 0.080 0.250 0 mala_source 
#rx: 0.120 0.250 0.000 
#src_steps: 0.002 0.000 0.000 
#rx_steps: 0.002 0.000 0.000 

#material: 5.000 0.220 1.000 0.000 concrete
#material: 1.000 0.000 1.000 0.000 air
#material: 80.000 0.500 1.000 0.000 water

#material: 1.000 0.000 1.000 0.000 m1
#material: 2.000 0.000 1.000 0.000 m2
#material: 3.000 0.000 1.000 0.000 m3
#material: 4.000 0.000 1.000 0.000 m4
#material: 5.000 0.000 1.000 0.000 m5
#material: 6.000 0.000 1.000 0.000 m6
#material: 7.000 0.000 1.000 0.000 m7
#material: 8.000 0.000 1.000 0.000 m8
#material: 9.000 0.000 1.000 0.000 m9
#material: 10.000 0.000 1.000 0.000 m10
#material: 11.000 0.000 1.000 0.000 m11
#material: 12.000 0.000 1.000 0.000 m12
#material: 13.000 0.000 1.000 0.000 m13
#material: 14.000 0.000 1.000 0.000 m14
#material: 15.000 0.000 1.000 0.000 m15
#material: 16.000 0.000 1.000 0.000 m16
#material: 17.000 0.000 1.000 0.000 m17
#material: 18.000 0.000 1.000 0.000 m18
#material: 19.000 0.000 1.000 0.000 m19
#material: 20.000 0.000 1.000 0.000 m20

#box: 0.000 0.000 0.000 1.200 0.250 0.002 concrete

#box: 0.353 0.130 0.000 0.361 0.160 0.002 m17
#box: 0.204 0.151 0.000 0.241 0.173 0.002 m18
#box: 0.150 0.134 0.000 0.173 0.162 0.002 m19
#box: 0.373 0.131 0.000 0.390 0.176 0.002 m7
#box: 0.037 0.147 0.000 0.058 0.181 0.002 m10
#box: 0.853 0.119 0.000 0.892 0.166 0.002 m9
#box: 0.852 0.171 0.000 0.892 0.191 0.002 m7
#box: 1.013 0.159 0.000 1.024 0.188 0.002 m2
#box: 1.033 0.195 0.000 1.064 0.245 0.002 m9
#box: 0.033 0.200 0.000 0.047 0.249 0.002 m17
#box: 0.365 0.176 0.000 0.402 0.209 0.002 m17
#box: 0.680 0.189 0.000 0.704 0.217 0.002 m12
#box: 0.872 0.196 0.000 0.890 0.233 0.002 m18
#box: 0.367 0.116 0.000 0.384 0.152 0.002 m9
#box: 1.037 0.172 0.000 1.055 0.216 0.002 m16
#box: 0.780 0.164 0.000 0.809 0.185 0.002 m1
#box: 0.607 0.129 0.000 0.613 0.157 0.002 m17
#box: 0.944 0.150 0.000 0.949 0.194 0.002 m16
#box: 0.157 0.112 0.000 0.193 0.159 0.002 m4
#box: 0.290 0.148 0.000 0.308 0.192 0.002 m2
#box: 0.824 0.203 0.000 0.844 0.233 0.002 m5
#box: 0.247 0.197 0.000 0.277 0.231 0.002 m16
#box: 0.866 0.196 0.000 0.872 0.237 0.002 m19
#box: 0.839 0.156 0.000 0.878 0.177 0.002 m19
#box: 0.448 0.153 0.000 0.468 0.203 0.002 m8
#box: 0.744 0.108 0.000 0.749 0.155 0.002 m8
#box: 0.695 0.218 0.000 0.708 0.242 0.002 m4
#box: 0.063 0.192 0.000 0.090 0.222 0.002 m8
#box: 0.226 0.211 0.000 0.243 0.248 0.002 m8
#box: 0.109 0.152 0.000 0.129 0.199 0.002 m4
#box: 0.024 0.124 0.000 0.033 0.155 0.002 m12
#box: 0.950 0.218 0.000 0.978 0.245 0.002 m17
#box: 0.696 0.140 0.000 0.736 0.174 0.002 m9
#box: 0.299 0.153 0.000 0.311 0.176 0.002 m20
#box: 0.978 0.164 0.000 0.998 0.212 0.002 m16
#box: 0.357 0.198 0.000 0.389 0.231 0.002 m7
#box: 1.100 0.155 0.000 1.122 0.194 0.002 m9
#box: 0.322 0.195 0.000 0.349 0.229 0.002 m1
#box: 0.093 0.155 0.000 0.126 0.198 0.002 m10
#box: 0.864 0.197 0.000 0.899 0.222 0.002 m3
#box: 0.444 0.194 0.000 0.484 0.217 0.002 m10
#box: 0.446 0.191 0.000 0.483 0.241 0.002 m13
#box: 0.533 0.167 0.000 0.551 0.206 0.002 m3
#box: 0.646 0.118 0.000 0.665 0.158 0.002 m8
#box: 0.185 0.212 0.000 0.217 0.247 0.002 m4
#box: 0.985 0.143 0.000 1.017 0.170 0.002 m20
#box: 0.019 0.155 0.000 0.052 0.176 0.002 m6
#box: 1.082 0.123 0.000 1.097 0.156 0.002 m15
#box: 0.868 0.183 0.000 0.905 0.228 0.002 m20
#box: 0.035 0.169 0.000 0.053 0.217 0.002 m13
#box: 0.762 0.125 0.000 0.796 0.154 0.002 m15
#box: 1.091 0.136 0.000 1.096 0.170 0.002 m4
#box: 0.522 0.129 0.000 0.556 0.159 0.002 m12
#box: 0.618 0.125 0.000 0.635 0.165 0.002 m3
#box: 0.181 0.108 0.000 0.205 0.153 0.002 m3
#box: 0.353 0.173 0.000 0.389 0.206 0.002 m15
#box: 0.253 0.208 0.000 0.258 0.235 0.002 m5
#box: 0.733 0.195 0.000 0.755 0.227 0.002 m8
#box: 0.443 0.193 0.000 0.466 0.223 0.002 m4
#box: 0.150 0.190 0.000 0.184 0.211 0.002 m1
#box: 0.351 0.210 0.000 0.391 0.235 0.002 m5
#box: 0.385 0.146 0.000 0.396 0.179 0.002 m20
#box: 1.041 0.184 0.000 1.068 0.207 0.002 m5
#box: 1.049 0.104 0.000 1.080 0.151 0.002 m3
#box: 0.565 0.219 0.000 0.571 0.245 0.002 m20
#box: 1.036 0.214 0.000 1.055 0.250 0.002 m13
#box: 0.212 0.126 0.000 0.229 0.154 0.002 m14
#box: 1.079 0.204 0.000 1.100 0.248 0.002 m14
#box: 0.710 0.179 0.000 0.716 0.225 0.002 m7
#box: 0.014 0.170 0.000 0.039 0.214 0.002 m20
#box: 0.319 0.185 0.000 0.345 0.210 0.002 m13
#box: 0.933 0.134 0.000 0.961 0.163 0.002 m4
#box: 1.076 0.141 0.000 1.087 0.180 0.002 m8
#box: 0.815 0.192 0.000 0.844 0.233 0.002 m2
#box: 0.255 0.172 0.000 0.293 0.211 0.002 m13
#box: 0.590 0.124 0.000 0.630 0.168 0.002 m15
#box: 1.028 0.158 0.000 1.062 0.178 0.002 m3
#box: 0.635 0.164 0.000 0.669 0.208 0.002 m11
#box: 0.678 0.125 0.000 0.699 0.164 0.002 m7
#box: 0.288 0.214 0.000 0.303 0.243 0.002 m7
#box: 0.449 0.145 0.000 0.484 0.195 0.002 m3
#box: 0.012 0.145 0.000 0.039 0.170 0.002 m12
#box: 0.280 0.129 0.000 0.298 0.169 0.002 m7
#box: 1.035 0.143 0.000 1.068 0.186 0.002 m1
#box: 0.419 0.118 0.000 0.431 0.158 0.002 m1
#box: 0.345 0.179 0.000 0.377 0.204 0.002 m8
#box: 0.307 0.217 0.000 0.332 0.248 0.002 m5
#box: 0.582 0.190 0.000 0.597 0.225 0.002 m20
#box: 0.951 0.124 0.000 0.973 0.160 0.002 m12
#box: 0.954 0.221 0.000 0.959 0.245 0.002 m13
#box: 0.883 0.115 0.000 0.913 0.154 0.002 m4
#box: 0.260 0.139 0.000 0.285 0.175 0.002 m20
#box: 0.625 0.138 0.000 0.654 0.184 0.002 m7
#box: 0.941 0.165 0.000 0.951 0.199 0.002 m4
#box: 0.619 0.199 0.000 0.659 0.232 0.002 m10
#box: 0.297 0.189 0.000 0.326 0.218 0.002 m6
#box: 0.795 0.195 0.000 0.825 0.235 0.002 m8
#box: 0.264 0.151 0.000 0.296 0.195 0.002 m6
#box: 0.357 0.156 0.000 0.391 0.204 0.002 m6
#box: 0.898 0.160 0.000 0.932 0.194 0.002 m7
#box: 0.860 0.189 0.000 0.900 0.216 0.002 m8
#box: 0.525 0.189 0.000 0.538 0.226 0.002 m14
#box: 0.974 0.203 0.000 1.009 0.239 0.002 m16
#box: 1.045 0.114 0.000 1.076 0.163 0.002 m20
#box: 0.271 0.142 0.000 0.307 0.183 0.002 m16
#box: 0.337 0.125 0.000 0.355 0.163 0.002 m17
#box: 0.557 0.170 0.000 0.564 0.206 0.002 m16
#box: 0.283 0.193 0.000 0.318 0.226 0.002 m10
#box: 0.320 0.128 0.000 0.338 0.174 0.002 m9
#box: 0.463 0.204 0.000 0.487 0.244 0.002 m16
#box: 0.383 0.167 0.000 0.401 0.216 0.002 m8
#box: 0.655 0.134 0.000 0.660 0.164 0.002 m4
#box: 0.649 0.167 0.000 0.685 0.202 0.002 m1
#box: 0.632 0.147 0.000 0.666 0.191 0.002 m5
#box: 1.042 0.219 0.000 1.060 0.240 0.002 m20
#box: 0.091 0.142 0.000 0.099 0.173 0.002 m2
#box: 0.090 0.166 0.000 0.125 0.197 0.002 m11
#box: 0.656 0.179 0.000 0.677 0.212 0.002 m6
#box: 0.792 0.191 0.000 0.816 0.211 0.002 m4
#box: 0.874 0.170 0.000 0.909 0.195 0.002 m13
#box: 0.111 0.165 0.000 0.132 0.192 0.002 m11
#box: 0.783 0.210 0.000 0.817 0.245 0.002 m17
#box: 0.798 0.120 0.000 0.807 0.170 0.002 m9
#box: 0.017 0.133 0.000 0.029 0.174 0.002 m12
#box: 0.616 0.207 0.000 0.654 0.229 0.002 m8
#box: 0.773 0.140 0.000 0.788 0.163 0.002 m13
#box: 0.480 0.219 0.000 0.487 0.241 0.002 m8
#box: 0.395 0.146 0.000 0.420 0.171 0.002 m14
#box: 0.899 0.132 0.000 0.936 0.152 0.002 m15
#box: 0.960 0.131 0.000 0.970 0.181 0.002 m7
#box: 0.012 0.133 0.000 0.048 0.160 0.002 m18
#box: 0.845 0.169 0.000 0.877 0.217 0.002 m5
#box: 0.169 0.149 0.000 0.207 0.187 0.002 m19
#box: 0.560 0.174 0.000 0.597 0.209 0.002 m3
#box: 1.004 0.134 0.000 1.017 0.169 0.002 m12
#box: 0.007 0.162 0.000 0.030 0.206 0.002 m7
#box: 0.550 0.119 0.000 0.586 0.165 0.002 m12
#box: 0.369 0.144 0.000 0.376 0.185 0.002 m9
#box: 0.248 0.126 0.000 0.288 0.154 0.002 m13
#box: 0.995 0.150 0.000 1.006 0.181 0.002 m15
#box: 0.012 0.109 0.000 0.020 0.158 0.002 m19
#box: 0.694 0.222 0.000 0.711 0.246 0.002 m15
#box: 0.385 0.120 0.000 0.398 0.169 0.002 m16
#box: 0.741 0.161 0.000 0.758 0.208 0.002 m13
#box: 0.404 0.149 0.000 0.436 0.194 0.002 m6
#box: 0.070 0.179 0.000 0.074 0.206 0.002 m19
#box: 0.068 0.143 0.000 0.078 0.174 0.002 m4
#box: 0.511 0.191 0.000 0.551 0.239 0.002 m2
#box: 1.026 0.153 0.000 1.052 0.195 0.002 m12
#box: 1.097 0.141 0.000 1.135 0.185 0.002 m2
#box: 0.741 0.123 0.000 0.780 0.168 0.002 m2
#box: 0.447 0.142 0.000 0.468 0.185 0.002 m18
#box: 0.356 0.124 0.000 0.395 0.163 0.002 m8
#box: 0.015 0.201 0.000 0.027 0.235 0.002 m4
#box: 0.515 0.140 0.000 0.537 0.165 0.002 m2
#box: 1.039 0.167 0.000 1.076 0.191 0.002 m1
#box: 0.601 0.206 0.000 0.622 0.240 0.002 m4
#box: 0.649 0.137 0.000 0.653 0.179 0.002 m2
#box: 0.957 0.200 0.000 0.975 0.221 0.002 m19
#box: 0.085 0.167 0.000 0.095 0.214 0.002 m12
#box: 0.950 0.177 0.000 0.966 0.204 0.002 m12
#box: 0.224 0.176 0.000 0.234 0.201 0.002 m19
#box: 0.190 0.148 0.000 0.225 0.179 0.002 m7
#box: 0.868 0.220 0.000 0.897 0.248 0.002 m3
#box: 0.748 0.202 0.000 0.766 0.236 0.002 m9
#box: 0.743 0.140 0.000 0.761 0.166 0.002 m15
#box: 1.022 0.166 0.000 1.061 0.208 0.002 m16
#box: 0.405 0.203 0.000 0.430 0.225 0.002 m1
#box: 0.365 0.212 0.000 0.387 0.245 0.002 m7
#box: 0.304 0.176 0.000 0.338 0.199 0.002 m12
#box: 1.082 0.188 0.000 1.092 0.214 0.002 m9
#box: 0.485 0.144 0.000 0.499 0.167 0.002 m9
#box: 0.310 0.150 0.000 0.350 0.182 0.002 m3
#box: 0.301 0.193 0.000 0.324 0.233 0.002 m16
#box: 0.624 0.105 0.000 0.661 0.151 0.002 m18
#box: 1.026 0.165 0.000 1.058 0.198 0.002 m11
#box: 0.803 0.199 0.000 0.818 0.227 0.002 m8
#box: 0.474 0.151 0.000 0.488 0.176 0.002 m6
#box: 0.843 0.121 0.000 0.855 0.168 0.002 m9
#box: 0.568 0.205 0.000 0.597 0.250 0.002 m9
#box: 0.092 0.207 0.000 0.117 0.248 0.002 m9
#box: 0.762 0.164 0.000 0.800 0.209 0.002 m1
#box: 0.845 0.206 0.000 0.854 0.236 0.002 m3
#box: 0.185 0.132 0.000 0.216 0.153 0.002 m13
#box: 0.608 0.130 0.000 0.640 0.180 0.002 m17
#box: 0.744 0.174 0.000 0.756 0.219 0.002 m19
#box: 0.464 0.168 0.000 0.480 0.204 0.002 m11
#box: 0.556 0.212 0.000 0.573 0.239 0.002 m4
#box: 0.381 0.180 0.000 0.391 0.206 0.002 m4
#box: 0.744 0.162 0.000 0.775 0.206 0.002 m14
#box: 0.232 0.164 0.000 0.239 0.191 0.002 m3
#box: 0.711 0.141 0.000 0.735 0.171 0.002 m2
#box: 1.013 0.149 0.000 1.050 0.182 0.002 m13
#box: 0.196 0.149 0.000 0.231 0.191 0.002 m9
#box: 0.311 0.151 0.000 0.329 0.179 0.002 m19
#box: 0.161 0.200 0.000 0.190 0.233 0.002 m14
#box: 0.640 0.220 0.000 0.678 0.248 0.002 m17
#box: 0.822 0.145 0.000 0.848 0.187 0.002 m12
#box: 0.325 0.121 0.000 0.338 0.155 0.002 m9
#box: 0.172 0.157 0.000 0.180 0.201 0.002 m16
