testingplz 
#domain: 1.200 0.300 0.002 
#dx_dy_dz: 0.002 0.002 0.002 
#time_window: 5.000000e-09 

#excitation_file: mala_source_modified.txt 
#hertzian_dipole: z 0.080 0.250 0 mala_source 
#rx: 0.120 0.250 0.000 
#src_steps: 0.002 0.000 0.000 
#rx_steps: 0.002 0.000 0.000 

#material: 5.000 0.220 1.000 0.000 concrete
#material: 1.000 0.000 1.000 0.000 air
#material: 80.000 0.500 1.000 0.000 water

#material: 1.000 0.000 1.000 0.000 m1
#material: 2.000 0.000 1.000 0.000 m2
#material: 3.000 0.000 1.000 0.000 m3
#material: 4.000 0.000 1.000 0.000 m4
#material: 5.000 0.000 1.000 0.000 m5
#material: 6.000 0.000 1.000 0.000 m6
#material: 7.000 0.000 1.000 0.000 m7
#material: 8.000 0.000 1.000 0.000 m8
#material: 9.000 0.000 1.000 0.000 m9
#material: 10.000 0.000 1.000 0.000 m10
#material: 11.000 0.000 1.000 0.000 m11
#material: 12.000 0.000 1.000 0.000 m12
#material: 13.000 0.000 1.000 0.000 m13
#material: 14.000 0.000 1.000 0.000 m14
#material: 15.000 0.000 1.000 0.000 m15
#material: 16.000 0.000 1.000 0.000 m16
#material: 17.000 0.000 1.000 0.000 m17
#material: 18.000 0.000 1.000 0.000 m18
#material: 19.000 0.000 1.000 0.000 m19
#material: 20.000 0.000 1.000 0.000 m20

#box: 0.000 0.000 0.000 1.200 0.250 0.002 concrete

#box: 0.716 0.111 0.000 0.729 0.161 0.002 m19
#box: 0.524 0.211 0.000 0.531 0.250 0.002 m7
#box: 0.023 0.177 0.000 0.036 0.197 0.002 m1
#box: 0.945 0.163 0.000 0.957 0.208 0.002 m5
#box: 0.357 0.182 0.000 0.375 0.228 0.002 m7
#box: 0.136 0.132 0.000 0.145 0.173 0.002 m11
#box: 0.051 0.118 0.000 0.066 0.159 0.002 m2
#box: 0.001 0.215 0.000 0.018 0.241 0.002 m3
#box: 0.951 0.147 0.000 0.972 0.173 0.002 m6
#box: 0.596 0.185 0.000 0.629 0.233 0.002 m7
#box: 0.802 0.153 0.000 0.815 0.201 0.002 m5
#box: 0.690 0.158 0.000 0.710 0.185 0.002 m7
#box: 0.425 0.165 0.000 0.452 0.201 0.002 m19
#box: 0.149 0.195 0.000 0.176 0.245 0.002 m8
#box: 0.484 0.123 0.000 0.497 0.170 0.002 m14
#box: 0.016 0.143 0.000 0.035 0.166 0.002 m17
#box: 0.274 0.188 0.000 0.298 0.208 0.002 m5
#box: 0.301 0.127 0.000 0.334 0.155 0.002 m18
#box: 0.511 0.218 0.000 0.539 0.245 0.002 m13
#box: 0.068 0.120 0.000 0.093 0.164 0.002 m10
#box: 0.912 0.205 0.000 0.921 0.243 0.002 m6
#box: 0.483 0.132 0.000 0.522 0.179 0.002 m8
#box: 0.960 0.216 0.000 0.970 0.240 0.002 m19
#box: 0.617 0.175 0.000 0.655 0.205 0.002 m17
#box: 0.651 0.161 0.000 0.675 0.207 0.002 m3
#box: 0.215 0.131 0.000 0.228 0.161 0.002 m8
#box: 1.008 0.206 0.000 1.037 0.245 0.002 m1
#box: 0.625 0.152 0.000 0.634 0.193 0.002 m11
#box: 0.042 0.136 0.000 0.056 0.180 0.002 m16
#box: 0.845 0.150 0.000 0.878 0.179 0.002 m20
#box: 0.750 0.142 0.000 0.757 0.177 0.002 m5
#box: 0.041 0.162 0.000 0.051 0.209 0.002 m14
#box: 0.183 0.179 0.000 0.202 0.216 0.002 m12
#box: 0.714 0.169 0.000 0.750 0.197 0.002 m10
#box: 0.765 0.183 0.000 0.796 0.225 0.002 m6
#box: 0.514 0.129 0.000 0.537 0.166 0.002 m5
#box: 0.680 0.221 0.000 0.707 0.249 0.002 m14
#box: 0.435 0.162 0.000 0.462 0.212 0.002 m8
#box: 0.631 0.183 0.000 0.644 0.229 0.002 m1
#box: 0.967 0.204 0.000 0.973 0.229 0.002 m14
#box: 0.789 0.178 0.000 0.825 0.223 0.002 m4
#box: 0.351 0.161 0.000 0.376 0.207 0.002 m11
#box: 0.031 0.177 0.000 0.043 0.216 0.002 m13
#box: 0.992 0.157 0.000 1.027 0.202 0.002 m8
#box: 0.785 0.191 0.000 0.806 0.236 0.002 m10
#box: 0.350 0.128 0.000 0.369 0.162 0.002 m7
#box: 0.360 0.191 0.000 0.364 0.228 0.002 m12
#box: 0.066 0.120 0.000 0.105 0.160 0.002 m3
#box: 0.321 0.126 0.000 0.340 0.176 0.002 m10
#box: 0.408 0.206 0.000 0.448 0.232 0.002 m8
#box: 0.448 0.224 0.000 0.477 0.246 0.002 m17
#box: 0.134 0.152 0.000 0.172 0.178 0.002 m9
#box: 0.742 0.197 0.000 0.767 0.218 0.002 m17
#box: 0.856 0.201 0.000 0.893 0.224 0.002 m2
#box: 0.063 0.220 0.000 0.096 0.243 0.002 m4
#box: 0.189 0.183 0.000 0.224 0.207 0.002 m13
#box: 0.064 0.145 0.000 0.102 0.176 0.002 m8
#box: 0.859 0.119 0.000 0.880 0.166 0.002 m3
#box: 0.735 0.115 0.000 0.773 0.158 0.002 m16
#box: 0.548 0.153 0.000 0.559 0.189 0.002 m12
#box: 0.050 0.180 0.000 0.072 0.218 0.002 m1
#box: 0.232 0.174 0.000 0.261 0.203 0.002 m1
#box: 0.357 0.120 0.000 0.378 0.168 0.002 m7
#box: 0.785 0.141 0.000 0.817 0.163 0.002 m12
#box: 0.162 0.159 0.000 0.202 0.197 0.002 m18
#box: 0.306 0.179 0.000 0.315 0.224 0.002 m13
#box: 0.337 0.182 0.000 0.359 0.229 0.002 m13
#box: 1.041 0.161 0.000 1.078 0.208 0.002 m11
#box: 0.958 0.221 0.000 0.964 0.247 0.002 m3
#box: 1.071 0.172 0.000 1.100 0.196 0.002 m14
#box: 0.803 0.140 0.000 0.839 0.190 0.002 m17
#box: 0.603 0.122 0.000 0.642 0.153 0.002 m3
#box: 0.104 0.189 0.000 0.137 0.224 0.002 m11
#box: 0.462 0.181 0.000 0.481 0.229 0.002 m8
#box: 0.322 0.189 0.000 0.341 0.239 0.002 m1
#box: 1.082 0.158 0.000 1.099 0.193 0.002 m10
#box: 0.116 0.133 0.000 0.145 0.173 0.002 m18
#box: 0.179 0.161 0.000 0.186 0.211 0.002 m5
#box: 0.171 0.197 0.000 0.193 0.223 0.002 m9
#box: 0.196 0.189 0.000 0.214 0.224 0.002 m4
#box: 0.443 0.198 0.000 0.449 0.238 0.002 m4
#box: 0.601 0.125 0.000 0.609 0.166 0.002 m1
#box: 0.096 0.213 0.000 0.118 0.235 0.002 m9
#box: 0.012 0.191 0.000 0.049 0.236 0.002 m7
#box: 0.812 0.204 0.000 0.836 0.245 0.002 m18
#box: 0.964 0.195 0.000 0.991 0.234 0.002 m12
#box: 0.761 0.186 0.000 0.792 0.208 0.002 m5
#box: 0.782 0.199 0.000 0.786 0.237 0.002 m19
#box: 1.052 0.146 0.000 1.089 0.169 0.002 m12
#box: 0.153 0.168 0.000 0.174 0.213 0.002 m13
#box: 0.205 0.192 0.000 0.235 0.233 0.002 m11
#box: 0.700 0.176 0.000 0.716 0.216 0.002 m18
#box: 0.783 0.159 0.000 0.813 0.206 0.002 m16
#box: 1.017 0.118 0.000 1.043 0.160 0.002 m8
#box: 0.003 0.172 0.000 0.024 0.209 0.002 m20
#box: 0.690 0.183 0.000 0.713 0.219 0.002 m3
#box: 0.087 0.200 0.000 0.092 0.243 0.002 m19
#box: 0.070 0.155 0.000 0.076 0.201 0.002 m2
#box: 0.829 0.135 0.000 0.858 0.158 0.002 m17
#box: 0.310 0.143 0.000 0.319 0.189 0.002 m18
#box: 0.043 0.199 0.000 0.062 0.229 0.002 m10
#box: 0.589 0.200 0.000 0.609 0.230 0.002 m18
#box: 0.009 0.151 0.000 0.022 0.190 0.002 m6
#box: 0.165 0.149 0.000 0.183 0.180 0.002 m17
#box: 0.245 0.190 0.000 0.250 0.225 0.002 m12
#box: 0.937 0.137 0.000 0.958 0.169 0.002 m6
#box: 0.692 0.210 0.000 0.721 0.240 0.002 m2
#box: 1.036 0.203 0.000 1.065 0.228 0.002 m8
#box: 0.104 0.207 0.000 0.134 0.229 0.002 m16
#box: 0.291 0.136 0.000 0.325 0.175 0.002 m11
#box: 0.807 0.175 0.000 0.814 0.205 0.002 m2
#box: 1.025 0.132 0.000 1.062 0.170 0.002 m12
#box: 0.624 0.134 0.000 0.651 0.177 0.002 m19
#box: 0.811 0.167 0.000 0.840 0.213 0.002 m12
#box: 0.374 0.219 0.000 0.404 0.249 0.002 m7
#box: 0.844 0.176 0.000 0.857 0.196 0.002 m5
#box: 0.688 0.168 0.000 0.712 0.200 0.002 m17
#box: 0.835 0.179 0.000 0.864 0.199 0.002 m2
#box: 0.402 0.131 0.000 0.411 0.170 0.002 m19
#box: 0.921 0.160 0.000 0.932 0.202 0.002 m1
#box: 0.273 0.166 0.000 0.301 0.196 0.002 m10
#box: 0.625 0.218 0.000 0.639 0.244 0.002 m20
#box: 0.230 0.177 0.000 0.241 0.224 0.002 m7
#box: 0.917 0.188 0.000 0.935 0.217 0.002 m17
#box: 0.454 0.180 0.000 0.476 0.220 0.002 m14
#box: 0.871 0.172 0.000 0.876 0.219 0.002 m10
#box: 0.625 0.105 0.000 0.646 0.152 0.002 m13
#box: 0.041 0.155 0.000 0.061 0.188 0.002 m17
#box: 0.556 0.203 0.000 0.562 0.240 0.002 m10
#box: 0.412 0.145 0.000 0.434 0.186 0.002 m12
#box: 0.185 0.197 0.000 0.197 0.240 0.002 m16
#box: 0.778 0.209 0.000 0.798 0.247 0.002 m6
#box: 0.155 0.173 0.000 0.166 0.210 0.002 m8
#box: 0.076 0.198 0.000 0.099 0.236 0.002 m16
#box: 0.789 0.133 0.000 0.793 0.158 0.002 m17
#box: 1.020 0.136 0.000 1.053 0.176 0.002 m5
#box: 0.063 0.200 0.000 0.093 0.240 0.002 m18
#box: 0.128 0.224 0.000 0.154 0.245 0.002 m1
#box: 0.209 0.154 0.000 0.221 0.201 0.002 m11
#box: 0.630 0.115 0.000 0.666 0.159 0.002 m20
#box: 0.078 0.166 0.000 0.109 0.186 0.002 m11
#box: 0.072 0.204 0.000 0.099 0.241 0.002 m7
#box: 0.319 0.152 0.000 0.352 0.199 0.002 m9
#box: 1.041 0.222 0.000 1.054 0.249 0.002 m13
#box: 0.883 0.136 0.000 0.917 0.178 0.002 m18
#box: 0.439 0.190 0.000 0.453 0.232 0.002 m1
#box: 0.626 0.145 0.000 0.648 0.191 0.002 m14
#box: 0.016 0.117 0.000 0.052 0.158 0.002 m1
#box: 0.003 0.191 0.000 0.009 0.240 0.002 m7
#box: 0.728 0.138 0.000 0.745 0.170 0.002 m17
#box: 0.360 0.176 0.000 0.398 0.206 0.002 m6
#box: 0.965 0.207 0.000 0.989 0.227 0.002 m1
#box: 1.034 0.192 0.000 1.072 0.226 0.002 m17
#box: 0.744 0.130 0.000 0.781 0.170 0.002 m13
#box: 0.696 0.174 0.000 0.719 0.214 0.002 m12
#box: 0.298 0.134 0.000 0.332 0.179 0.002 m12
#box: 0.839 0.129 0.000 0.857 0.157 0.002 m3
#box: 0.906 0.213 0.000 0.925 0.233 0.002 m18
#box: 0.225 0.121 0.000 0.247 0.164 0.002 m18
#box: 0.971 0.155 0.000 0.984 0.186 0.002 m13
#box: 0.579 0.206 0.000 0.617 0.234 0.002 m7
#box: 0.145 0.189 0.000 0.163 0.212 0.002 m12
#box: 0.464 0.220 0.000 0.477 0.246 0.002 m7
#box: 0.715 0.208 0.000 0.737 0.231 0.002 m11
#box: 0.421 0.147 0.000 0.439 0.194 0.002 m10
#box: 0.531 0.157 0.000 0.567 0.191 0.002 m12
#box: 0.729 0.146 0.000 0.752 0.180 0.002 m19
#box: 0.129 0.202 0.000 0.133 0.229 0.002 m6
#box: 0.849 0.166 0.000 0.882 0.202 0.002 m19
#box: 0.697 0.127 0.000 0.727 0.175 0.002 m10
#box: 0.574 0.112 0.000 0.613 0.152 0.002 m19
#box: 0.248 0.113 0.000 0.272 0.161 0.002 m3
#box: 0.843 0.183 0.000 0.856 0.209 0.002 m9
#box: 0.811 0.148 0.000 0.815 0.198 0.002 m18
#box: 0.719 0.216 0.000 0.724 0.241 0.002 m12
#box: 0.180 0.173 0.000 0.216 0.194 0.002 m11
#box: 0.235 0.201 0.000 0.252 0.228 0.002 m16
#box: 0.527 0.213 0.000 0.562 0.245 0.002 m9
#box: 0.284 0.184 0.000 0.296 0.218 0.002 m10
#box: 0.728 0.141 0.000 0.767 0.181 0.002 m5
#box: 0.217 0.212 0.000 0.249 0.242 0.002 m6
#box: 0.532 0.140 0.000 0.572 0.181 0.002 m13
#box: 0.503 0.185 0.000 0.533 0.226 0.002 m15
#box: 0.032 0.143 0.000 0.061 0.174 0.002 m8
#box: 0.147 0.153 0.000 0.170 0.192 0.002 m15
#box: 0.517 0.221 0.000 0.545 0.244 0.002 m11
#box: 0.575 0.167 0.000 0.589 0.203 0.002 m11
#box: 0.646 0.124 0.000 0.664 0.162 0.002 m15
#box: 0.494 0.183 0.000 0.525 0.228 0.002 m1
#box: 0.840 0.218 0.000 0.861 0.243 0.002 m13
#box: 0.104 0.214 0.000 0.135 0.246 0.002 m9
#box: 0.922 0.169 0.000 0.940 0.203 0.002 m16
#box: 0.649 0.191 0.000 0.688 0.237 0.002 m14
#box: 0.543 0.198 0.000 0.570 0.233 0.002 m19
#box: 0.532 0.157 0.000 0.546 0.179 0.002 m8
#box: 0.895 0.144 0.000 0.918 0.178 0.002 m17
#box: 0.571 0.129 0.000 0.611 0.163 0.002 m5
#box: 0.555 0.115 0.000 0.577 0.153 0.002 m15
#box: 0.718 0.147 0.000 0.732 0.188 0.002 m3
#box: 0.536 0.212 0.000 0.550 0.240 0.002 m6
