testingplz 
#domain: 1.200 0.300 0.002 
#dx_dy_dz: 0.002 0.002 0.002 
#time_window: 5.000000e-09 

#excitation_file: mala_source_modified.txt 
#hertzian_dipole: z 0.080 0.250 0 mala_source 
#rx: 0.120 0.250 0.000 
#src_steps: 0.002 0.000 0.000 
#rx_steps: 0.002 0.000 0.000 

#material: 5.000 0.220 1.000 0.000 concrete
#material: 1.000 0.000 1.000 0.000 air
#material: 80.000 0.500 1.000 0.000 water

#material: 1.000 0.000 1.000 0.000 m1
#material: 2.000 0.000 1.000 0.000 m2
#material: 3.000 0.000 1.000 0.000 m3
#material: 4.000 0.000 1.000 0.000 m4
#material: 5.000 0.000 1.000 0.000 m5
#material: 6.000 0.000 1.000 0.000 m6
#material: 7.000 0.000 1.000 0.000 m7
#material: 8.000 0.000 1.000 0.000 m8
#material: 9.000 0.000 1.000 0.000 m9
#material: 10.000 0.000 1.000 0.000 m10
#material: 11.000 0.000 1.000 0.000 m11
#material: 12.000 0.000 1.000 0.000 m12
#material: 13.000 0.000 1.000 0.000 m13
#material: 14.000 0.000 1.000 0.000 m14
#material: 15.000 0.000 1.000 0.000 m15
#material: 16.000 0.000 1.000 0.000 m16
#material: 17.000 0.000 1.000 0.000 m17
#material: 18.000 0.000 1.000 0.000 m18
#material: 19.000 0.000 1.000 0.000 m19
#material: 20.000 0.000 1.000 0.000 m20

#box: 0.000 0.000 0.000 1.200 0.250 0.002 concrete

#box: 0.086 0.178 0.000 0.116 0.218 0.002 m8
#box: 0.152 0.208 0.000 0.165 0.233 0.002 m18
#box: 0.296 0.149 0.000 0.319 0.197 0.002 m20
#box: 0.564 0.116 0.000 0.596 0.163 0.002 m7
#box: 0.185 0.217 0.000 0.212 0.242 0.002 m2
#box: 1.041 0.160 0.000 1.051 0.197 0.002 m17
#box: 0.396 0.116 0.000 0.407 0.158 0.002 m8
#box: 0.913 0.128 0.000 0.923 0.170 0.002 m16
#box: 0.154 0.167 0.000 0.184 0.211 0.002 m4
#box: 0.595 0.135 0.000 0.616 0.182 0.002 m14
#box: 1.088 0.209 0.000 1.100 0.246 0.002 m13
#box: 1.003 0.114 0.000 1.020 0.150 0.002 m17
#box: 0.421 0.198 0.000 0.425 0.229 0.002 m7
#box: 0.105 0.163 0.000 0.137 0.204 0.002 m17
#box: 1.017 0.154 0.000 1.035 0.192 0.002 m6
#box: 0.296 0.156 0.000 0.314 0.178 0.002 m19
#box: 1.016 0.213 0.000 1.054 0.244 0.002 m8
#box: 0.294 0.162 0.000 0.327 0.204 0.002 m18
#box: 0.933 0.174 0.000 0.948 0.194 0.002 m3
#box: 0.614 0.155 0.000 0.630 0.175 0.002 m8
#box: 0.345 0.168 0.000 0.361 0.200 0.002 m19
#box: 0.719 0.120 0.000 0.751 0.158 0.002 m8
#box: 1.020 0.124 0.000 1.049 0.173 0.002 m1
#box: 0.442 0.113 0.000 0.482 0.151 0.002 m17
#box: 0.165 0.170 0.000 0.195 0.194 0.002 m3
#box: 0.024 0.166 0.000 0.035 0.189 0.002 m9
#box: 1.083 0.213 0.000 1.113 0.245 0.002 m3
#box: 0.422 0.200 0.000 0.453 0.248 0.002 m9
#box: 0.212 0.139 0.000 0.227 0.165 0.002 m16
#box: 0.376 0.153 0.000 0.388 0.203 0.002 m6
#box: 0.076 0.188 0.000 0.111 0.210 0.002 m18
#box: 0.836 0.150 0.000 0.864 0.196 0.002 m8
#box: 0.985 0.150 0.000 0.993 0.183 0.002 m2
#box: 0.937 0.188 0.000 0.967 0.235 0.002 m12
#box: 0.156 0.210 0.000 0.179 0.249 0.002 m13
#box: 0.898 0.208 0.000 0.910 0.243 0.002 m12
#box: 0.743 0.193 0.000 0.766 0.238 0.002 m10
#box: 0.705 0.187 0.000 0.727 0.208 0.002 m11
#box: 0.595 0.134 0.000 0.602 0.165 0.002 m13
#box: 0.944 0.116 0.000 0.976 0.150 0.002 m9
#box: 0.348 0.207 0.000 0.354 0.240 0.002 m1
#box: 0.081 0.111 0.000 0.098 0.153 0.002 m4
#box: 0.767 0.172 0.000 0.783 0.216 0.002 m1
#box: 0.824 0.159 0.000 0.855 0.197 0.002 m19
#box: 0.131 0.190 0.000 0.171 0.220 0.002 m13
#box: 0.557 0.192 0.000 0.563 0.241 0.002 m12
#box: 0.304 0.195 0.000 0.320 0.240 0.002 m3
#box: 0.707 0.130 0.000 0.711 0.159 0.002 m19
#box: 0.074 0.206 0.000 0.103 0.247 0.002 m5
#box: 1.032 0.126 0.000 1.071 0.162 0.002 m14
#box: 0.761 0.181 0.000 0.782 0.229 0.002 m3
#box: 0.613 0.135 0.000 0.628 0.158 0.002 m2
#box: 1.062 0.177 0.000 1.087 0.220 0.002 m12
#box: 0.928 0.124 0.000 0.958 0.153 0.002 m17
#box: 0.535 0.193 0.000 0.569 0.230 0.002 m11
#box: 0.266 0.164 0.000 0.283 0.212 0.002 m15
#box: 0.820 0.165 0.000 0.824 0.204 0.002 m16
#box: 0.083 0.211 0.000 0.114 0.242 0.002 m1
#box: 0.254 0.111 0.000 0.291 0.159 0.002 m4
#box: 0.243 0.134 0.000 0.264 0.178 0.002 m6
#box: 1.012 0.141 0.000 1.023 0.190 0.002 m7
#box: 0.643 0.119 0.000 0.656 0.151 0.002 m18
#box: 0.950 0.126 0.000 0.973 0.157 0.002 m3
#box: 0.338 0.154 0.000 0.377 0.184 0.002 m17
#box: 0.848 0.137 0.000 0.872 0.168 0.002 m17
#box: 0.899 0.109 0.000 0.937 0.151 0.002 m2
#box: 0.752 0.151 0.000 0.784 0.172 0.002 m11
#box: 0.820 0.228 0.000 0.845 0.249 0.002 m11
#box: 0.534 0.132 0.000 0.560 0.171 0.002 m5
#box: 0.481 0.200 0.000 0.514 0.243 0.002 m7
#box: 0.728 0.113 0.000 0.738 0.155 0.002 m5
#box: 0.772 0.133 0.000 0.799 0.156 0.002 m5
#box: 1.052 0.171 0.000 1.081 0.214 0.002 m1
#box: 0.714 0.112 0.000 0.726 0.153 0.002 m8
#box: 0.850 0.146 0.000 0.864 0.186 0.002 m14
#box: 0.188 0.142 0.000 0.221 0.176 0.002 m13
#box: 0.777 0.121 0.000 0.811 0.169 0.002 m17
#box: 0.195 0.187 0.000 0.225 0.234 0.002 m15
#box: 0.477 0.162 0.000 0.497 0.192 0.002 m11
#box: 0.665 0.120 0.000 0.681 0.150 0.002 m17
#box: 0.816 0.163 0.000 0.846 0.206 0.002 m13
#box: 0.167 0.116 0.000 0.194 0.158 0.002 m4
#box: 0.150 0.180 0.000 0.187 0.204 0.002 m13
#box: 0.070 0.128 0.000 0.090 0.178 0.002 m10
#box: 0.337 0.176 0.000 0.360 0.206 0.002 m6
#box: 0.065 0.166 0.000 0.094 0.201 0.002 m9
#box: 0.288 0.151 0.000 0.296 0.181 0.002 m19
#box: 0.235 0.171 0.000 0.261 0.199 0.002 m12
#box: 0.017 0.131 0.000 0.026 0.171 0.002 m18
#box: 0.473 0.213 0.000 0.491 0.239 0.002 m9
#box: 0.872 0.137 0.000 0.876 0.187 0.002 m11
#box: 0.045 0.197 0.000 0.068 0.232 0.002 m12
#box: 0.399 0.151 0.000 0.404 0.178 0.002 m13
#box: 0.060 0.152 0.000 0.065 0.197 0.002 m10
#box: 0.232 0.164 0.000 0.248 0.194 0.002 m6
#box: 1.090 0.161 0.000 1.116 0.211 0.002 m13
#box: 0.909 0.158 0.000 0.939 0.181 0.002 m4
#box: 0.262 0.152 0.000 0.292 0.179 0.002 m20
#box: 0.562 0.132 0.000 0.595 0.164 0.002 m17
#box: 0.478 0.122 0.000 0.511 0.167 0.002 m9
#box: 0.896 0.177 0.000 0.933 0.203 0.002 m4
#box: 0.800 0.168 0.000 0.839 0.218 0.002 m12
#box: 0.900 0.141 0.000 0.925 0.184 0.002 m15
#box: 0.513 0.144 0.000 0.533 0.192 0.002 m8
#box: 0.044 0.120 0.000 0.066 0.151 0.002 m4
#box: 0.650 0.127 0.000 0.669 0.159 0.002 m19
#box: 0.936 0.163 0.000 0.944 0.199 0.002 m2
#box: 0.708 0.176 0.000 0.741 0.224 0.002 m8
#box: 0.691 0.129 0.000 0.731 0.178 0.002 m12
#box: 0.052 0.170 0.000 0.073 0.210 0.002 m3
#box: 1.072 0.196 0.000 1.091 0.220 0.002 m7
#box: 0.383 0.136 0.000 0.423 0.158 0.002 m11
#box: 1.013 0.202 0.000 1.019 0.233 0.002 m12
#box: 0.567 0.201 0.000 0.578 0.230 0.002 m11
#box: 0.184 0.187 0.000 0.204 0.208 0.002 m19
#box: 0.568 0.216 0.000 0.601 0.249 0.002 m2
#box: 0.631 0.173 0.000 0.655 0.211 0.002 m11
#box: 0.629 0.177 0.000 0.652 0.223 0.002 m8
#box: 0.411 0.171 0.000 0.434 0.213 0.002 m11
#box: 0.111 0.180 0.000 0.119 0.224 0.002 m6
#box: 1.039 0.154 0.000 1.051 0.191 0.002 m6
#box: 0.131 0.152 0.000 0.162 0.177 0.002 m20
#box: 0.834 0.131 0.000 0.863 0.175 0.002 m15
#box: 0.085 0.151 0.000 0.109 0.187 0.002 m5
#box: 0.358 0.215 0.000 0.387 0.247 0.002 m19
#box: 0.942 0.208 0.000 0.956 0.245 0.002 m16
#box: 0.315 0.165 0.000 0.350 0.196 0.002 m20
#box: 0.618 0.223 0.000 0.658 0.247 0.002 m12
#box: 0.520 0.173 0.000 0.540 0.203 0.002 m7
#box: 0.410 0.139 0.000 0.415 0.179 0.002 m5
#box: 0.962 0.168 0.000 0.982 0.193 0.002 m17
#box: 0.799 0.172 0.000 0.835 0.206 0.002 m19
#box: 0.418 0.201 0.000 0.452 0.225 0.002 m18
#box: 0.865 0.207 0.000 0.901 0.228 0.002 m14
#box: 0.630 0.129 0.000 0.657 0.178 0.002 m8
#box: 0.162 0.197 0.000 0.181 0.230 0.002 m16
#box: 0.073 0.141 0.000 0.110 0.168 0.002 m15
#box: 0.865 0.157 0.000 0.893 0.191 0.002 m17
#box: 0.160 0.159 0.000 0.176 0.188 0.002 m12
#box: 0.736 0.210 0.000 0.776 0.238 0.002 m13
#box: 0.427 0.193 0.000 0.438 0.221 0.002 m11
#box: 0.116 0.120 0.000 0.124 0.158 0.002 m4
#box: 0.236 0.158 0.000 0.264 0.178 0.002 m10
#box: 0.402 0.193 0.000 0.432 0.218 0.002 m7
#box: 0.189 0.201 0.000 0.196 0.222 0.002 m11
#box: 0.734 0.154 0.000 0.747 0.180 0.002 m14
#box: 0.472 0.141 0.000 0.489 0.183 0.002 m5
#box: 0.078 0.164 0.000 0.106 0.186 0.002 m19
#box: 0.773 0.191 0.000 0.810 0.211 0.002 m19
#box: 0.083 0.132 0.000 0.111 0.156 0.002 m14
#box: 0.933 0.213 0.000 0.966 0.246 0.002 m5
#box: 0.874 0.135 0.000 0.888 0.165 0.002 m11
#box: 0.569 0.175 0.000 0.573 0.197 0.002 m20
#box: 0.472 0.194 0.000 0.510 0.220 0.002 m4
#box: 0.844 0.211 0.000 0.867 0.235 0.002 m18
#box: 0.792 0.133 0.000 0.832 0.182 0.002 m1
#box: 1.045 0.179 0.000 1.085 0.199 0.002 m1
#box: 0.942 0.203 0.000 0.950 0.229 0.002 m6
#box: 0.431 0.209 0.000 0.443 0.243 0.002 m20
#box: 0.189 0.187 0.000 0.205 0.226 0.002 m7
#box: 0.194 0.215 0.000 0.219 0.240 0.002 m8
#box: 0.643 0.213 0.000 0.670 0.245 0.002 m3
#box: 0.204 0.119 0.000 0.234 0.151 0.002 m18
#box: 0.078 0.188 0.000 0.098 0.210 0.002 m11
#box: 1.015 0.174 0.000 1.033 0.204 0.002 m1
#box: 0.950 0.170 0.000 0.990 0.220 0.002 m11
#box: 0.406 0.221 0.000 0.444 0.244 0.002 m10
#box: 1.026 0.210 0.000 1.036 0.240 0.002 m9
#box: 0.676 0.167 0.000 0.716 0.214 0.002 m3
#box: 0.510 0.143 0.000 0.517 0.181 0.002 m13
#box: 1.006 0.215 0.000 1.030 0.238 0.002 m15
#box: 0.970 0.223 0.000 0.995 0.246 0.002 m20
#box: 0.678 0.119 0.000 0.695 0.155 0.002 m11
#box: 0.252 0.101 0.000 0.282 0.150 0.002 m10
#box: 0.815 0.179 0.000 0.849 0.216 0.002 m13
#box: 0.984 0.173 0.000 1.021 0.204 0.002 m16
#box: 1.002 0.149 0.000 1.027 0.182 0.002 m14
#box: 0.365 0.184 0.000 0.378 0.227 0.002 m15
#box: 0.216 0.128 0.000 0.221 0.168 0.002 m6
#box: 0.534 0.165 0.000 0.547 0.192 0.002 m1
#box: 0.624 0.185 0.000 0.662 0.227 0.002 m18
#box: 0.936 0.158 0.000 0.946 0.192 0.002 m11
#box: 0.744 0.194 0.000 0.775 0.240 0.002 m19
#box: 0.267 0.213 0.000 0.275 0.244 0.002 m18
#box: 0.117 0.172 0.000 0.145 0.197 0.002 m5
#box: 0.404 0.144 0.000 0.420 0.172 0.002 m9
#box: 0.553 0.161 0.000 0.581 0.199 0.002 m6
#box: 0.020 0.210 0.000 0.046 0.246 0.002 m1
#box: 1.077 0.146 0.000 1.103 0.192 0.002 m8
#box: 0.074 0.177 0.000 0.091 0.203 0.002 m20
#box: 0.128 0.207 0.000 0.134 0.241 0.002 m6
#box: 0.294 0.117 0.000 0.324 0.154 0.002 m16
#box: 1.007 0.173 0.000 1.038 0.195 0.002 m14
#box: 0.627 0.153 0.000 0.659 0.199 0.002 m9
#box: 0.979 0.148 0.000 0.984 0.178 0.002 m5
#box: 0.478 0.177 0.000 0.508 0.226 0.002 m3
#box: 0.046 0.182 0.000 0.071 0.213 0.002 m14
#box: 0.314 0.156 0.000 0.329 0.187 0.002 m13
#box: 0.917 0.155 0.000 0.939 0.189 0.002 m14
#box: 0.226 0.193 0.000 0.255 0.238 0.002 m1
