testingplz 
#domain: 1.200 0.300 0.002 
#dx_dy_dz: 0.002 0.002 0.002 
#time_window: 5.000000e-09 

#excitation_file: mala_source_modified.txt 
#hertzian_dipole: z 0.080 0.250 0 mala_source 
#rx: 0.120 0.250 0.000 
#src_steps: 0.002 0.000 0.000 
#rx_steps: 0.002 0.000 0.000 

#material: 5.000 0.220 1.000 0.000 concrete
#material: 1.000 0.000 1.000 0.000 air
#material: 80.000 0.500 1.000 0.000 water

#material: 1.000 0.000 1.000 0.000 m1
#material: 2.000 0.000 1.000 0.000 m2
#material: 3.000 0.000 1.000 0.000 m3
#material: 4.000 0.000 1.000 0.000 m4
#material: 5.000 0.000 1.000 0.000 m5
#material: 6.000 0.000 1.000 0.000 m6
#material: 7.000 0.000 1.000 0.000 m7
#material: 8.000 0.000 1.000 0.000 m8
#material: 9.000 0.000 1.000 0.000 m9
#material: 10.000 0.000 1.000 0.000 m10
#material: 11.000 0.000 1.000 0.000 m11
#material: 12.000 0.000 1.000 0.000 m12
#material: 13.000 0.000 1.000 0.000 m13
#material: 14.000 0.000 1.000 0.000 m14
#material: 15.000 0.000 1.000 0.000 m15
#material: 16.000 0.000 1.000 0.000 m16
#material: 17.000 0.000 1.000 0.000 m17
#material: 18.000 0.000 1.000 0.000 m18
#material: 19.000 0.000 1.000 0.000 m19
#material: 20.000 0.000 1.000 0.000 m20

#box: 0.000 0.000 0.000 1.200 0.250 0.002 concrete

#box: 0.248 0.147 0.000 0.258 0.188 0.002 m11
#box: 0.711 0.185 0.000 0.717 0.220 0.002 m9
#box: 0.974 0.150 0.000 1.012 0.198 0.002 m4
#box: 0.042 0.118 0.000 0.081 0.160 0.002 m3
#box: 0.930 0.179 0.000 0.938 0.203 0.002 m12
#box: 0.728 0.157 0.000 0.742 0.207 0.002 m2
#box: 0.290 0.159 0.000 0.321 0.206 0.002 m7
#box: 0.675 0.218 0.000 0.687 0.241 0.002 m16
#box: 0.211 0.223 0.000 0.249 0.247 0.002 m11
#box: 0.955 0.182 0.000 0.992 0.227 0.002 m4
#box: 1.067 0.176 0.000 1.094 0.209 0.002 m20
#box: 0.972 0.190 0.000 0.984 0.240 0.002 m11
#box: 0.590 0.199 0.000 0.614 0.239 0.002 m7
#box: 0.870 0.138 0.000 0.895 0.159 0.002 m16
#box: 1.028 0.169 0.000 1.057 0.192 0.002 m15
#box: 0.047 0.157 0.000 0.061 0.189 0.002 m15
#box: 0.408 0.119 0.000 0.432 0.167 0.002 m6
#box: 1.055 0.143 0.000 1.071 0.173 0.002 m19
#box: 0.736 0.189 0.000 0.768 0.238 0.002 m16
#box: 0.263 0.226 0.000 0.286 0.246 0.002 m7
#box: 0.503 0.160 0.000 0.525 0.206 0.002 m12
#box: 0.250 0.126 0.000 0.269 0.152 0.002 m9
#box: 0.972 0.228 0.000 1.004 0.250 0.002 m4
#box: 0.680 0.163 0.000 0.714 0.200 0.002 m18
#box: 0.874 0.103 0.000 0.888 0.150 0.002 m16
#box: 0.997 0.212 0.000 1.037 0.240 0.002 m16
#box: 0.415 0.144 0.000 0.447 0.192 0.002 m17
#box: 0.218 0.186 0.000 0.235 0.235 0.002 m13
#box: 0.735 0.187 0.000 0.768 0.215 0.002 m3
#box: 0.519 0.177 0.000 0.533 0.215 0.002 m16
#box: 0.865 0.213 0.000 0.888 0.242 0.002 m19
#box: 0.127 0.137 0.000 0.149 0.170 0.002 m17
#box: 0.995 0.156 0.000 1.027 0.182 0.002 m6
#box: 0.249 0.186 0.000 0.265 0.210 0.002 m18
#box: 0.734 0.172 0.000 0.770 0.194 0.002 m8
#box: 0.890 0.124 0.000 0.900 0.168 0.002 m2
#box: 1.036 0.134 0.000 1.052 0.160 0.002 m16
#box: 0.493 0.137 0.000 0.525 0.163 0.002 m19
#box: 0.655 0.161 0.000 0.688 0.202 0.002 m20
#box: 0.780 0.206 0.000 0.784 0.245 0.002 m16
#box: 0.624 0.169 0.000 0.661 0.205 0.002 m8
#box: 0.566 0.147 0.000 0.577 0.171 0.002 m10
#box: 0.732 0.130 0.000 0.759 0.161 0.002 m7
#box: 0.925 0.187 0.000 0.951 0.228 0.002 m10
#box: 0.130 0.159 0.000 0.166 0.195 0.002 m17
#box: 1.086 0.177 0.000 1.097 0.212 0.002 m19
#box: 0.125 0.212 0.000 0.131 0.246 0.002 m12
#box: 0.324 0.142 0.000 0.362 0.170 0.002 m12
#box: 0.830 0.146 0.000 0.857 0.188 0.002 m5
#box: 0.448 0.157 0.000 0.472 0.189 0.002 m8
#box: 0.354 0.186 0.000 0.368 0.234 0.002 m10
#box: 0.280 0.189 0.000 0.314 0.227 0.002 m17
#box: 0.381 0.171 0.000 0.407 0.195 0.002 m17
#box: 0.614 0.162 0.000 0.636 0.211 0.002 m2
#box: 0.669 0.200 0.000 0.702 0.220 0.002 m14
#box: 0.454 0.141 0.000 0.467 0.168 0.002 m4
#box: 0.031 0.138 0.000 0.071 0.176 0.002 m5
#box: 0.778 0.164 0.000 0.800 0.184 0.002 m5
#box: 0.864 0.181 0.000 0.888 0.219 0.002 m13
#box: 0.904 0.211 0.000 0.931 0.246 0.002 m5
#box: 0.368 0.197 0.000 0.387 0.223 0.002 m17
#box: 0.871 0.116 0.000 0.907 0.161 0.002 m15
#box: 0.489 0.149 0.000 0.523 0.178 0.002 m11
#box: 0.172 0.185 0.000 0.180 0.209 0.002 m18
#box: 0.074 0.153 0.000 0.098 0.201 0.002 m9
#box: 0.048 0.200 0.000 0.083 0.248 0.002 m2
#box: 0.724 0.146 0.000 0.764 0.180 0.002 m14
#box: 0.178 0.133 0.000 0.198 0.165 0.002 m20
#box: 0.406 0.116 0.000 0.438 0.165 0.002 m13
#box: 1.079 0.221 0.000 1.090 0.241 0.002 m9
#box: 0.655 0.204 0.000 0.669 0.238 0.002 m17
#box: 0.546 0.109 0.000 0.586 0.158 0.002 m6
#box: 0.269 0.170 0.000 0.297 0.194 0.002 m2
#box: 0.773 0.149 0.000 0.780 0.181 0.002 m12
#box: 0.068 0.160 0.000 0.107 0.209 0.002 m2
#box: 0.448 0.140 0.000 0.464 0.185 0.002 m14
#box: 0.767 0.148 0.000 0.791 0.194 0.002 m8
#box: 0.408 0.169 0.000 0.444 0.193 0.002 m10
#box: 0.195 0.106 0.000 0.234 0.156 0.002 m20
#box: 0.071 0.139 0.000 0.078 0.186 0.002 m15
#box: 0.366 0.187 0.000 0.373 0.216 0.002 m2
#box: 0.375 0.203 0.000 0.394 0.246 0.002 m3
#box: 0.161 0.170 0.000 0.183 0.206 0.002 m9
#box: 0.895 0.149 0.000 0.913 0.172 0.002 m10
#box: 0.978 0.217 0.000 0.995 0.240 0.002 m12
#box: 0.628 0.132 0.000 0.668 0.177 0.002 m2
#box: 0.033 0.163 0.000 0.044 0.203 0.002 m11
#box: 0.422 0.204 0.000 0.446 0.233 0.002 m3
#box: 1.045 0.204 0.000 1.084 0.225 0.002 m18
#box: 1.021 0.163 0.000 1.045 0.197 0.002 m19
#box: 1.005 0.168 0.000 1.033 0.217 0.002 m18
#box: 0.651 0.124 0.000 0.689 0.173 0.002 m20
#box: 0.879 0.186 0.000 0.902 0.216 0.002 m7
#box: 0.804 0.151 0.000 0.813 0.183 0.002 m6
#box: 0.342 0.146 0.000 0.370 0.182 0.002 m15
#box: 0.936 0.151 0.000 0.944 0.183 0.002 m15
#box: 0.544 0.131 0.000 0.580 0.177 0.002 m17
#box: 0.963 0.111 0.000 0.986 0.157 0.002 m9
#box: 0.060 0.126 0.000 0.078 0.169 0.002 m7
#box: 0.343 0.181 0.000 0.377 0.201 0.002 m1
#box: 0.486 0.135 0.000 0.521 0.161 0.002 m4
#box: 0.088 0.162 0.000 0.112 0.196 0.002 m20
#box: 0.440 0.203 0.000 0.451 0.225 0.002 m3
#box: 0.432 0.145 0.000 0.469 0.176 0.002 m10
#box: 0.678 0.111 0.000 0.714 0.154 0.002 m18
#box: 0.995 0.130 0.000 1.015 0.162 0.002 m13
#box: 1.097 0.150 0.000 1.129 0.170 0.002 m20
#box: 0.647 0.222 0.000 0.671 0.248 0.002 m16
#box: 0.335 0.129 0.000 0.349 0.155 0.002 m1
#box: 0.584 0.104 0.000 0.609 0.154 0.002 m7
#box: 1.012 0.160 0.000 1.052 0.205 0.002 m20
#box: 0.627 0.143 0.000 0.655 0.165 0.002 m17
#box: 0.159 0.211 0.000 0.173 0.245 0.002 m3
#box: 0.334 0.186 0.000 0.338 0.215 0.002 m8
#box: 0.370 0.197 0.000 0.377 0.227 0.002 m4
#box: 0.562 0.115 0.000 0.598 0.150 0.002 m12
#box: 0.787 0.135 0.000 0.795 0.158 0.002 m15
#box: 0.364 0.117 0.000 0.388 0.160 0.002 m9
#box: 0.293 0.198 0.000 0.305 0.221 0.002 m11
#box: 0.981 0.198 0.000 0.988 0.237 0.002 m7
#box: 0.514 0.174 0.000 0.531 0.197 0.002 m18
#box: 0.036 0.175 0.000 0.075 0.224 0.002 m11
#box: 0.804 0.160 0.000 0.827 0.191 0.002 m18
#box: 0.317 0.192 0.000 0.331 0.239 0.002 m6
#box: 0.071 0.141 0.000 0.100 0.168 0.002 m19
#box: 0.696 0.163 0.000 0.710 0.193 0.002 m11
#box: 1.064 0.181 0.000 1.076 0.227 0.002 m6
#box: 0.540 0.190 0.000 0.577 0.231 0.002 m14
#box: 0.160 0.155 0.000 0.181 0.182 0.002 m12
#box: 0.986 0.105 0.000 1.016 0.152 0.002 m16
#box: 1.012 0.152 0.000 1.030 0.197 0.002 m19
#box: 0.405 0.161 0.000 0.430 0.207 0.002 m20
#box: 0.084 0.213 0.000 0.120 0.234 0.002 m20
#box: 0.603 0.173 0.000 0.618 0.222 0.002 m12
#box: 0.063 0.159 0.000 0.093 0.195 0.002 m5
#box: 0.311 0.209 0.000 0.338 0.242 0.002 m13
#box: 0.473 0.140 0.000 0.479 0.175 0.002 m6
#box: 0.076 0.158 0.000 0.089 0.181 0.002 m7
#box: 0.400 0.141 0.000 0.419 0.188 0.002 m11
#box: 0.440 0.160 0.000 0.469 0.184 0.002 m17
#box: 0.593 0.173 0.000 0.608 0.216 0.002 m13
#box: 0.532 0.133 0.000 0.560 0.177 0.002 m18
#box: 0.640 0.163 0.000 0.670 0.209 0.002 m16
#box: 1.071 0.159 0.000 1.095 0.182 0.002 m2
#box: 0.646 0.169 0.000 0.673 0.191 0.002 m8
#box: 0.627 0.152 0.000 0.645 0.173 0.002 m8
#box: 0.475 0.117 0.000 0.507 0.154 0.002 m5
#box: 0.004 0.177 0.000 0.026 0.214 0.002 m1
#box: 1.015 0.174 0.000 1.050 0.207 0.002 m7
#box: 1.048 0.209 0.000 1.083 0.241 0.002 m11
#box: 0.219 0.216 0.000 0.256 0.250 0.002 m7
#box: 0.513 0.206 0.000 0.547 0.239 0.002 m7
#box: 0.874 0.139 0.000 0.889 0.161 0.002 m18
#box: 0.778 0.127 0.000 0.783 0.151 0.002 m20
#box: 0.990 0.154 0.000 1.026 0.195 0.002 m14
#box: 0.372 0.183 0.000 0.387 0.230 0.002 m19
#box: 0.325 0.179 0.000 0.337 0.222 0.002 m6
#box: 0.214 0.131 0.000 0.231 0.173 0.002 m10
#box: 0.344 0.143 0.000 0.378 0.171 0.002 m16
#box: 0.932 0.118 0.000 0.952 0.158 0.002 m15
#box: 0.144 0.204 0.000 0.168 0.243 0.002 m17
#box: 0.386 0.141 0.000 0.415 0.187 0.002 m9
#box: 0.185 0.184 0.000 0.224 0.211 0.002 m12
#box: 0.494 0.125 0.000 0.525 0.152 0.002 m9
#box: 0.558 0.189 0.000 0.563 0.232 0.002 m1
#box: 0.053 0.167 0.000 0.063 0.205 0.002 m14
#box: 0.350 0.124 0.000 0.357 0.166 0.002 m10
#box: 1.070 0.187 0.000 1.081 0.216 0.002 m11
#box: 0.735 0.138 0.000 0.752 0.170 0.002 m3
#box: 0.921 0.167 0.000 0.960 0.202 0.002 m13
#box: 0.447 0.107 0.000 0.479 0.156 0.002 m13
#box: 0.652 0.140 0.000 0.659 0.190 0.002 m15
#box: 0.537 0.162 0.000 0.548 0.204 0.002 m15
#box: 0.979 0.184 0.000 0.998 0.211 0.002 m1
#box: 0.547 0.180 0.000 0.570 0.224 0.002 m16
#box: 0.118 0.150 0.000 0.125 0.176 0.002 m17
#box: 0.665 0.175 0.000 0.694 0.210 0.002 m18
#box: 0.731 0.185 0.000 0.741 0.205 0.002 m20
#box: 0.966 0.109 0.000 0.975 0.153 0.002 m11
#box: 1.017 0.195 0.000 1.029 0.230 0.002 m7
#box: 0.258 0.201 0.000 0.272 0.250 0.002 m16
#box: 0.035 0.180 0.000 0.054 0.224 0.002 m14
#box: 0.066 0.203 0.000 0.076 0.245 0.002 m19
#box: 0.698 0.149 0.000 0.717 0.173 0.002 m4
#box: 0.135 0.196 0.000 0.172 0.229 0.002 m13
#box: 1.029 0.197 0.000 1.057 0.238 0.002 m4
#box: 0.356 0.155 0.000 0.371 0.186 0.002 m20
#box: 0.657 0.127 0.000 0.667 0.173 0.002 m18
#box: 0.355 0.205 0.000 0.372 0.232 0.002 m20
#box: 0.783 0.145 0.000 0.820 0.187 0.002 m14
#box: 0.724 0.125 0.000 0.751 0.172 0.002 m16
#box: 0.650 0.153 0.000 0.671 0.182 0.002 m14
#box: 0.652 0.163 0.000 0.671 0.208 0.002 m2
#box: 0.999 0.177 0.000 1.027 0.216 0.002 m10
#box: 0.043 0.125 0.000 0.065 0.171 0.002 m7
#box: 0.243 0.129 0.000 0.268 0.161 0.002 m12
#box: 0.604 0.179 0.000 0.622 0.199 0.002 m18
#box: 0.068 0.132 0.000 0.093 0.153 0.002 m20
#box: 0.262 0.137 0.000 0.291 0.185 0.002 m6
#box: 0.383 0.149 0.000 0.410 0.173 0.002 m4
