testingplz 
#domain: 1.200 0.300 0.002 
#dx_dy_dz: 0.002 0.002 0.002 
#time_window: 5.000000e-09 

#excitation_file: mala_source_modified.txt 
#hertzian_dipole: z 0.080 0.250 0 mala_source 
#rx: 0.120 0.250 0.000 
#src_steps: 0.002 0.000 0.000 
#rx_steps: 0.002 0.000 0.000 

#material: 5.000 0.220 1.000 0.000 concrete
#material: 1.000 0.000 1.000 0.000 air
#material: 80.000 0.500 1.000 0.000 water

#material: 1.000 0.000 1.000 0.000 m1
#material: 2.000 0.000 1.000 0.000 m2
#material: 3.000 0.000 1.000 0.000 m3
#material: 4.000 0.000 1.000 0.000 m4
#material: 5.000 0.000 1.000 0.000 m5
#material: 6.000 0.000 1.000 0.000 m6
#material: 7.000 0.000 1.000 0.000 m7
#material: 8.000 0.000 1.000 0.000 m8
#material: 9.000 0.000 1.000 0.000 m9
#material: 10.000 0.000 1.000 0.000 m10
#material: 11.000 0.000 1.000 0.000 m11
#material: 12.000 0.000 1.000 0.000 m12
#material: 13.000 0.000 1.000 0.000 m13
#material: 14.000 0.000 1.000 0.000 m14
#material: 15.000 0.000 1.000 0.000 m15
#material: 16.000 0.000 1.000 0.000 m16
#material: 17.000 0.000 1.000 0.000 m17
#material: 18.000 0.000 1.000 0.000 m18
#material: 19.000 0.000 1.000 0.000 m19
#material: 20.000 0.000 1.000 0.000 m20

#box: 0.000 0.000 0.000 1.200 0.250 0.002 concrete

#box: 0.956 0.194 0.000 0.961 0.230 0.002 m5
#box: 0.452 0.214 0.000 0.481 0.244 0.002 m12
#box: 0.491 0.160 0.000 0.518 0.204 0.002 m8
#box: 0.506 0.195 0.000 0.544 0.241 0.002 m7
#box: 0.768 0.152 0.000 0.773 0.187 0.002 m7
#box: 0.263 0.177 0.000 0.293 0.224 0.002 m11
#box: 0.900 0.132 0.000 0.914 0.175 0.002 m19
#box: 1.080 0.176 0.000 1.090 0.208 0.002 m17
#box: 0.494 0.211 0.000 0.523 0.250 0.002 m1
#box: 0.260 0.156 0.000 0.293 0.198 0.002 m15
#box: 1.079 0.187 0.000 1.115 0.237 0.002 m2
#box: 0.588 0.179 0.000 0.617 0.222 0.002 m2
#box: 0.965 0.162 0.000 0.992 0.202 0.002 m2
#box: 0.429 0.125 0.000 0.437 0.172 0.002 m3
#box: 0.876 0.177 0.000 0.880 0.207 0.002 m14
#box: 0.283 0.180 0.000 0.316 0.217 0.002 m7
#box: 0.607 0.210 0.000 0.626 0.236 0.002 m1
#box: 0.695 0.137 0.000 0.727 0.160 0.002 m17
#box: 0.283 0.141 0.000 0.294 0.179 0.002 m16
#box: 0.655 0.161 0.000 0.674 0.193 0.002 m20
#box: 0.112 0.169 0.000 0.127 0.203 0.002 m14
#box: 0.201 0.184 0.000 0.212 0.219 0.002 m1
#box: 0.245 0.129 0.000 0.263 0.177 0.002 m3
#box: 0.930 0.214 0.000 0.948 0.238 0.002 m19
#box: 0.295 0.135 0.000 0.299 0.168 0.002 m10
#box: 0.878 0.140 0.000 0.896 0.181 0.002 m7
#box: 1.041 0.125 0.000 1.079 0.151 0.002 m4
#box: 0.118 0.195 0.000 0.139 0.241 0.002 m12
#box: 0.659 0.192 0.000 0.681 0.227 0.002 m18
#box: 0.184 0.170 0.000 0.195 0.201 0.002 m4
#box: 1.062 0.116 0.000 1.071 0.162 0.002 m19
#box: 1.055 0.142 0.000 1.089 0.192 0.002 m6
#box: 0.788 0.112 0.000 0.811 0.162 0.002 m7
#box: 0.716 0.215 0.000 0.754 0.245 0.002 m17
#box: 0.686 0.177 0.000 0.717 0.205 0.002 m3
#box: 0.662 0.185 0.000 0.687 0.231 0.002 m6
#box: 0.270 0.174 0.000 0.307 0.202 0.002 m20
#box: 1.019 0.205 0.000 1.036 0.240 0.002 m1
#box: 1.079 0.104 0.000 1.088 0.154 0.002 m3
#box: 1.045 0.193 0.000 1.054 0.215 0.002 m11
#box: 0.004 0.111 0.000 0.030 0.150 0.002 m12
#box: 0.714 0.177 0.000 0.723 0.221 0.002 m13
#box: 0.412 0.212 0.000 0.430 0.241 0.002 m19
#box: 0.506 0.165 0.000 0.530 0.215 0.002 m19
#box: 0.062 0.191 0.000 0.069 0.228 0.002 m2
#box: 0.209 0.153 0.000 0.225 0.200 0.002 m15
#box: 1.007 0.170 0.000 1.037 0.195 0.002 m18
#box: 0.880 0.125 0.000 0.911 0.158 0.002 m16
#box: 1.006 0.200 0.000 1.019 0.244 0.002 m17
#box: 0.460 0.126 0.000 0.497 0.171 0.002 m6
#box: 0.709 0.188 0.000 0.744 0.210 0.002 m6
#box: 0.629 0.187 0.000 0.647 0.217 0.002 m10
#box: 1.001 0.123 0.000 1.023 0.170 0.002 m17
#box: 0.429 0.198 0.000 0.454 0.225 0.002 m12
#box: 0.906 0.200 0.000 0.945 0.237 0.002 m4
#box: 1.016 0.166 0.000 1.030 0.209 0.002 m18
#box: 0.984 0.145 0.000 1.015 0.180 0.002 m1
#box: 0.320 0.178 0.000 0.326 0.198 0.002 m12
#box: 0.656 0.164 0.000 0.662 0.192 0.002 m8
#box: 0.901 0.162 0.000 0.922 0.211 0.002 m19
#box: 0.826 0.195 0.000 0.864 0.219 0.002 m8
#box: 0.225 0.182 0.000 0.263 0.228 0.002 m13
#box: 0.362 0.126 0.000 0.375 0.167 0.002 m15
#box: 0.464 0.181 0.000 0.499 0.218 0.002 m10
#box: 0.367 0.208 0.000 0.407 0.233 0.002 m8
#box: 0.338 0.131 0.000 0.377 0.151 0.002 m6
#box: 0.497 0.183 0.000 0.514 0.214 0.002 m6
#box: 0.226 0.131 0.000 0.231 0.178 0.002 m7
#box: 1.000 0.224 0.000 1.023 0.247 0.002 m20
#box: 0.713 0.204 0.000 0.747 0.243 0.002 m7
#box: 0.719 0.189 0.000 0.745 0.232 0.002 m7
#box: 0.962 0.202 0.000 0.986 0.239 0.002 m10
#box: 0.681 0.186 0.000 0.709 0.230 0.002 m2
#box: 0.506 0.134 0.000 0.533 0.160 0.002 m3
#box: 0.731 0.130 0.000 0.743 0.179 0.002 m1
#box: 0.992 0.182 0.000 1.030 0.205 0.002 m17
#box: 0.042 0.144 0.000 0.065 0.175 0.002 m11
#box: 0.528 0.197 0.000 0.544 0.229 0.002 m8
#box: 0.094 0.133 0.000 0.132 0.173 0.002 m13
#box: 0.255 0.150 0.000 0.265 0.183 0.002 m1
#box: 0.692 0.193 0.000 0.721 0.234 0.002 m18
#box: 0.794 0.161 0.000 0.799 0.184 0.002 m3
#box: 0.601 0.186 0.000 0.628 0.234 0.002 m12
#box: 0.863 0.143 0.000 0.892 0.184 0.002 m12
#box: 0.972 0.229 0.000 0.995 0.249 0.002 m19
#box: 0.303 0.172 0.000 0.307 0.211 0.002 m18
#box: 0.590 0.137 0.000 0.607 0.187 0.002 m20
#box: 0.553 0.196 0.000 0.586 0.216 0.002 m19
#box: 0.976 0.122 0.000 0.985 0.158 0.002 m2
#box: 1.023 0.173 0.000 1.050 0.193 0.002 m20
#box: 0.551 0.158 0.000 0.560 0.206 0.002 m16
#box: 0.180 0.125 0.000 0.215 0.173 0.002 m12
#box: 0.943 0.153 0.000 0.971 0.189 0.002 m1
#box: 0.149 0.174 0.000 0.170 0.202 0.002 m4
#box: 0.325 0.156 0.000 0.338 0.184 0.002 m19
#box: 0.882 0.187 0.000 0.917 0.207 0.002 m16
#box: 0.814 0.126 0.000 0.818 0.151 0.002 m9
#box: 0.045 0.217 0.000 0.070 0.240 0.002 m7
#box: 0.500 0.181 0.000 0.538 0.221 0.002 m9
#box: 0.510 0.178 0.000 0.550 0.221 0.002 m19
#box: 0.582 0.138 0.000 0.616 0.179 0.002 m15
#box: 0.856 0.226 0.000 0.863 0.246 0.002 m7
#box: 0.988 0.176 0.000 1.020 0.212 0.002 m17
#box: 1.028 0.207 0.000 1.068 0.240 0.002 m13
#box: 0.047 0.187 0.000 0.062 0.208 0.002 m20
#box: 0.149 0.166 0.000 0.170 0.189 0.002 m12
#box: 0.240 0.168 0.000 0.273 0.189 0.002 m2
#box: 0.307 0.204 0.000 0.326 0.243 0.002 m19
#box: 0.046 0.192 0.000 0.082 0.213 0.002 m10
#box: 0.317 0.139 0.000 0.341 0.164 0.002 m17
#box: 0.923 0.118 0.000 0.943 0.155 0.002 m11
#box: 0.735 0.164 0.000 0.755 0.209 0.002 m18
#box: 0.017 0.123 0.000 0.025 0.163 0.002 m1
#box: 0.712 0.172 0.000 0.751 0.220 0.002 m7
#box: 0.977 0.139 0.000 0.991 0.171 0.002 m12
#box: 0.371 0.152 0.000 0.403 0.194 0.002 m6
#box: 0.114 0.139 0.000 0.151 0.173 0.002 m14
#box: 0.499 0.191 0.000 0.510 0.216 0.002 m13
#box: 0.802 0.149 0.000 0.822 0.189 0.002 m11
#box: 0.379 0.117 0.000 0.383 0.166 0.002 m18
#box: 0.484 0.216 0.000 0.503 0.237 0.002 m7
#box: 0.029 0.174 0.000 0.033 0.197 0.002 m11
#box: 0.880 0.202 0.000 0.900 0.246 0.002 m4
#box: 0.758 0.153 0.000 0.793 0.193 0.002 m1
#box: 1.016 0.152 0.000 1.045 0.194 0.002 m15
#box: 0.343 0.194 0.000 0.355 0.219 0.002 m17
#box: 0.255 0.151 0.000 0.294 0.175 0.002 m9
#box: 1.057 0.150 0.000 1.067 0.198 0.002 m14
#box: 0.827 0.149 0.000 0.865 0.174 0.002 m14
#box: 0.121 0.222 0.000 0.153 0.248 0.002 m15
#box: 0.143 0.211 0.000 0.159 0.241 0.002 m16
#box: 0.317 0.148 0.000 0.324 0.198 0.002 m17
#box: 0.063 0.130 0.000 0.103 0.163 0.002 m7
#box: 0.143 0.124 0.000 0.169 0.158 0.002 m19
#box: 0.398 0.211 0.000 0.426 0.243 0.002 m5
#box: 0.573 0.161 0.000 0.599 0.194 0.002 m4
#box: 0.397 0.202 0.000 0.405 0.224 0.002 m4
#box: 0.045 0.163 0.000 0.072 0.188 0.002 m17
#box: 0.115 0.127 0.000 0.147 0.165 0.002 m4
#box: 1.052 0.135 0.000 1.070 0.166 0.002 m6
#box: 0.318 0.171 0.000 0.347 0.210 0.002 m2
#box: 0.676 0.144 0.000 0.707 0.178 0.002 m4
#box: 0.722 0.119 0.000 0.739 0.169 0.002 m9
#box: 0.640 0.188 0.000 0.653 0.232 0.002 m18
#box: 0.508 0.194 0.000 0.528 0.219 0.002 m15
#box: 0.686 0.213 0.000 0.716 0.249 0.002 m2
#box: 0.143 0.194 0.000 0.182 0.229 0.002 m14
#box: 0.481 0.158 0.000 0.489 0.180 0.002 m10
#box: 1.088 0.137 0.000 1.125 0.170 0.002 m6
#box: 1.017 0.215 0.000 1.039 0.246 0.002 m11
#box: 0.123 0.197 0.000 0.134 0.222 0.002 m7
#box: 0.622 0.127 0.000 0.633 0.170 0.002 m1
#box: 0.829 0.163 0.000 0.858 0.198 0.002 m8
#box: 0.880 0.116 0.000 0.896 0.164 0.002 m20
#box: 0.008 0.128 0.000 0.034 0.162 0.002 m10
#box: 0.876 0.161 0.000 0.902 0.198 0.002 m17
#box: 0.585 0.171 0.000 0.610 0.218 0.002 m9
#box: 0.863 0.208 0.000 0.901 0.230 0.002 m14
#box: 0.967 0.142 0.000 0.979 0.190 0.002 m2
#box: 0.004 0.115 0.000 0.044 0.152 0.002 m7
#box: 0.121 0.121 0.000 0.131 0.150 0.002 m16
#box: 0.528 0.198 0.000 0.558 0.234 0.002 m17
#box: 0.146 0.199 0.000 0.173 0.231 0.002 m3
#box: 0.155 0.143 0.000 0.192 0.188 0.002 m7
#box: 0.226 0.167 0.000 0.254 0.198 0.002 m7
#box: 0.221 0.188 0.000 0.258 0.226 0.002 m5
#box: 0.342 0.151 0.000 0.354 0.189 0.002 m1
#box: 0.398 0.157 0.000 0.414 0.183 0.002 m9
#box: 0.611 0.119 0.000 0.620 0.151 0.002 m14
#box: 0.817 0.170 0.000 0.828 0.193 0.002 m2
#box: 0.643 0.162 0.000 0.661 0.184 0.002 m19
#box: 0.554 0.205 0.000 0.589 0.244 0.002 m4
#box: 0.410 0.146 0.000 0.444 0.174 0.002 m11
#box: 0.261 0.125 0.000 0.296 0.150 0.002 m13
#box: 0.513 0.141 0.000 0.545 0.191 0.002 m18
#box: 0.549 0.140 0.000 0.577 0.181 0.002 m20
#box: 0.192 0.165 0.000 0.221 0.196 0.002 m5
#box: 0.690 0.205 0.000 0.722 0.246 0.002 m1
#box: 0.808 0.186 0.000 0.828 0.206 0.002 m7
#box: 0.743 0.182 0.000 0.769 0.203 0.002 m1
#box: 0.608 0.212 0.000 0.627 0.245 0.002 m16
#box: 0.498 0.151 0.000 0.503 0.199 0.002 m7
#box: 0.275 0.147 0.000 0.281 0.170 0.002 m4
#box: 0.496 0.153 0.000 0.500 0.182 0.002 m2
#box: 0.788 0.118 0.000 0.824 0.163 0.002 m2
#box: 0.504 0.140 0.000 0.533 0.168 0.002 m4
#box: 0.966 0.128 0.000 0.985 0.170 0.002 m5
#box: 0.240 0.132 0.000 0.252 0.153 0.002 m7
#box: 0.055 0.117 0.000 0.091 0.150 0.002 m5
#box: 0.017 0.187 0.000 0.034 0.214 0.002 m4
#box: 1.048 0.163 0.000 1.059 0.186 0.002 m17
#box: 0.198 0.206 0.000 0.232 0.246 0.002 m16
#box: 0.266 0.167 0.000 0.302 0.195 0.002 m13
#box: 0.566 0.209 0.000 0.591 0.248 0.002 m4
#box: 0.361 0.150 0.000 0.368 0.195 0.002 m17
#box: 0.908 0.140 0.000 0.915 0.190 0.002 m9
#box: 0.918 0.198 0.000 0.929 0.240 0.002 m20
#box: 0.919 0.207 0.000 0.951 0.229 0.002 m16
#box: 0.435 0.135 0.000 0.456 0.182 0.002 m17
#box: 0.986 0.193 0.000 1.016 0.215 0.002 m2
