testingplz 
#domain: 1.200 0.300 0.002 
#dx_dy_dz: 0.002 0.002 0.002 
#time_window: 5.000000e-09 

#excitation_file: mala_source_modified.txt 
#hertzian_dipole: z 0.080 0.250 0 mala_source 
#rx: 0.120 0.250 0.000 
#src_steps: 0.002 0.000 0.000 
#rx_steps: 0.002 0.000 0.000 

#material: 5.000 0.220 1.000 0.000 concrete
#material: 1.000 0.000 1.000 0.000 air
#material: 80.000 0.500 1.000 0.000 water

#material: 1.000 0.000 1.000 0.000 m1
#material: 2.000 0.000 1.000 0.000 m2
#material: 3.000 0.000 1.000 0.000 m3
#material: 4.000 0.000 1.000 0.000 m4
#material: 5.000 0.000 1.000 0.000 m5
#material: 6.000 0.000 1.000 0.000 m6
#material: 7.000 0.000 1.000 0.000 m7
#material: 8.000 0.000 1.000 0.000 m8
#material: 9.000 0.000 1.000 0.000 m9
#material: 10.000 0.000 1.000 0.000 m10
#material: 11.000 0.000 1.000 0.000 m11
#material: 12.000 0.000 1.000 0.000 m12
#material: 13.000 0.000 1.000 0.000 m13
#material: 14.000 0.000 1.000 0.000 m14
#material: 15.000 0.000 1.000 0.000 m15
#material: 16.000 0.000 1.000 0.000 m16
#material: 17.000 0.000 1.000 0.000 m17
#material: 18.000 0.000 1.000 0.000 m18
#material: 19.000 0.000 1.000 0.000 m19
#material: 20.000 0.000 1.000 0.000 m20

#box: 0.000 0.000 0.000 1.200 0.250 0.002 concrete

#box: 0.144 0.214 0.000 0.173 0.239 0.002 m15
#box: 0.982 0.190 0.000 1.005 0.212 0.002 m17
#box: 0.126 0.141 0.000 0.153 0.165 0.002 m16
#box: 0.621 0.174 0.000 0.657 0.218 0.002 m20
#box: 0.231 0.201 0.000 0.271 0.243 0.002 m14
#box: 0.246 0.198 0.000 0.279 0.235 0.002 m7
#box: 1.049 0.174 0.000 1.074 0.215 0.002 m12
#box: 0.021 0.160 0.000 0.050 0.180 0.002 m8
#box: 0.983 0.147 0.000 0.988 0.170 0.002 m20
#box: 0.597 0.141 0.000 0.631 0.184 0.002 m1
#box: 0.634 0.157 0.000 0.670 0.191 0.002 m6
#box: 1.005 0.194 0.000 1.041 0.233 0.002 m9
#box: 0.410 0.214 0.000 0.417 0.244 0.002 m1
#box: 1.074 0.137 0.000 1.078 0.160 0.002 m19
#box: 0.781 0.166 0.000 0.791 0.209 0.002 m12
#box: 0.102 0.172 0.000 0.115 0.222 0.002 m20
#box: 0.988 0.149 0.000 1.021 0.172 0.002 m4
#box: 1.079 0.196 0.000 1.091 0.244 0.002 m8
#box: 0.396 0.177 0.000 0.419 0.217 0.002 m12
#box: 0.464 0.208 0.000 0.488 0.235 0.002 m9
#box: 0.427 0.111 0.000 0.455 0.161 0.002 m7
#box: 0.630 0.178 0.000 0.658 0.217 0.002 m11
#box: 0.917 0.153 0.000 0.947 0.201 0.002 m16
#box: 0.051 0.107 0.000 0.072 0.152 0.002 m18
#box: 0.977 0.150 0.000 0.983 0.188 0.002 m4
#box: 0.000 0.174 0.000 0.018 0.196 0.002 m14
#box: 0.407 0.147 0.000 0.418 0.196 0.002 m12
#box: 0.710 0.180 0.000 0.743 0.222 0.002 m2
#box: 0.945 0.161 0.000 0.962 0.200 0.002 m20
#box: 0.580 0.146 0.000 0.586 0.170 0.002 m2
#box: 0.615 0.166 0.000 0.628 0.208 0.002 m6
#box: 0.824 0.199 0.000 0.835 0.239 0.002 m18
#box: 0.632 0.157 0.000 0.667 0.185 0.002 m8
#box: 0.119 0.132 0.000 0.140 0.157 0.002 m18
#box: 0.159 0.125 0.000 0.165 0.156 0.002 m18
#box: 0.864 0.171 0.000 0.883 0.205 0.002 m12
#box: 0.095 0.176 0.000 0.100 0.203 0.002 m3
#box: 0.831 0.171 0.000 0.849 0.210 0.002 m15
#box: 0.580 0.142 0.000 0.595 0.176 0.002 m14
#box: 0.769 0.129 0.000 0.780 0.176 0.002 m20
#box: 0.846 0.200 0.000 0.879 0.236 0.002 m18
#box: 0.382 0.128 0.000 0.411 0.178 0.002 m3
#box: 0.840 0.128 0.000 0.848 0.160 0.002 m20
#box: 0.840 0.172 0.000 0.865 0.198 0.002 m3
#box: 0.342 0.210 0.000 0.358 0.235 0.002 m2
#box: 0.172 0.126 0.000 0.211 0.153 0.002 m20
#box: 0.687 0.121 0.000 0.720 0.153 0.002 m16
#box: 0.711 0.128 0.000 0.747 0.157 0.002 m8
#box: 0.365 0.133 0.000 0.388 0.174 0.002 m19
#box: 0.617 0.200 0.000 0.623 0.238 0.002 m11
#box: 1.023 0.200 0.000 1.037 0.247 0.002 m15
#box: 0.834 0.126 0.000 0.869 0.160 0.002 m14
#box: 1.004 0.135 0.000 1.013 0.185 0.002 m11
#box: 0.777 0.196 0.000 0.782 0.236 0.002 m4
#box: 0.580 0.164 0.000 0.620 0.210 0.002 m9
#box: 0.439 0.161 0.000 0.468 0.203 0.002 m6
#box: 0.527 0.192 0.000 0.536 0.222 0.002 m6
#box: 0.907 0.208 0.000 0.939 0.246 0.002 m7
#box: 0.272 0.149 0.000 0.303 0.191 0.002 m1
#box: 0.392 0.114 0.000 0.430 0.156 0.002 m9
#box: 0.391 0.160 0.000 0.396 0.181 0.002 m4
#box: 0.708 0.129 0.000 0.733 0.167 0.002 m1
#box: 0.136 0.154 0.000 0.173 0.179 0.002 m13
#box: 0.094 0.175 0.000 0.102 0.216 0.002 m1
#box: 0.449 0.202 0.000 0.479 0.243 0.002 m5
#box: 0.483 0.136 0.000 0.487 0.169 0.002 m11
#box: 1.073 0.198 0.000 1.093 0.246 0.002 m5
#box: 0.618 0.188 0.000 0.633 0.216 0.002 m3
#box: 0.752 0.228 0.000 0.773 0.248 0.002 m1
#box: 1.052 0.128 0.000 1.071 0.172 0.002 m8
#box: 0.222 0.159 0.000 0.257 0.200 0.002 m14
#box: 0.501 0.182 0.000 0.540 0.232 0.002 m7
#box: 0.956 0.140 0.000 0.988 0.163 0.002 m16
#box: 0.863 0.152 0.000 0.885 0.178 0.002 m3
#box: 0.851 0.184 0.000 0.855 0.232 0.002 m2
#box: 0.596 0.204 0.000 0.612 0.243 0.002 m17
#box: 0.620 0.145 0.000 0.630 0.173 0.002 m2
#box: 0.419 0.147 0.000 0.423 0.170 0.002 m9
#box: 0.982 0.165 0.000 1.012 0.193 0.002 m14
#box: 0.661 0.197 0.000 0.686 0.222 0.002 m16
#box: 0.972 0.161 0.000 1.003 0.184 0.002 m7
#box: 0.127 0.205 0.000 0.153 0.226 0.002 m12
#box: 0.842 0.197 0.000 0.873 0.244 0.002 m10
#box: 0.109 0.128 0.000 0.143 0.161 0.002 m1
#box: 0.961 0.157 0.000 0.966 0.189 0.002 m18
#box: 0.933 0.164 0.000 0.967 0.212 0.002 m11
#box: 0.202 0.170 0.000 0.223 0.203 0.002 m17
#box: 1.059 0.191 0.000 1.087 0.226 0.002 m2
#box: 0.458 0.167 0.000 0.498 0.210 0.002 m14
#box: 0.019 0.169 0.000 0.054 0.216 0.002 m13
#box: 0.905 0.148 0.000 0.930 0.184 0.002 m12
#box: 0.931 0.197 0.000 0.935 0.220 0.002 m1
#box: 0.934 0.201 0.000 0.942 0.236 0.002 m2
#box: 0.233 0.160 0.000 0.256 0.187 0.002 m20
#box: 0.585 0.107 0.000 0.596 0.154 0.002 m7
#box: 0.217 0.194 0.000 0.255 0.219 0.002 m4
#box: 0.864 0.171 0.000 0.874 0.209 0.002 m19
#box: 0.572 0.145 0.000 0.602 0.194 0.002 m14
#box: 0.705 0.206 0.000 0.726 0.226 0.002 m1
#box: 0.302 0.127 0.000 0.306 0.172 0.002 m8
#box: 0.634 0.180 0.000 0.672 0.222 0.002 m16
#box: 0.770 0.177 0.000 0.785 0.217 0.002 m14
#box: 0.094 0.166 0.000 0.125 0.195 0.002 m16
#box: 0.288 0.159 0.000 0.302 0.186 0.002 m15
#box: 0.438 0.188 0.000 0.474 0.224 0.002 m20
#box: 1.085 0.160 0.000 1.120 0.202 0.002 m17
#box: 0.111 0.196 0.000 0.133 0.226 0.002 m4
#box: 0.604 0.154 0.000 0.637 0.187 0.002 m18
#box: 0.390 0.112 0.000 0.395 0.152 0.002 m2
#box: 1.003 0.168 0.000 1.025 0.208 0.002 m10
#box: 0.417 0.133 0.000 0.440 0.157 0.002 m16
#box: 0.957 0.200 0.000 0.965 0.233 0.002 m3
#box: 0.981 0.127 0.000 1.018 0.152 0.002 m20
#box: 0.252 0.170 0.000 0.269 0.194 0.002 m16
#box: 0.551 0.204 0.000 0.584 0.239 0.002 m10
#box: 0.759 0.214 0.000 0.797 0.246 0.002 m8
#box: 0.232 0.177 0.000 0.257 0.213 0.002 m18
#box: 0.940 0.198 0.000 0.971 0.233 0.002 m8
#box: 0.840 0.117 0.000 0.849 0.161 0.002 m13
#box: 1.083 0.132 0.000 1.121 0.172 0.002 m3
#box: 1.035 0.124 0.000 1.073 0.155 0.002 m10
#box: 0.590 0.130 0.000 0.610 0.168 0.002 m11
#box: 0.497 0.216 0.000 0.518 0.238 0.002 m13
#box: 0.446 0.155 0.000 0.471 0.203 0.002 m1
#box: 0.139 0.142 0.000 0.148 0.190 0.002 m6
#box: 0.330 0.224 0.000 0.356 0.248 0.002 m11
#box: 0.381 0.160 0.000 0.419 0.203 0.002 m1
#box: 0.871 0.216 0.000 0.879 0.240 0.002 m13
#box: 1.005 0.148 0.000 1.021 0.183 0.002 m3
#box: 0.125 0.197 0.000 0.138 0.239 0.002 m18
#box: 0.600 0.139 0.000 0.610 0.175 0.002 m12
#box: 0.033 0.160 0.000 0.048 0.209 0.002 m12
#box: 1.091 0.156 0.000 1.116 0.202 0.002 m18
#box: 0.392 0.131 0.000 0.423 0.152 0.002 m9
#box: 0.863 0.163 0.000 0.902 0.192 0.002 m18
#box: 0.426 0.151 0.000 0.458 0.185 0.002 m9
#box: 0.058 0.153 0.000 0.074 0.182 0.002 m16
#box: 0.423 0.177 0.000 0.454 0.222 0.002 m17
#box: 0.957 0.132 0.000 0.984 0.161 0.002 m5
#box: 0.011 0.163 0.000 0.026 0.202 0.002 m1
#box: 0.294 0.165 0.000 0.319 0.187 0.002 m18
#box: 0.299 0.171 0.000 0.307 0.212 0.002 m1
#box: 1.046 0.202 0.000 1.066 0.230 0.002 m6
#box: 1.037 0.141 0.000 1.055 0.168 0.002 m8
#box: 0.573 0.159 0.000 0.587 0.203 0.002 m11
#box: 0.791 0.114 0.000 0.819 0.157 0.002 m2
#box: 0.540 0.172 0.000 0.566 0.218 0.002 m2
#box: 0.122 0.121 0.000 0.142 0.160 0.002 m6
#box: 0.218 0.169 0.000 0.251 0.196 0.002 m10
#box: 1.085 0.183 0.000 1.095 0.212 0.002 m12
#box: 0.171 0.119 0.000 0.178 0.155 0.002 m11
#box: 0.770 0.186 0.000 0.793 0.222 0.002 m11
#box: 0.632 0.166 0.000 0.641 0.205 0.002 m5
#box: 0.903 0.157 0.000 0.915 0.201 0.002 m13
#box: 1.037 0.136 0.000 1.044 0.177 0.002 m11
#box: 0.811 0.195 0.000 0.825 0.231 0.002 m14
#box: 0.857 0.169 0.000 0.878 0.192 0.002 m6
#box: 0.953 0.171 0.000 0.980 0.201 0.002 m17
#box: 0.168 0.190 0.000 0.189 0.231 0.002 m8
#box: 1.044 0.173 0.000 1.080 0.219 0.002 m17
#box: 0.007 0.169 0.000 0.030 0.201 0.002 m1
#box: 0.995 0.136 0.000 1.008 0.162 0.002 m16
#box: 0.524 0.124 0.000 0.536 0.151 0.002 m17
#box: 0.304 0.175 0.000 0.320 0.196 0.002 m18
#box: 0.175 0.129 0.000 0.188 0.151 0.002 m8
#box: 0.216 0.148 0.000 0.220 0.178 0.002 m12
#box: 0.604 0.138 0.000 0.608 0.175 0.002 m20
#box: 0.720 0.157 0.000 0.750 0.177 0.002 m15
#box: 0.691 0.136 0.000 0.722 0.178 0.002 m12
#box: 0.611 0.138 0.000 0.621 0.186 0.002 m1
#box: 0.269 0.135 0.000 0.304 0.163 0.002 m4
#box: 0.416 0.200 0.000 0.429 0.220 0.002 m15
#box: 0.441 0.126 0.000 0.470 0.173 0.002 m20
#box: 0.968 0.125 0.000 0.979 0.170 0.002 m12
#box: 0.078 0.194 0.000 0.108 0.234 0.002 m15
#box: 1.052 0.217 0.000 1.061 0.239 0.002 m5
#box: 0.775 0.196 0.000 0.780 0.240 0.002 m3
#box: 0.059 0.187 0.000 0.095 0.216 0.002 m15
#box: 0.384 0.159 0.000 0.408 0.199 0.002 m6
#box: 0.459 0.175 0.000 0.475 0.195 0.002 m7
#box: 0.429 0.197 0.000 0.433 0.218 0.002 m15
#box: 0.083 0.218 0.000 0.094 0.244 0.002 m2
#box: 0.540 0.180 0.000 0.554 0.210 0.002 m2
#box: 0.442 0.179 0.000 0.461 0.205 0.002 m16
#box: 0.057 0.175 0.000 0.083 0.212 0.002 m4
#box: 0.952 0.162 0.000 0.961 0.183 0.002 m11
#box: 0.269 0.136 0.000 0.305 0.169 0.002 m20
#box: 0.168 0.167 0.000 0.194 0.196 0.002 m13
#box: 0.596 0.147 0.000 0.621 0.191 0.002 m5
#box: 0.258 0.210 0.000 0.286 0.248 0.002 m12
#box: 0.473 0.116 0.000 0.487 0.157 0.002 m15
#box: 0.662 0.135 0.000 0.680 0.177 0.002 m20
#box: 0.701 0.174 0.000 0.725 0.202 0.002 m10
#box: 0.573 0.149 0.000 0.608 0.194 0.002 m20
#box: 1.083 0.229 0.000 1.097 0.250 0.002 m18
#box: 0.311 0.177 0.000 0.328 0.222 0.002 m13
#box: 0.942 0.181 0.000 0.980 0.224 0.002 m10
#box: 0.131 0.139 0.000 0.161 0.172 0.002 m6
#box: 0.032 0.134 0.000 0.044 0.168 0.002 m9
#box: 1.054 0.185 0.000 1.083 0.214 0.002 m4
