testingplz 
#domain: 1.200 0.300 0.002 
#dx_dy_dz: 0.002 0.002 0.002 
#time_window: 5.000000e-09 

#excitation_file: mala_source_modified.txt 
#hertzian_dipole: z 0.080 0.250 0 mala_source 
#rx: 0.120 0.250 0.000 
#src_steps: 0.002 0.000 0.000 
#rx_steps: 0.002 0.000 0.000 

#material: 5.000 0.220 1.000 0.000 concrete
#material: 1.000 0.000 1.000 0.000 air
#material: 80.000 0.500 1.000 0.000 water

#material: 1.000 0.000 1.000 0.000 m1
#material: 2.000 0.000 1.000 0.000 m2
#material: 3.000 0.000 1.000 0.000 m3
#material: 4.000 0.000 1.000 0.000 m4
#material: 5.000 0.000 1.000 0.000 m5
#material: 6.000 0.000 1.000 0.000 m6
#material: 7.000 0.000 1.000 0.000 m7
#material: 8.000 0.000 1.000 0.000 m8
#material: 9.000 0.000 1.000 0.000 m9
#material: 10.000 0.000 1.000 0.000 m10
#material: 11.000 0.000 1.000 0.000 m11
#material: 12.000 0.000 1.000 0.000 m12
#material: 13.000 0.000 1.000 0.000 m13
#material: 14.000 0.000 1.000 0.000 m14
#material: 15.000 0.000 1.000 0.000 m15
#material: 16.000 0.000 1.000 0.000 m16
#material: 17.000 0.000 1.000 0.000 m17
#material: 18.000 0.000 1.000 0.000 m18
#material: 19.000 0.000 1.000 0.000 m19
#material: 20.000 0.000 1.000 0.000 m20

#box: 0.000 0.000 0.000 1.200 0.250 0.002 concrete

#box: 1.025 0.137 0.000 1.040 0.172 0.002 m16
#box: 0.162 0.156 0.000 0.195 0.185 0.002 m16
#box: 0.689 0.204 0.000 0.693 0.236 0.002 m1
#box: 0.499 0.167 0.000 0.531 0.187 0.002 m14
#box: 0.229 0.169 0.000 0.259 0.204 0.002 m12
#box: 0.992 0.193 0.000 1.017 0.227 0.002 m2
#box: 1.070 0.227 0.000 1.100 0.248 0.002 m9
#box: 0.482 0.119 0.000 0.499 0.153 0.002 m8
#box: 0.246 0.125 0.000 0.261 0.157 0.002 m4
#box: 0.626 0.144 0.000 0.666 0.173 0.002 m14
#box: 0.439 0.129 0.000 0.452 0.157 0.002 m13
#box: 1.014 0.150 0.000 1.018 0.189 0.002 m11
#box: 0.868 0.208 0.000 0.906 0.243 0.002 m15
#box: 0.491 0.139 0.000 0.529 0.163 0.002 m19
#box: 1.021 0.199 0.000 1.026 0.233 0.002 m14
#box: 0.144 0.215 0.000 0.155 0.238 0.002 m15
#box: 0.816 0.131 0.000 0.841 0.173 0.002 m20
#box: 0.105 0.195 0.000 0.129 0.216 0.002 m3
#box: 0.422 0.190 0.000 0.428 0.235 0.002 m6
#box: 0.855 0.145 0.000 0.870 0.175 0.002 m4
#box: 0.464 0.223 0.000 0.473 0.248 0.002 m1
#box: 0.083 0.132 0.000 0.102 0.169 0.002 m17
#box: 1.038 0.230 0.000 1.075 0.250 0.002 m13
#box: 0.889 0.211 0.000 0.915 0.232 0.002 m14
#box: 0.727 0.205 0.000 0.742 0.229 0.002 m12
#box: 0.240 0.119 0.000 0.249 0.159 0.002 m13
#box: 0.955 0.161 0.000 0.986 0.193 0.002 m9
#box: 1.048 0.180 0.000 1.066 0.201 0.002 m15
#box: 0.021 0.142 0.000 0.044 0.182 0.002 m14
#box: 0.133 0.117 0.000 0.150 0.152 0.002 m8
#box: 0.828 0.186 0.000 0.863 0.210 0.002 m5
#box: 0.561 0.132 0.000 0.587 0.175 0.002 m1
#box: 0.142 0.197 0.000 0.158 0.221 0.002 m12
#box: 1.033 0.127 0.000 1.057 0.177 0.002 m13
#box: 0.984 0.153 0.000 0.998 0.187 0.002 m14
#box: 0.732 0.180 0.000 0.758 0.224 0.002 m3
#box: 0.960 0.105 0.000 0.980 0.150 0.002 m11
#box: 0.239 0.124 0.000 0.254 0.154 0.002 m8
#box: 0.986 0.148 0.000 1.015 0.194 0.002 m11
#box: 0.363 0.190 0.000 0.371 0.233 0.002 m8
#box: 0.354 0.147 0.000 0.366 0.187 0.002 m8
#box: 0.496 0.189 0.000 0.533 0.214 0.002 m1
#box: 0.641 0.193 0.000 0.655 0.217 0.002 m15
#box: 0.145 0.184 0.000 0.169 0.217 0.002 m12
#box: 0.668 0.119 0.000 0.701 0.156 0.002 m17
#box: 0.100 0.139 0.000 0.104 0.175 0.002 m1
#box: 0.632 0.137 0.000 0.648 0.161 0.002 m9
#box: 0.249 0.151 0.000 0.277 0.201 0.002 m18
#box: 0.411 0.171 0.000 0.421 0.215 0.002 m14
#box: 0.160 0.109 0.000 0.170 0.152 0.002 m20
#box: 0.010 0.150 0.000 0.014 0.172 0.002 m15
#box: 1.060 0.161 0.000 1.094 0.209 0.002 m5
#box: 0.100 0.167 0.000 0.140 0.208 0.002 m16
#box: 0.388 0.123 0.000 0.409 0.154 0.002 m9
#box: 0.027 0.112 0.000 0.035 0.153 0.002 m19
#box: 0.404 0.141 0.000 0.425 0.174 0.002 m4
#box: 0.731 0.165 0.000 0.770 0.199 0.002 m9
#box: 0.708 0.112 0.000 0.718 0.156 0.002 m11
#box: 0.693 0.150 0.000 0.703 0.200 0.002 m14
#box: 0.472 0.170 0.000 0.487 0.200 0.002 m12
#box: 0.960 0.114 0.000 0.970 0.160 0.002 m3
#box: 0.555 0.131 0.000 0.575 0.164 0.002 m13
#box: 0.729 0.188 0.000 0.757 0.236 0.002 m2
#box: 0.560 0.206 0.000 0.569 0.240 0.002 m1
#box: 0.007 0.145 0.000 0.037 0.188 0.002 m8
#box: 1.036 0.169 0.000 1.052 0.208 0.002 m17
#box: 0.452 0.136 0.000 0.466 0.184 0.002 m4
#box: 0.543 0.143 0.000 0.561 0.188 0.002 m9
#box: 1.020 0.187 0.000 1.034 0.237 0.002 m14
#box: 0.676 0.160 0.000 0.688 0.180 0.002 m10
#box: 0.202 0.196 0.000 0.218 0.234 0.002 m8
#box: 0.316 0.113 0.000 0.337 0.161 0.002 m10
#box: 0.652 0.138 0.000 0.679 0.162 0.002 m17
#box: 0.431 0.133 0.000 0.453 0.175 0.002 m1
#box: 0.756 0.138 0.000 0.771 0.168 0.002 m20
#box: 0.452 0.217 0.000 0.458 0.237 0.002 m3
#box: 0.002 0.157 0.000 0.042 0.205 0.002 m15
#box: 0.780 0.199 0.000 0.818 0.219 0.002 m8
#box: 0.905 0.132 0.000 0.917 0.158 0.002 m1
#box: 0.085 0.200 0.000 0.115 0.227 0.002 m12
#box: 0.780 0.161 0.000 0.806 0.194 0.002 m9
#box: 0.080 0.122 0.000 0.119 0.170 0.002 m5
#box: 0.336 0.193 0.000 0.344 0.238 0.002 m6
#box: 0.036 0.134 0.000 0.047 0.165 0.002 m11
#box: 0.823 0.201 0.000 0.829 0.231 0.002 m8
#box: 0.107 0.201 0.000 0.141 0.232 0.002 m16
#box: 0.205 0.171 0.000 0.236 0.202 0.002 m17
#box: 0.317 0.136 0.000 0.352 0.185 0.002 m14
#box: 0.792 0.219 0.000 0.797 0.244 0.002 m4
#box: 0.277 0.188 0.000 0.285 0.222 0.002 m8
#box: 0.800 0.197 0.000 0.824 0.246 0.002 m14
#box: 0.839 0.135 0.000 0.850 0.158 0.002 m2
#box: 1.091 0.118 0.000 1.109 0.167 0.002 m6
#box: 0.258 0.165 0.000 0.281 0.206 0.002 m14
#box: 0.186 0.139 0.000 0.195 0.179 0.002 m13
#box: 0.480 0.199 0.000 0.490 0.243 0.002 m14
#box: 0.949 0.138 0.000 0.974 0.171 0.002 m10
#box: 0.466 0.139 0.000 0.503 0.185 0.002 m11
#box: 1.078 0.170 0.000 1.087 0.200 0.002 m15
#box: 0.437 0.206 0.000 0.449 0.241 0.002 m2
#box: 1.076 0.141 0.000 1.108 0.177 0.002 m8
#box: 0.598 0.171 0.000 0.603 0.211 0.002 m7
#box: 0.471 0.137 0.000 0.506 0.170 0.002 m5
#box: 0.445 0.206 0.000 0.479 0.238 0.002 m12
#box: 0.970 0.179 0.000 0.997 0.213 0.002 m10
#box: 0.774 0.176 0.000 0.814 0.225 0.002 m20
#box: 0.319 0.228 0.000 0.359 0.250 0.002 m12
#box: 0.605 0.202 0.000 0.611 0.226 0.002 m3
#box: 0.383 0.210 0.000 0.400 0.231 0.002 m9
#box: 0.021 0.119 0.000 0.045 0.168 0.002 m9
#box: 0.424 0.175 0.000 0.435 0.217 0.002 m10
#box: 0.204 0.150 0.000 0.223 0.200 0.002 m4
#box: 0.907 0.162 0.000 0.923 0.190 0.002 m20
#box: 0.108 0.191 0.000 0.120 0.223 0.002 m14
#box: 0.588 0.210 0.000 0.594 0.241 0.002 m5
#box: 0.876 0.207 0.000 0.906 0.247 0.002 m2
#box: 0.885 0.126 0.000 0.901 0.174 0.002 m12
#box: 0.271 0.155 0.000 0.303 0.183 0.002 m19
#box: 0.974 0.217 0.000 0.997 0.246 0.002 m14
#box: 0.279 0.156 0.000 0.286 0.197 0.002 m9
#box: 0.087 0.152 0.000 0.104 0.175 0.002 m19
#box: 0.226 0.126 0.000 0.235 0.173 0.002 m5
#box: 0.463 0.120 0.000 0.485 0.161 0.002 m20
#box: 0.364 0.161 0.000 0.382 0.207 0.002 m10
#box: 0.324 0.129 0.000 0.344 0.175 0.002 m13
#box: 0.318 0.188 0.000 0.326 0.225 0.002 m12
#box: 0.681 0.148 0.000 0.720 0.185 0.002 m8
#box: 0.257 0.159 0.000 0.267 0.181 0.002 m1
#box: 0.148 0.207 0.000 0.153 0.236 0.002 m8
#box: 0.725 0.173 0.000 0.765 0.197 0.002 m17
#box: 0.817 0.137 0.000 0.834 0.167 0.002 m10
#box: 0.780 0.192 0.000 0.807 0.220 0.002 m14
#box: 1.079 0.187 0.000 1.086 0.231 0.002 m15
#box: 0.807 0.210 0.000 0.845 0.232 0.002 m7
#box: 0.409 0.210 0.000 0.424 0.243 0.002 m8
#box: 0.658 0.128 0.000 0.698 0.158 0.002 m14
#box: 0.420 0.160 0.000 0.457 0.202 0.002 m4
#box: 0.556 0.149 0.000 0.580 0.191 0.002 m1
#box: 1.010 0.190 0.000 1.049 0.220 0.002 m2
#box: 0.790 0.114 0.000 0.826 0.161 0.002 m18
#box: 1.080 0.135 0.000 1.115 0.166 0.002 m11
#box: 0.912 0.185 0.000 0.950 0.223 0.002 m13
#box: 0.777 0.161 0.000 0.796 0.209 0.002 m11
#box: 0.022 0.209 0.000 0.062 0.233 0.002 m11
#box: 0.148 0.161 0.000 0.174 0.184 0.002 m19
#box: 0.742 0.167 0.000 0.764 0.211 0.002 m12
#box: 0.068 0.209 0.000 0.089 0.242 0.002 m14
#box: 0.644 0.111 0.000 0.651 0.156 0.002 m16
#box: 0.350 0.164 0.000 0.385 0.190 0.002 m4
#box: 0.604 0.194 0.000 0.613 0.232 0.002 m20
#box: 0.608 0.201 0.000 0.643 0.243 0.002 m6
#box: 0.398 0.148 0.000 0.410 0.184 0.002 m14
#box: 0.303 0.164 0.000 0.343 0.205 0.002 m18
#box: 0.316 0.188 0.000 0.355 0.226 0.002 m14
#box: 0.647 0.204 0.000 0.661 0.245 0.002 m16
#box: 0.531 0.189 0.000 0.540 0.221 0.002 m13
#box: 0.173 0.120 0.000 0.211 0.152 0.002 m1
#box: 0.268 0.164 0.000 0.286 0.192 0.002 m5
#box: 0.079 0.130 0.000 0.110 0.169 0.002 m15
#box: 0.625 0.156 0.000 0.651 0.181 0.002 m1
#box: 0.103 0.194 0.000 0.127 0.217 0.002 m11
#box: 0.146 0.126 0.000 0.153 0.157 0.002 m3
#box: 0.109 0.106 0.000 0.149 0.152 0.002 m19
#box: 0.208 0.110 0.000 0.241 0.152 0.002 m14
#box: 0.774 0.177 0.000 0.795 0.205 0.002 m16
#box: 0.734 0.194 0.000 0.747 0.234 0.002 m14
#box: 0.071 0.200 0.000 0.109 0.248 0.002 m10
#box: 0.447 0.156 0.000 0.483 0.199 0.002 m15
#box: 0.215 0.134 0.000 0.226 0.171 0.002 m18
#box: 0.734 0.149 0.000 0.752 0.173 0.002 m16
#box: 0.539 0.128 0.000 0.569 0.178 0.002 m10
#box: 0.956 0.172 0.000 0.965 0.222 0.002 m5
#box: 0.971 0.180 0.000 0.992 0.206 0.002 m10
#box: 0.538 0.199 0.000 0.542 0.233 0.002 m2
#box: 0.445 0.191 0.000 0.482 0.224 0.002 m3
#box: 0.955 0.216 0.000 0.976 0.237 0.002 m3
#box: 0.911 0.159 0.000 0.925 0.183 0.002 m3
#box: 0.814 0.126 0.000 0.823 0.154 0.002 m17
#box: 0.424 0.124 0.000 0.432 0.174 0.002 m3
#box: 1.063 0.163 0.000 1.070 0.212 0.002 m4
#box: 0.777 0.186 0.000 0.791 0.211 0.002 m1
#box: 1.014 0.132 0.000 1.032 0.168 0.002 m15
#box: 0.473 0.131 0.000 0.480 0.181 0.002 m16
#box: 0.230 0.130 0.000 0.260 0.166 0.002 m1
#box: 0.905 0.175 0.000 0.918 0.207 0.002 m6
#box: 0.442 0.144 0.000 0.466 0.172 0.002 m18
#box: 0.909 0.220 0.000 0.922 0.241 0.002 m16
#box: 0.082 0.148 0.000 0.121 0.188 0.002 m14
#box: 0.120 0.186 0.000 0.141 0.232 0.002 m2
#box: 0.113 0.191 0.000 0.122 0.238 0.002 m14
#box: 0.984 0.210 0.000 0.994 0.239 0.002 m6
#box: 1.048 0.186 0.000 1.054 0.228 0.002 m15
#box: 0.338 0.218 0.000 0.367 0.242 0.002 m10
#box: 0.397 0.113 0.000 0.434 0.162 0.002 m11
#box: 0.952 0.117 0.000 0.979 0.151 0.002 m17
#box: 0.310 0.208 0.000 0.317 0.228 0.002 m6
#box: 0.321 0.119 0.000 0.347 0.162 0.002 m16
#box: 0.722 0.189 0.000 0.761 0.212 0.002 m18
#box: 0.962 0.131 0.000 0.971 0.154 0.002 m15
#box: 1.045 0.187 0.000 1.075 0.217 0.002 m3
