testingplz 
#domain: 1.200 0.300 0.002 
#dx_dy_dz: 0.002 0.002 0.002 
#time_window: 5.000000e-09 

#excitation_file: mala_source_modified.txt 
#hertzian_dipole: z 0.080 0.250 0 mala_source 
#rx: 0.120 0.250 0.000 
#src_steps: 0.002 0.000 0.000 
#rx_steps: 0.002 0.000 0.000 

#material: 5.000 0.220 1.000 0.000 concrete
#material: 1.000 0.000 1.000 0.000 air
#material: 80.000 0.500 1.000 0.000 water

#material: 1.000 0.000 1.000 0.000 m1
#material: 2.000 0.000 1.000 0.000 m2
#material: 3.000 0.000 1.000 0.000 m3
#material: 4.000 0.000 1.000 0.000 m4
#material: 5.000 0.000 1.000 0.000 m5
#material: 6.000 0.000 1.000 0.000 m6
#material: 7.000 0.000 1.000 0.000 m7
#material: 8.000 0.000 1.000 0.000 m8
#material: 9.000 0.000 1.000 0.000 m9
#material: 10.000 0.000 1.000 0.000 m10
#material: 11.000 0.000 1.000 0.000 m11
#material: 12.000 0.000 1.000 0.000 m12
#material: 13.000 0.000 1.000 0.000 m13
#material: 14.000 0.000 1.000 0.000 m14
#material: 15.000 0.000 1.000 0.000 m15
#material: 16.000 0.000 1.000 0.000 m16
#material: 17.000 0.000 1.000 0.000 m17
#material: 18.000 0.000 1.000 0.000 m18
#material: 19.000 0.000 1.000 0.000 m19
#material: 20.000 0.000 1.000 0.000 m20

#box: 0.000 0.000 0.000 1.200 0.250 0.002 concrete

#cylinder: 0.635 0.212 0.000 0.635 0.212 0.002 0.009 m15
#cylinder: 0.984 0.207 0.000 0.984 0.207 0.002 0.003 m18
#cylinder: 0.962 0.118 0.000 0.962 0.118 0.002 0.006 m19
#cylinder: 0.677 0.209 0.000 0.677 0.209 0.002 0.003 m6
#cylinder: 0.825 0.109 0.000 0.825 0.109 0.002 0.005 m18
#cylinder: 0.268 0.188 0.000 0.268 0.188 0.002 0.005 m20
#cylinder: 0.412 0.179 0.000 0.412 0.179 0.002 0.004 m1
#cylinder: 0.903 0.117 0.000 0.903 0.117 0.002 0.003 m3
#cylinder: 0.612 0.130 0.000 0.612 0.130 0.002 0.008 m8
#cylinder: 0.452 0.127 0.000 0.452 0.127 0.002 0.003 m12
#cylinder: 0.218 0.189 0.000 0.218 0.189 0.002 0.005 m12
#cylinder: 0.679 0.173 0.000 0.679 0.173 0.002 0.009 m12
#cylinder: 0.235 0.196 0.000 0.235 0.196 0.002 0.006 m11
#cylinder: 0.220 0.218 0.000 0.220 0.218 0.002 0.004 m17
#cylinder: 0.611 0.197 0.000 0.611 0.197 0.002 0.002 m11
#cylinder: 0.978 0.116 0.000 0.978 0.116 0.002 0.009 m2
#cylinder: 0.098 0.122 0.000 0.098 0.122 0.002 0.008 m16
#cylinder: 0.729 0.117 0.000 0.729 0.117 0.002 0.004 m14
#cylinder: 0.300 0.144 0.000 0.300 0.144 0.002 0.004 m14
#cylinder: 0.664 0.131 0.000 0.664 0.131 0.002 0.009 m20
#cylinder: 0.130 0.194 0.000 0.130 0.194 0.002 0.009 m8
#cylinder: 0.249 0.215 0.000 0.249 0.215 0.002 0.007 m11
#cylinder: 0.593 0.107 0.000 0.593 0.107 0.002 0.008 m18
#cylinder: 0.362 0.127 0.000 0.362 0.127 0.002 0.003 m12
#cylinder: 0.549 0.143 0.000 0.549 0.143 0.002 0.007 m13
#cylinder: 0.620 0.144 0.000 0.620 0.144 0.002 0.008 m7
#cylinder: 0.685 0.205 0.000 0.685 0.205 0.002 0.004 m11
#cylinder: 0.431 0.174 0.000 0.431 0.174 0.002 0.003 m12
#cylinder: 0.175 0.190 0.000 0.175 0.190 0.002 0.007 m12
#cylinder: 0.537 0.138 0.000 0.537 0.138 0.002 0.006 m19
#cylinder: 0.039 0.175 0.000 0.039 0.175 0.002 0.006 m19
#cylinder: 0.709 0.217 0.000 0.709 0.217 0.002 0.003 m2
#cylinder: 0.493 0.173 0.000 0.493 0.173 0.002 0.002 m4
#cylinder: 0.417 0.160 0.000 0.417 0.160 0.002 0.008 m5
#cylinder: 0.041 0.140 0.000 0.041 0.140 0.002 0.006 m18
#cylinder: 0.951 0.204 0.000 0.951 0.204 0.002 0.005 m18
#cylinder: 0.959 0.169 0.000 0.959 0.169 0.002 0.003 m11
#cylinder: 0.852 0.217 0.000 0.852 0.217 0.002 0.004 m4
#cylinder: 0.041 0.186 0.000 0.041 0.186 0.002 0.005 m5
#cylinder: 0.620 0.146 0.000 0.620 0.146 0.002 0.004 m12
#cylinder: 0.248 0.200 0.000 0.248 0.200 0.002 0.007 m6
#cylinder: 0.337 0.209 0.000 0.337 0.209 0.002 0.005 m18
#cylinder: 0.849 0.148 0.000 0.849 0.148 0.002 0.004 m14
#cylinder: 0.975 0.176 0.000 0.975 0.176 0.002 0.003 m15
#cylinder: 0.520 0.148 0.000 0.520 0.148 0.002 0.006 m13
#cylinder: 0.141 0.124 0.000 0.141 0.124 0.002 0.004 m8
#cylinder: 0.359 0.159 0.000 0.359 0.159 0.002 0.007 m12
#cylinder: 0.745 0.164 0.000 0.745 0.164 0.002 0.007 m5
#cylinder: 0.270 0.118 0.000 0.270 0.118 0.002 0.003 m20
#cylinder: 0.686 0.151 0.000 0.686 0.151 0.002 0.006 m13
#cylinder: 0.049 0.135 0.000 0.049 0.135 0.002 0.008 m9
#cylinder: 0.547 0.134 0.000 0.547 0.134 0.002 0.005 m9
#cylinder: 0.813 0.190 0.000 0.813 0.190 0.002 0.010 m13
#cylinder: 0.334 0.130 0.000 0.334 0.130 0.002 0.009 m8
#cylinder: 0.304 0.176 0.000 0.304 0.176 0.002 0.004 m14
#cylinder: 1.020 0.201 0.000 1.020 0.201 0.002 0.009 m17
#cylinder: 0.215 0.176 0.000 0.215 0.176 0.002 0.003 m15
#cylinder: 0.886 0.135 0.000 0.886 0.135 0.002 0.006 m13
#cylinder: 0.608 0.133 0.000 0.608 0.133 0.002 0.009 m12
#cylinder: 0.611 0.216 0.000 0.611 0.216 0.002 0.007 m3
#cylinder: 0.048 0.188 0.000 0.048 0.188 0.002 0.008 m10
#cylinder: 0.439 0.101 0.000 0.439 0.101 0.002 0.004 m9
#cylinder: 0.008 0.157 0.000 0.008 0.157 0.002 0.005 m7
#cylinder: 0.607 0.171 0.000 0.607 0.171 0.002 0.009 m12
#cylinder: 0.681 0.184 0.000 0.681 0.184 0.002 0.006 m7
#cylinder: 0.477 0.154 0.000 0.477 0.154 0.002 0.009 m4
#cylinder: 0.726 0.217 0.000 0.726 0.217 0.002 0.007 m3
#cylinder: 0.426 0.139 0.000 0.426 0.139 0.002 0.003 m11
#cylinder: 0.708 0.123 0.000 0.708 0.123 0.002 0.010 m15
#cylinder: 0.772 0.195 0.000 0.772 0.195 0.002 0.009 m18
#cylinder: 1.044 0.115 0.000 1.044 0.115 0.002 0.005 m11
#cylinder: 0.074 0.218 0.000 0.074 0.218 0.002 0.009 m5
#cylinder: 1.026 0.154 0.000 1.026 0.154 0.002 0.004 m17
#cylinder: 0.616 0.202 0.000 0.616 0.202 0.002 0.005 m4
#cylinder: 1.037 0.115 0.000 1.037 0.115 0.002 0.003 m7
#cylinder: 0.685 0.117 0.000 0.685 0.117 0.002 0.006 m13
#cylinder: 0.817 0.168 0.000 0.817 0.168 0.002 0.007 m19
#cylinder: 0.995 0.215 0.000 0.995 0.215 0.002 0.010 m20
#cylinder: 0.298 0.153 0.000 0.298 0.153 0.002 0.009 m8
#cylinder: 0.954 0.214 0.000 0.954 0.214 0.002 0.006 m15
#cylinder: 0.447 0.196 0.000 0.447 0.196 0.002 0.003 m14
#cylinder: 0.538 0.184 0.000 0.538 0.184 0.002 0.005 m11
#cylinder: 0.756 0.158 0.000 0.756 0.158 0.002 0.007 m19
#cylinder: 0.190 0.106 0.000 0.190 0.106 0.002 0.004 m16
#cylinder: 0.978 0.210 0.000 0.978 0.210 0.002 0.009 m20
#cylinder: 0.117 0.136 0.000 0.117 0.136 0.002 0.004 m6
#cylinder: 0.731 0.121 0.000 0.731 0.121 0.002 0.006 m8
#cylinder: 0.849 0.130 0.000 0.849 0.130 0.002 0.005 m5
#cylinder: 0.427 0.188 0.000 0.427 0.188 0.002 0.003 m2
#cylinder: 0.455 0.144 0.000 0.455 0.144 0.002 0.002 m15
#cylinder: 0.707 0.127 0.000 0.707 0.127 0.002 0.004 m19
#cylinder: 0.073 0.147 0.000 0.073 0.147 0.002 0.010 m20
#cylinder: 0.746 0.144 0.000 0.746 0.144 0.002 0.002 m17
#cylinder: 0.038 0.107 0.000 0.038 0.107 0.002 0.004 m7
#cylinder: 0.327 0.215 0.000 0.327 0.215 0.002 0.009 m5
#cylinder: 0.419 0.190 0.000 0.419 0.190 0.002 0.007 m17
#cylinder: 0.303 0.196 0.000 0.303 0.196 0.002 0.002 m7
#cylinder: 0.188 0.168 0.000 0.188 0.168 0.002 0.006 m16
#cylinder: 0.971 0.161 0.000 0.971 0.161 0.002 0.009 m1
#cylinder: 0.041 0.213 0.000 0.041 0.213 0.002 0.007 m12
#cylinder: 0.979 0.138 0.000 0.979 0.138 0.002 0.007 m3
#cylinder: 0.286 0.153 0.000 0.286 0.153 0.002 0.009 m19
#cylinder: 0.911 0.136 0.000 0.911 0.136 0.002 0.002 m16
#cylinder: 0.177 0.126 0.000 0.177 0.126 0.002 0.008 m12
#cylinder: 0.528 0.169 0.000 0.528 0.169 0.002 0.006 m6
#cylinder: 0.753 0.113 0.000 0.753 0.113 0.002 0.003 m20
#cylinder: 0.498 0.144 0.000 0.498 0.144 0.002 0.007 m17
#cylinder: 0.901 0.177 0.000 0.901 0.177 0.002 0.006 m17
#cylinder: 0.211 0.161 0.000 0.211 0.161 0.002 0.004 m11
#cylinder: 0.418 0.171 0.000 0.418 0.171 0.002 0.008 m3
#cylinder: 0.561 0.140 0.000 0.561 0.140 0.002 0.004 m14
#cylinder: 1.081 0.193 0.000 1.081 0.193 0.002 0.003 m17
#cylinder: 0.892 0.214 0.000 0.892 0.214 0.002 0.004 m12
#cylinder: 0.842 0.130 0.000 0.842 0.130 0.002 0.002 m16
#cylinder: 0.645 0.106 0.000 0.645 0.106 0.002 0.009 m8
#cylinder: 0.947 0.117 0.000 0.947 0.117 0.002 0.006 m15
#cylinder: 0.741 0.214 0.000 0.741 0.214 0.002 0.009 m11
#cylinder: 0.474 0.219 0.000 0.474 0.219 0.002 0.003 m18
#cylinder: 0.779 0.173 0.000 0.779 0.173 0.002 0.004 m17
#cylinder: 0.706 0.134 0.000 0.706 0.134 0.002 0.007 m9
#cylinder: 0.777 0.127 0.000 0.777 0.127 0.002 0.005 m13
#cylinder: 0.568 0.218 0.000 0.568 0.218 0.002 0.003 m5
#cylinder: 0.190 0.125 0.000 0.190 0.125 0.002 0.007 m12
#cylinder: 0.344 0.177 0.000 0.344 0.177 0.002 0.008 m17
#cylinder: 0.757 0.171 0.000 0.757 0.171 0.002 0.007 m3
#cylinder: 0.640 0.194 0.000 0.640 0.194 0.002 0.002 m18
#cylinder: 0.932 0.117 0.000 0.932 0.117 0.002 0.009 m16
#cylinder: 0.566 0.198 0.000 0.566 0.198 0.002 0.007 m9
#cylinder: 0.420 0.120 0.000 0.420 0.120 0.002 0.003 m15
#cylinder: 0.842 0.207 0.000 0.842 0.207 0.002 0.003 m6
#cylinder: 0.641 0.133 0.000 0.641 0.133 0.002 0.007 m9
#cylinder: 0.855 0.205 0.000 0.855 0.205 0.002 0.002 m2
#cylinder: 0.699 0.145 0.000 0.699 0.145 0.002 0.004 m14
#cylinder: 0.212 0.128 0.000 0.212 0.128 0.002 0.003 m5
#cylinder: 0.138 0.122 0.000 0.138 0.122 0.002 0.002 m19
#cylinder: 0.238 0.192 0.000 0.238 0.192 0.002 0.009 m5
#cylinder: 0.209 0.146 0.000 0.209 0.146 0.002 0.005 m12
#cylinder: 0.711 0.153 0.000 0.711 0.153 0.002 0.002 m2
#cylinder: 0.845 0.190 0.000 0.845 0.190 0.002 0.006 m3
#cylinder: 0.620 0.202 0.000 0.620 0.202 0.002 0.007 m1
#cylinder: 0.120 0.125 0.000 0.120 0.125 0.002 0.008 m10
#cylinder: 0.934 0.184 0.000 0.934 0.184 0.002 0.007 m3
#cylinder: 0.979 0.160 0.000 0.979 0.160 0.002 0.009 m1
#cylinder: 0.543 0.132 0.000 0.543 0.132 0.002 0.009 m2
#cylinder: 0.188 0.103 0.000 0.188 0.103 0.002 0.005 m13
#cylinder: 0.651 0.164 0.000 0.651 0.164 0.002 0.005 m11
#cylinder: 1.038 0.108 0.000 1.038 0.108 0.002 0.007 m14
#cylinder: 0.479 0.182 0.000 0.479 0.182 0.002 0.004 m17
#cylinder: 0.129 0.170 0.000 0.129 0.170 0.002 0.005 m10
#cylinder: 0.981 0.101 0.000 0.981 0.101 0.002 0.003 m1
#cylinder: 0.973 0.167 0.000 0.973 0.167 0.002 0.007 m3
#cylinder: 0.920 0.128 0.000 0.920 0.128 0.002 0.003 m6
#cylinder: 0.916 0.146 0.000 0.916 0.146 0.002 0.009 m7
#cylinder: 0.207 0.120 0.000 0.207 0.120 0.002 0.009 m6
#cylinder: 0.911 0.135 0.000 0.911 0.135 0.002 0.007 m12
#cylinder: 0.931 0.100 0.000 0.931 0.100 0.002 0.007 m3
#cylinder: 0.006 0.213 0.000 0.006 0.213 0.002 0.008 m12
#cylinder: 0.159 0.194 0.000 0.159 0.194 0.002 0.004 m7
#cylinder: 1.026 0.183 0.000 1.026 0.183 0.002 0.005 m15
#cylinder: 0.051 0.147 0.000 0.051 0.147 0.002 0.002 m12
#cylinder: 0.122 0.167 0.000 0.122 0.167 0.002 0.006 m16
#cylinder: 0.401 0.215 0.000 0.401 0.215 0.002 0.007 m1
#cylinder: 1.014 0.178 0.000 1.014 0.178 0.002 0.003 m9
#cylinder: 0.330 0.128 0.000 0.330 0.128 0.002 0.005 m7
#cylinder: 0.197 0.215 0.000 0.197 0.215 0.002 0.007 m20
#cylinder: 0.649 0.102 0.000 0.649 0.102 0.002 0.010 m14
#cylinder: 0.150 0.123 0.000 0.150 0.123 0.002 0.003 m7
#cylinder: 0.248 0.142 0.000 0.248 0.142 0.002 0.006 m18
#cylinder: 0.652 0.145 0.000 0.652 0.145 0.002 0.007 m9
#cylinder: 0.028 0.159 0.000 0.028 0.159 0.002 0.004 m14
#cylinder: 1.091 0.136 0.000 1.091 0.136 0.002 0.006 m5
#cylinder: 0.215 0.201 0.000 0.215 0.201 0.002 0.004 m6
#cylinder: 0.777 0.180 0.000 0.777 0.180 0.002 0.005 m1
#cylinder: 1.017 0.175 0.000 1.017 0.175 0.002 0.009 m8
#cylinder: 0.755 0.153 0.000 0.755 0.153 0.002 0.009 m2
#cylinder: 0.362 0.111 0.000 0.362 0.111 0.002 0.007 m13
#cylinder: 0.694 0.218 0.000 0.694 0.218 0.002 0.003 m19
#cylinder: 0.835 0.108 0.000 0.835 0.108 0.002 0.008 m4
#cylinder: 0.904 0.148 0.000 0.904 0.148 0.002 0.007 m7
#cylinder: 0.620 0.163 0.000 0.620 0.163 0.002 0.002 m14
#cylinder: 0.168 0.191 0.000 0.168 0.191 0.002 0.004 m20
#cylinder: 0.591 0.145 0.000 0.591 0.145 0.002 0.008 m14
#cylinder: 0.478 0.209 0.000 0.478 0.209 0.002 0.003 m17
#cylinder: 1.096 0.115 0.000 1.096 0.115 0.002 0.005 m5
#cylinder: 0.602 0.160 0.000 0.602 0.160 0.002 0.005 m1
#cylinder: 0.066 0.163 0.000 0.066 0.163 0.002 0.004 m12
#cylinder: 0.804 0.159 0.000 0.804 0.159 0.002 0.009 m6
#cylinder: 0.774 0.161 0.000 0.774 0.161 0.002 0.002 m7
#cylinder: 1.091 0.134 0.000 1.091 0.134 0.002 0.007 m3
#cylinder: 0.179 0.111 0.000 0.179 0.111 0.002 0.010 m14
#cylinder: 0.187 0.176 0.000 0.187 0.176 0.002 0.004 m9
#cylinder: 0.576 0.121 0.000 0.576 0.121 0.002 0.004 m5
#cylinder: 0.705 0.129 0.000 0.705 0.129 0.002 0.007 m3
#cylinder: 0.059 0.166 0.000 0.059 0.166 0.002 0.007 m3
#cylinder: 0.216 0.140 0.000 0.216 0.140 0.002 0.003 m3
#cylinder: 0.742 0.121 0.000 0.742 0.121 0.002 0.003 m2
#cylinder: 0.958 0.145 0.000 0.958 0.145 0.002 0.004 m18
#cylinder: 0.629 0.153 0.000 0.629 0.153 0.002 0.008 m2
#cylinder: 0.768 0.158 0.000 0.768 0.158 0.002 0.009 m10
#cylinder: 1.032 0.167 0.000 1.032 0.167 0.002 0.004 m16
