testingplz 
#domain: 1.200 0.300 0.002 
#dx_dy_dz: 0.002 0.002 0.002 
#time_window: 5.000000e-09 

#excitation_file: mala_source_modified.txt 
#hertzian_dipole: z 0.080 0.250 0 mala_source 
#rx: 0.120 0.250 0.000 
#src_steps: 0.002 0.000 0.000 
#rx_steps: 0.002 0.000 0.000 

#material: 5.000 0.220 1.000 0.000 concrete
#material: 1.000 0.000 1.000 0.000 air
#material: 80.000 0.500 1.000 0.000 water

#material: 1.000 0.000 1.000 0.000 m1
#material: 2.000 0.000 1.000 0.000 m2
#material: 3.000 0.000 1.000 0.000 m3
#material: 4.000 0.000 1.000 0.000 m4
#material: 5.000 0.000 1.000 0.000 m5
#material: 6.000 0.000 1.000 0.000 m6
#material: 7.000 0.000 1.000 0.000 m7
#material: 8.000 0.000 1.000 0.000 m8
#material: 9.000 0.000 1.000 0.000 m9
#material: 10.000 0.000 1.000 0.000 m10
#material: 11.000 0.000 1.000 0.000 m11
#material: 12.000 0.000 1.000 0.000 m12
#material: 13.000 0.000 1.000 0.000 m13
#material: 14.000 0.000 1.000 0.000 m14
#material: 15.000 0.000 1.000 0.000 m15
#material: 16.000 0.000 1.000 0.000 m16
#material: 17.000 0.000 1.000 0.000 m17
#material: 18.000 0.000 1.000 0.000 m18
#material: 19.000 0.000 1.000 0.000 m19
#material: 20.000 0.000 1.000 0.000 m20

#box: 0.000 0.000 0.000 1.200 0.250 0.002 concrete

#box: 0.817 0.123 0.000 0.841 0.153 0.002 m1
#box: 0.003 0.140 0.000 0.036 0.180 0.002 m5
#box: 0.797 0.114 0.000 0.815 0.164 0.002 m14
#box: 0.870 0.205 0.000 0.885 0.231 0.002 m17
#box: 1.043 0.207 0.000 1.076 0.240 0.002 m17
#box: 0.057 0.186 0.000 0.095 0.233 0.002 m11
#box: 0.461 0.132 0.000 0.477 0.155 0.002 m10
#box: 0.520 0.214 0.000 0.554 0.239 0.002 m4
#box: 0.782 0.103 0.000 0.787 0.150 0.002 m10
#box: 0.602 0.190 0.000 0.609 0.215 0.002 m14
#box: 0.803 0.133 0.000 0.817 0.183 0.002 m3
#box: 0.526 0.183 0.000 0.535 0.226 0.002 m11
#box: 0.352 0.144 0.000 0.360 0.194 0.002 m4
#box: 0.146 0.109 0.000 0.160 0.152 0.002 m12
#box: 1.056 0.172 0.000 1.082 0.194 0.002 m6
#box: 0.879 0.151 0.000 0.910 0.190 0.002 m7
#box: 0.282 0.215 0.000 0.299 0.237 0.002 m13
#box: 0.822 0.200 0.000 0.846 0.220 0.002 m7
#box: 0.130 0.128 0.000 0.141 0.169 0.002 m2
#box: 0.192 0.199 0.000 0.207 0.245 0.002 m14
#box: 0.524 0.164 0.000 0.553 0.203 0.002 m4
#box: 1.042 0.189 0.000 1.066 0.225 0.002 m9
#box: 1.096 0.221 0.000 1.127 0.248 0.002 m5
#box: 0.736 0.188 0.000 0.767 0.224 0.002 m7
#box: 0.287 0.126 0.000 0.307 0.157 0.002 m3
#box: 0.390 0.132 0.000 0.429 0.173 0.002 m7
#box: 0.926 0.199 0.000 0.966 0.248 0.002 m6
#box: 0.634 0.184 0.000 0.667 0.210 0.002 m15
#box: 0.665 0.162 0.000 0.669 0.194 0.002 m18
#box: 0.838 0.196 0.000 0.849 0.219 0.002 m9
#box: 0.283 0.166 0.000 0.309 0.203 0.002 m6
#box: 0.130 0.202 0.000 0.135 0.226 0.002 m9
#box: 0.505 0.174 0.000 0.529 0.215 0.002 m16
#box: 0.102 0.191 0.000 0.128 0.216 0.002 m18
#box: 0.645 0.178 0.000 0.669 0.227 0.002 m2
#box: 0.821 0.151 0.000 0.847 0.184 0.002 m20
#box: 0.082 0.176 0.000 0.109 0.206 0.002 m7
#box: 0.606 0.127 0.000 0.625 0.169 0.002 m7
#box: 0.178 0.187 0.000 0.216 0.211 0.002 m8
#box: 0.818 0.162 0.000 0.858 0.184 0.002 m3
#box: 0.896 0.116 0.000 0.900 0.153 0.002 m20
#box: 0.531 0.184 0.000 0.561 0.231 0.002 m5
#box: 0.016 0.149 0.000 0.047 0.195 0.002 m2
#box: 0.514 0.188 0.000 0.535 0.225 0.002 m15
#box: 0.870 0.175 0.000 0.899 0.208 0.002 m17
#box: 0.704 0.161 0.000 0.721 0.211 0.002 m2
#box: 0.554 0.173 0.000 0.558 0.207 0.002 m5
#box: 0.272 0.166 0.000 0.284 0.199 0.002 m18
#box: 0.449 0.148 0.000 0.481 0.180 0.002 m11
#box: 0.964 0.149 0.000 0.980 0.169 0.002 m8
#box: 0.454 0.206 0.000 0.478 0.248 0.002 m5
#box: 0.571 0.129 0.000 0.591 0.175 0.002 m10
#box: 0.406 0.137 0.000 0.422 0.177 0.002 m15
#box: 0.859 0.144 0.000 0.889 0.176 0.002 m6
#box: 0.095 0.145 0.000 0.124 0.177 0.002 m15
#box: 0.885 0.170 0.000 0.907 0.201 0.002 m6
#box: 0.777 0.112 0.000 0.783 0.150 0.002 m9
#box: 0.155 0.154 0.000 0.171 0.177 0.002 m6
#box: 0.487 0.201 0.000 0.500 0.225 0.002 m10
#box: 0.183 0.201 0.000 0.203 0.238 0.002 m10
#box: 0.380 0.208 0.000 0.409 0.237 0.002 m17
#box: 1.048 0.112 0.000 1.067 0.159 0.002 m6
#box: 0.116 0.169 0.000 0.124 0.199 0.002 m5
#box: 0.214 0.183 0.000 0.220 0.219 0.002 m14
#box: 0.395 0.166 0.000 0.435 0.190 0.002 m15
#box: 1.050 0.172 0.000 1.059 0.210 0.002 m11
#box: 0.431 0.158 0.000 0.435 0.189 0.002 m1
#box: 0.679 0.145 0.000 0.716 0.190 0.002 m15
#box: 1.071 0.153 0.000 1.085 0.186 0.002 m14
#box: 0.830 0.180 0.000 0.850 0.221 0.002 m5
#box: 0.184 0.186 0.000 0.190 0.226 0.002 m13
#box: 0.503 0.200 0.000 0.529 0.241 0.002 m6
#box: 0.693 0.189 0.000 0.715 0.211 0.002 m3
#box: 0.288 0.196 0.000 0.315 0.228 0.002 m12
#box: 0.872 0.121 0.000 0.912 0.154 0.002 m8
#box: 0.433 0.187 0.000 0.448 0.227 0.002 m8
#box: 0.860 0.128 0.000 0.889 0.158 0.002 m10
#box: 0.441 0.155 0.000 0.474 0.180 0.002 m2
#box: 0.865 0.188 0.000 0.903 0.224 0.002 m1
#box: 0.961 0.220 0.000 0.997 0.242 0.002 m9
#box: 0.495 0.172 0.000 0.511 0.215 0.002 m19
#box: 1.029 0.185 0.000 1.063 0.230 0.002 m6
#box: 0.889 0.143 0.000 0.916 0.169 0.002 m5
#box: 0.624 0.210 0.000 0.642 0.234 0.002 m18
#box: 0.467 0.186 0.000 0.506 0.207 0.002 m5
#box: 0.334 0.125 0.000 0.360 0.157 0.002 m11
#box: 0.736 0.139 0.000 0.741 0.187 0.002 m5
#box: 0.290 0.194 0.000 0.328 0.222 0.002 m7
#box: 0.316 0.138 0.000 0.354 0.173 0.002 m13
#box: 0.085 0.123 0.000 0.101 0.173 0.002 m3
#box: 0.089 0.157 0.000 0.096 0.199 0.002 m18
#box: 0.622 0.144 0.000 0.652 0.176 0.002 m8
#box: 0.552 0.165 0.000 0.567 0.195 0.002 m6
#box: 0.115 0.171 0.000 0.143 0.216 0.002 m1
#box: 0.659 0.165 0.000 0.699 0.213 0.002 m5
#box: 0.317 0.188 0.000 0.321 0.212 0.002 m14
#box: 0.580 0.168 0.000 0.607 0.190 0.002 m19
#box: 0.540 0.112 0.000 0.564 0.159 0.002 m1
#box: 0.412 0.165 0.000 0.443 0.197 0.002 m1
#box: 0.890 0.200 0.000 0.907 0.246 0.002 m16
#box: 0.122 0.163 0.000 0.159 0.205 0.002 m3
#box: 1.090 0.189 0.000 1.102 0.210 0.002 m16
#box: 0.463 0.145 0.000 0.489 0.192 0.002 m4
#box: 0.857 0.198 0.000 0.890 0.220 0.002 m6
#box: 1.033 0.200 0.000 1.043 0.247 0.002 m19
#box: 0.523 0.218 0.000 0.551 0.241 0.002 m13
#box: 0.671 0.169 0.000 0.693 0.193 0.002 m15
#box: 0.828 0.152 0.000 0.846 0.198 0.002 m2
#box: 0.927 0.186 0.000 0.965 0.211 0.002 m2
#box: 0.060 0.115 0.000 0.079 0.160 0.002 m8
#box: 0.926 0.221 0.000 0.950 0.249 0.002 m8
#box: 0.664 0.130 0.000 0.699 0.170 0.002 m7
#box: 0.126 0.153 0.000 0.149 0.183 0.002 m6
#box: 1.016 0.167 0.000 1.036 0.196 0.002 m6
#box: 0.601 0.140 0.000 0.618 0.189 0.002 m16
#box: 0.284 0.172 0.000 0.312 0.213 0.002 m2
#box: 0.244 0.149 0.000 0.273 0.188 0.002 m12
#box: 0.434 0.130 0.000 0.442 0.155 0.002 m15
#box: 1.011 0.109 0.000 1.030 0.158 0.002 m1
#box: 0.830 0.209 0.000 0.841 0.230 0.002 m12
#box: 0.291 0.203 0.000 0.307 0.237 0.002 m16
#box: 0.755 0.153 0.000 0.770 0.198 0.002 m12
#box: 1.052 0.121 0.000 1.092 0.168 0.002 m6
#box: 0.040 0.225 0.000 0.067 0.249 0.002 m6
#box: 0.044 0.216 0.000 0.074 0.241 0.002 m7
#box: 0.867 0.137 0.000 0.871 0.169 0.002 m6
#box: 1.029 0.226 0.000 1.050 0.250 0.002 m9
#box: 0.815 0.170 0.000 0.838 0.213 0.002 m17
#box: 0.276 0.193 0.000 0.299 0.237 0.002 m12
#box: 0.139 0.217 0.000 0.154 0.243 0.002 m16
#box: 1.100 0.139 0.000 1.124 0.188 0.002 m8
#box: 0.780 0.134 0.000 0.797 0.169 0.002 m9
#box: 0.906 0.132 0.000 0.936 0.169 0.002 m8
#box: 0.026 0.135 0.000 0.057 0.168 0.002 m12
#box: 0.690 0.201 0.000 0.728 0.228 0.002 m2
#box: 0.514 0.133 0.000 0.523 0.180 0.002 m20
#box: 0.818 0.198 0.000 0.851 0.221 0.002 m2
#box: 0.311 0.140 0.000 0.334 0.187 0.002 m10
#box: 0.362 0.122 0.000 0.385 0.158 0.002 m6
#box: 0.560 0.214 0.000 0.593 0.246 0.002 m2
#box: 0.551 0.164 0.000 0.581 0.191 0.002 m7
#box: 1.099 0.137 0.000 1.110 0.186 0.002 m1
#box: 0.190 0.197 0.000 0.204 0.236 0.002 m4
#box: 0.244 0.123 0.000 0.249 0.159 0.002 m8
#box: 0.967 0.163 0.000 0.979 0.186 0.002 m18
#box: 0.929 0.159 0.000 0.937 0.182 0.002 m7
#box: 0.998 0.142 0.000 1.015 0.191 0.002 m17
#box: 0.105 0.153 0.000 0.120 0.183 0.002 m18
#box: 0.006 0.131 0.000 0.022 0.176 0.002 m6
#box: 0.195 0.130 0.000 0.207 0.179 0.002 m4
#box: 0.287 0.186 0.000 0.326 0.231 0.002 m13
#box: 0.090 0.220 0.000 0.100 0.241 0.002 m20
#box: 0.475 0.132 0.000 0.482 0.159 0.002 m12
#box: 0.353 0.128 0.000 0.358 0.173 0.002 m10
#box: 0.400 0.204 0.000 0.432 0.250 0.002 m16
#box: 0.791 0.143 0.000 0.803 0.180 0.002 m3
#box: 0.094 0.124 0.000 0.114 0.158 0.002 m5
#box: 0.217 0.127 0.000 0.230 0.174 0.002 m6
#box: 0.626 0.202 0.000 0.647 0.244 0.002 m3
#box: 0.955 0.123 0.000 0.990 0.166 0.002 m12
#box: 0.180 0.108 0.000 0.187 0.151 0.002 m12
#box: 0.349 0.152 0.000 0.367 0.175 0.002 m11
#box: 1.097 0.149 0.000 1.103 0.170 0.002 m15
#box: 0.458 0.153 0.000 0.479 0.191 0.002 m18
#box: 0.454 0.171 0.000 0.482 0.221 0.002 m12
#box: 0.716 0.215 0.000 0.733 0.238 0.002 m12
#box: 0.176 0.126 0.000 0.208 0.161 0.002 m18
#box: 0.456 0.221 0.000 0.495 0.250 0.002 m6
#box: 0.996 0.107 0.000 1.005 0.150 0.002 m6
#box: 0.606 0.164 0.000 0.613 0.187 0.002 m12
#box: 0.170 0.126 0.000 0.205 0.172 0.002 m8
#box: 0.615 0.135 0.000 0.637 0.164 0.002 m11
#box: 0.411 0.183 0.000 0.442 0.216 0.002 m16
#box: 0.090 0.173 0.000 0.124 0.219 0.002 m17
#box: 0.773 0.121 0.000 0.795 0.155 0.002 m10
#box: 0.795 0.122 0.000 0.802 0.154 0.002 m17
#box: 0.851 0.198 0.000 0.874 0.228 0.002 m11
#box: 1.006 0.214 0.000 1.027 0.236 0.002 m2
#box: 0.755 0.183 0.000 0.773 0.210 0.002 m9
#box: 0.837 0.170 0.000 0.843 0.210 0.002 m16
#box: 0.738 0.138 0.000 0.751 0.170 0.002 m7
#box: 0.659 0.187 0.000 0.679 0.223 0.002 m13
#box: 1.089 0.143 0.000 1.098 0.188 0.002 m2
#box: 0.103 0.181 0.000 0.109 0.203 0.002 m5
#box: 0.553 0.138 0.000 0.576 0.161 0.002 m14
#box: 0.297 0.132 0.000 0.328 0.181 0.002 m16
#box: 0.524 0.179 0.000 0.554 0.211 0.002 m3
#box: 0.715 0.152 0.000 0.733 0.192 0.002 m4
#box: 0.460 0.202 0.000 0.465 0.240 0.002 m1
#box: 0.015 0.146 0.000 0.051 0.189 0.002 m5
#box: 0.866 0.185 0.000 0.902 0.211 0.002 m6
#box: 0.340 0.146 0.000 0.358 0.182 0.002 m11
#box: 0.029 0.147 0.000 0.058 0.196 0.002 m8
#box: 0.518 0.123 0.000 0.534 0.167 0.002 m19
#box: 0.266 0.121 0.000 0.291 0.151 0.002 m20
#box: 0.215 0.171 0.000 0.243 0.202 0.002 m20
#box: 0.841 0.155 0.000 0.867 0.183 0.002 m9
#box: 0.883 0.163 0.000 0.896 0.194 0.002 m5
#box: 0.269 0.177 0.000 0.280 0.206 0.002 m17
#box: 0.717 0.211 0.000 0.726 0.248 0.002 m5
