testingplz 
#domain: 1.200 0.300 0.002 
#dx_dy_dz: 0.002 0.002 0.002 
#time_window: 5.000000e-09 

#excitation_file: mala_source_modified.txt 
#hertzian_dipole: z 0.080 0.250 0 mala_source 
#rx: 0.120 0.250 0.000 
#src_steps: 0.002 0.000 0.000 
#rx_steps: 0.002 0.000 0.000 

#material: 5.000 0.220 1.000 0.000 concrete
#material: 1.000 0.000 1.000 0.000 air
#material: 80.000 0.500 1.000 0.000 water

#material: 1.000 0.000 1.000 0.000 m1
#material: 2.000 0.000 1.000 0.000 m2
#material: 3.000 0.000 1.000 0.000 m3
#material: 4.000 0.000 1.000 0.000 m4
#material: 5.000 0.000 1.000 0.000 m5
#material: 6.000 0.000 1.000 0.000 m6
#material: 7.000 0.000 1.000 0.000 m7
#material: 8.000 0.000 1.000 0.000 m8
#material: 9.000 0.000 1.000 0.000 m9
#material: 10.000 0.000 1.000 0.000 m10
#material: 11.000 0.000 1.000 0.000 m11
#material: 12.000 0.000 1.000 0.000 m12
#material: 13.000 0.000 1.000 0.000 m13
#material: 14.000 0.000 1.000 0.000 m14
#material: 15.000 0.000 1.000 0.000 m15
#material: 16.000 0.000 1.000 0.000 m16
#material: 17.000 0.000 1.000 0.000 m17
#material: 18.000 0.000 1.000 0.000 m18
#material: 19.000 0.000 1.000 0.000 m19
#material: 20.000 0.000 1.000 0.000 m20

#box: 0.000 0.000 0.000 1.200 0.250 0.002 concrete

#box: 0.206 0.201 0.000 0.221 0.228 0.002 m9
#box: 0.010 0.136 0.000 0.015 0.156 0.002 m18
#box: 0.562 0.184 0.000 0.583 0.227 0.002 m7
#box: 0.744 0.204 0.000 0.761 0.229 0.002 m14
#box: 1.063 0.150 0.000 1.092 0.196 0.002 m7
#box: 0.386 0.192 0.000 0.425 0.215 0.002 m1
#box: 0.485 0.178 0.000 0.497 0.225 0.002 m8
#box: 0.084 0.119 0.000 0.093 0.151 0.002 m15
#box: 0.754 0.170 0.000 0.775 0.204 0.002 m2
#box: 1.001 0.195 0.000 1.030 0.216 0.002 m9
#box: 1.060 0.148 0.000 1.081 0.186 0.002 m19
#box: 0.710 0.199 0.000 0.717 0.233 0.002 m20
#box: 0.546 0.184 0.000 0.551 0.224 0.002 m15
#box: 0.876 0.214 0.000 0.911 0.235 0.002 m7
#box: 0.060 0.131 0.000 0.097 0.173 0.002 m19
#box: 0.923 0.127 0.000 0.933 0.177 0.002 m9
#box: 1.100 0.200 0.000 1.122 0.242 0.002 m16
#box: 0.487 0.106 0.000 0.510 0.155 0.002 m12
#box: 0.021 0.139 0.000 0.052 0.171 0.002 m7
#box: 0.311 0.203 0.000 0.348 0.243 0.002 m15
#box: 0.426 0.115 0.000 0.465 0.158 0.002 m7
#box: 1.046 0.150 0.000 1.079 0.192 0.002 m18
#box: 0.908 0.207 0.000 0.926 0.238 0.002 m9
#box: 0.572 0.150 0.000 0.607 0.197 0.002 m17
#box: 0.335 0.124 0.000 0.375 0.152 0.002 m2
#box: 0.550 0.200 0.000 0.571 0.246 0.002 m2
#box: 0.497 0.226 0.000 0.512 0.247 0.002 m7
#box: 0.147 0.176 0.000 0.187 0.196 0.002 m19
#box: 0.184 0.193 0.000 0.199 0.235 0.002 m14
#box: 0.769 0.190 0.000 0.785 0.222 0.002 m15
#box: 0.355 0.195 0.000 0.375 0.233 0.002 m9
#box: 0.591 0.134 0.000 0.630 0.165 0.002 m10
#box: 0.267 0.130 0.000 0.298 0.172 0.002 m18
#box: 0.413 0.178 0.000 0.447 0.215 0.002 m15
#box: 1.007 0.204 0.000 1.017 0.232 0.002 m12
#box: 0.452 0.178 0.000 0.470 0.221 0.002 m9
#box: 0.990 0.151 0.000 0.994 0.171 0.002 m5
#box: 0.366 0.192 0.000 0.384 0.228 0.002 m13
#box: 0.226 0.138 0.000 0.248 0.174 0.002 m16
#box: 0.884 0.193 0.000 0.890 0.220 0.002 m11
#box: 0.917 0.171 0.000 0.925 0.204 0.002 m10
#box: 0.363 0.208 0.000 0.367 0.243 0.002 m17
#box: 0.840 0.190 0.000 0.857 0.216 0.002 m7
#box: 0.095 0.169 0.000 0.107 0.206 0.002 m4
#box: 0.254 0.214 0.000 0.259 0.241 0.002 m5
#box: 0.410 0.183 0.000 0.445 0.224 0.002 m3
#box: 0.046 0.144 0.000 0.064 0.184 0.002 m9
#box: 0.671 0.206 0.000 0.689 0.247 0.002 m18
#box: 0.494 0.139 0.000 0.531 0.182 0.002 m14
#box: 0.375 0.193 0.000 0.380 0.213 0.002 m7
#box: 0.320 0.159 0.000 0.360 0.195 0.002 m17
#box: 0.598 0.170 0.000 0.610 0.220 0.002 m1
#box: 0.972 0.178 0.000 0.990 0.213 0.002 m18
#box: 1.045 0.149 0.000 1.074 0.192 0.002 m17
#box: 0.793 0.207 0.000 0.819 0.233 0.002 m5
#box: 0.738 0.159 0.000 0.767 0.179 0.002 m5
#box: 0.086 0.140 0.000 0.106 0.160 0.002 m2
#box: 0.027 0.119 0.000 0.064 0.169 0.002 m8
#box: 0.234 0.145 0.000 0.257 0.182 0.002 m19
#box: 1.037 0.202 0.000 1.067 0.229 0.002 m20
#box: 0.990 0.182 0.000 0.994 0.207 0.002 m18
#box: 0.592 0.168 0.000 0.606 0.204 0.002 m6
#box: 0.971 0.199 0.000 0.989 0.238 0.002 m20
#box: 0.670 0.115 0.000 0.680 0.153 0.002 m16
#box: 0.858 0.154 0.000 0.886 0.204 0.002 m15
#box: 1.051 0.133 0.000 1.061 0.173 0.002 m9
#box: 0.124 0.158 0.000 0.132 0.195 0.002 m18
#box: 0.528 0.192 0.000 0.549 0.229 0.002 m9
#box: 0.541 0.148 0.000 0.553 0.196 0.002 m3
#box: 0.317 0.137 0.000 0.348 0.182 0.002 m8
#box: 0.168 0.202 0.000 0.206 0.236 0.002 m18
#box: 0.018 0.146 0.000 0.033 0.195 0.002 m19
#box: 0.233 0.164 0.000 0.239 0.186 0.002 m18
#box: 1.086 0.138 0.000 1.094 0.183 0.002 m16
#box: 0.924 0.164 0.000 0.940 0.212 0.002 m9
#box: 0.928 0.116 0.000 0.934 0.160 0.002 m8
#box: 1.046 0.146 0.000 1.077 0.194 0.002 m4
#box: 0.416 0.193 0.000 0.455 0.235 0.002 m9
#box: 0.261 0.191 0.000 0.291 0.239 0.002 m9
#box: 0.323 0.186 0.000 0.347 0.216 0.002 m18
#box: 0.287 0.223 0.000 0.291 0.245 0.002 m9
#box: 0.340 0.133 0.000 0.376 0.153 0.002 m1
#box: 0.551 0.158 0.000 0.558 0.204 0.002 m20
#box: 0.245 0.132 0.000 0.280 0.156 0.002 m19
#box: 0.899 0.212 0.000 0.936 0.248 0.002 m12
#box: 0.837 0.107 0.000 0.872 0.156 0.002 m13
#box: 0.276 0.117 0.000 0.312 0.160 0.002 m6
#box: 0.762 0.184 0.000 0.773 0.225 0.002 m20
#box: 0.416 0.128 0.000 0.453 0.158 0.002 m6
#box: 0.639 0.148 0.000 0.660 0.175 0.002 m6
#box: 0.290 0.185 0.000 0.309 0.225 0.002 m4
#box: 0.804 0.158 0.000 0.834 0.185 0.002 m11
#box: 0.131 0.117 0.000 0.171 0.158 0.002 m10
#box: 0.555 0.129 0.000 0.576 0.152 0.002 m20
#box: 0.289 0.186 0.000 0.296 0.225 0.002 m9
#box: 0.456 0.169 0.000 0.488 0.202 0.002 m3
#box: 0.371 0.121 0.000 0.378 0.164 0.002 m9
#box: 0.227 0.210 0.000 0.267 0.234 0.002 m4
#box: 0.183 0.144 0.000 0.211 0.187 0.002 m6
#box: 0.667 0.166 0.000 0.691 0.214 0.002 m15
#box: 0.898 0.188 0.000 0.917 0.214 0.002 m11
#box: 0.368 0.146 0.000 0.381 0.171 0.002 m4
#box: 0.569 0.166 0.000 0.589 0.199 0.002 m10
#box: 0.211 0.189 0.000 0.218 0.229 0.002 m17
#box: 0.806 0.126 0.000 0.821 0.160 0.002 m1
#box: 1.056 0.209 0.000 1.080 0.229 0.002 m18
#box: 0.350 0.123 0.000 0.376 0.163 0.002 m1
#box: 0.502 0.109 0.000 0.520 0.159 0.002 m4
#box: 0.321 0.143 0.000 0.347 0.187 0.002 m9
#box: 0.621 0.151 0.000 0.625 0.187 0.002 m18
#box: 0.574 0.148 0.000 0.607 0.184 0.002 m4
#box: 0.547 0.157 0.000 0.564 0.186 0.002 m20
#box: 0.131 0.169 0.000 0.143 0.209 0.002 m12
#box: 0.755 0.146 0.000 0.777 0.170 0.002 m5
#box: 0.121 0.139 0.000 0.130 0.178 0.002 m16
#box: 0.284 0.195 0.000 0.296 0.228 0.002 m4
#box: 0.485 0.190 0.000 0.495 0.240 0.002 m6
#box: 0.437 0.145 0.000 0.472 0.186 0.002 m17
#box: 0.146 0.138 0.000 0.169 0.167 0.002 m18
#box: 1.028 0.208 0.000 1.057 0.231 0.002 m5
#box: 0.794 0.134 0.000 0.827 0.163 0.002 m3
#box: 0.071 0.212 0.000 0.086 0.244 0.002 m12
#box: 1.083 0.213 0.000 1.105 0.239 0.002 m6
#box: 0.690 0.112 0.000 0.728 0.152 0.002 m16
#box: 0.732 0.115 0.000 0.754 0.152 0.002 m18
#box: 0.995 0.135 0.000 1.033 0.182 0.002 m19
#box: 0.744 0.102 0.000 0.772 0.150 0.002 m17
#box: 0.362 0.134 0.000 0.388 0.177 0.002 m14
#box: 0.793 0.205 0.000 0.808 0.242 0.002 m3
#box: 0.578 0.221 0.000 0.600 0.247 0.002 m7
#box: 0.717 0.110 0.000 0.755 0.155 0.002 m8
#box: 0.720 0.156 0.000 0.759 0.205 0.002 m7
#box: 0.831 0.174 0.000 0.857 0.196 0.002 m16
#box: 0.292 0.145 0.000 0.315 0.170 0.002 m10
#box: 0.714 0.167 0.000 0.719 0.212 0.002 m16
#box: 0.483 0.123 0.000 0.511 0.167 0.002 m17
#box: 0.433 0.170 0.000 0.444 0.202 0.002 m20
#box: 0.992 0.180 0.000 1.005 0.204 0.002 m4
#box: 0.144 0.118 0.000 0.165 0.162 0.002 m12
#box: 0.504 0.112 0.000 0.535 0.155 0.002 m19
#box: 0.587 0.121 0.000 0.604 0.153 0.002 m16
#box: 0.521 0.135 0.000 0.530 0.163 0.002 m4
#box: 0.910 0.142 0.000 0.918 0.169 0.002 m19
#box: 0.184 0.200 0.000 0.188 0.240 0.002 m16
#box: 1.065 0.202 0.000 1.096 0.240 0.002 m12
#box: 0.389 0.182 0.000 0.421 0.202 0.002 m19
#box: 0.840 0.119 0.000 0.863 0.151 0.002 m3
#box: 0.526 0.181 0.000 0.556 0.221 0.002 m14
#box: 0.283 0.179 0.000 0.294 0.208 0.002 m3
#box: 0.239 0.187 0.000 0.269 0.208 0.002 m13
#box: 0.091 0.168 0.000 0.112 0.204 0.002 m19
#box: 0.666 0.114 0.000 0.703 0.150 0.002 m9
#box: 1.020 0.211 0.000 1.052 0.243 0.002 m5
#box: 0.644 0.176 0.000 0.663 0.221 0.002 m14
#box: 0.230 0.149 0.000 0.263 0.170 0.002 m18
#box: 0.429 0.164 0.000 0.452 0.210 0.002 m1
#box: 0.337 0.168 0.000 0.361 0.200 0.002 m5
#box: 0.535 0.195 0.000 0.558 0.233 0.002 m19
#box: 0.071 0.105 0.000 0.094 0.155 0.002 m4
#box: 0.720 0.208 0.000 0.750 0.244 0.002 m8
#box: 0.817 0.189 0.000 0.847 0.226 0.002 m10
#box: 0.452 0.200 0.000 0.459 0.248 0.002 m4
#box: 0.302 0.199 0.000 0.327 0.219 0.002 m20
#box: 0.964 0.149 0.000 0.981 0.180 0.002 m14
#box: 0.874 0.157 0.000 0.911 0.197 0.002 m8
#box: 0.623 0.212 0.000 0.661 0.241 0.002 m12
#box: 0.495 0.194 0.000 0.534 0.224 0.002 m3
#box: 0.055 0.119 0.000 0.086 0.159 0.002 m11
#box: 0.186 0.194 0.000 0.193 0.239 0.002 m5
#box: 0.471 0.136 0.000 0.491 0.157 0.002 m13
#box: 0.115 0.130 0.000 0.123 0.151 0.002 m20
#box: 0.080 0.129 0.000 0.107 0.164 0.002 m7
#box: 0.114 0.174 0.000 0.145 0.202 0.002 m2
#box: 0.753 0.225 0.000 0.768 0.247 0.002 m17
#box: 0.328 0.127 0.000 0.347 0.176 0.002 m19
#box: 0.859 0.167 0.000 0.885 0.204 0.002 m12
#box: 0.356 0.215 0.000 0.365 0.237 0.002 m3
#box: 0.190 0.123 0.000 0.196 0.172 0.002 m20
#box: 0.129 0.160 0.000 0.139 0.186 0.002 m20
#box: 0.892 0.161 0.000 0.915 0.211 0.002 m12
#box: 0.899 0.224 0.000 0.919 0.244 0.002 m12
#box: 0.827 0.132 0.000 0.858 0.172 0.002 m9
#box: 0.665 0.116 0.000 0.702 0.151 0.002 m2
#box: 0.195 0.159 0.000 0.207 0.182 0.002 m11
#box: 0.188 0.159 0.000 0.197 0.179 0.002 m10
#box: 0.369 0.129 0.000 0.408 0.166 0.002 m8
#box: 0.706 0.193 0.000 0.714 0.217 0.002 m1
#box: 0.070 0.197 0.000 0.099 0.233 0.002 m1
#box: 0.775 0.171 0.000 0.784 0.219 0.002 m1
#box: 0.193 0.178 0.000 0.225 0.223 0.002 m19
#box: 0.499 0.144 0.000 0.538 0.193 0.002 m10
#box: 0.355 0.214 0.000 0.376 0.249 0.002 m16
#box: 1.051 0.116 0.000 1.066 0.156 0.002 m9
#box: 0.009 0.208 0.000 0.017 0.249 0.002 m15
#box: 0.309 0.121 0.000 0.333 0.161 0.002 m5
#box: 0.094 0.225 0.000 0.100 0.246 0.002 m10
#box: 0.564 0.186 0.000 0.593 0.227 0.002 m15
#box: 0.970 0.202 0.000 0.998 0.230 0.002 m20
#box: 0.854 0.174 0.000 0.884 0.210 0.002 m12
#box: 0.893 0.162 0.000 0.920 0.182 0.002 m3
