testingplz 
#domain: 1.200 0.300 0.002 
#dx_dy_dz: 0.002 0.002 0.002 
#time_window: 5.000000e-09 

#excitation_file: mala_source_modified.txt 
#hertzian_dipole: z 0.080 0.250 0 mala_source 
#rx: 0.120 0.250 0.000 
#src_steps: 0.002 0.000 0.000 
#rx_steps: 0.002 0.000 0.000 

#material: 5.000 0.220 1.000 0.000 concrete
#material: 1.000 0.000 1.000 0.000 air
#material: 80.000 0.500 1.000 0.000 water

#material: 1.000 0.000 1.000 0.000 m1
#material: 2.000 0.000 1.000 0.000 m2
#material: 3.000 0.000 1.000 0.000 m3
#material: 4.000 0.000 1.000 0.000 m4
#material: 5.000 0.000 1.000 0.000 m5
#material: 6.000 0.000 1.000 0.000 m6
#material: 7.000 0.000 1.000 0.000 m7
#material: 8.000 0.000 1.000 0.000 m8
#material: 9.000 0.000 1.000 0.000 m9
#material: 10.000 0.000 1.000 0.000 m10
#material: 11.000 0.000 1.000 0.000 m11
#material: 12.000 0.000 1.000 0.000 m12
#material: 13.000 0.000 1.000 0.000 m13
#material: 14.000 0.000 1.000 0.000 m14
#material: 15.000 0.000 1.000 0.000 m15
#material: 16.000 0.000 1.000 0.000 m16
#material: 17.000 0.000 1.000 0.000 m17
#material: 18.000 0.000 1.000 0.000 m18
#material: 19.000 0.000 1.000 0.000 m19
#material: 20.000 0.000 1.000 0.000 m20

#box: 0.000 0.000 0.000 1.200 0.250 0.002 concrete

#box: 0.335 0.168 0.000 0.370 0.204 0.002 m5
#box: 0.617 0.129 0.000 0.637 0.174 0.002 m20
#box: 0.699 0.202 0.000 0.729 0.225 0.002 m6
#box: 0.200 0.128 0.000 0.204 0.158 0.002 m9
#box: 0.287 0.214 0.000 0.312 0.236 0.002 m1
#box: 1.043 0.155 0.000 1.069 0.192 0.002 m8
#box: 0.399 0.201 0.000 0.432 0.221 0.002 m15
#box: 0.095 0.164 0.000 0.120 0.201 0.002 m1
#box: 0.719 0.149 0.000 0.742 0.174 0.002 m12
#box: 0.108 0.119 0.000 0.140 0.157 0.002 m19
#box: 0.923 0.145 0.000 0.941 0.173 0.002 m12
#box: 0.209 0.130 0.000 0.216 0.173 0.002 m11
#box: 0.453 0.152 0.000 0.487 0.190 0.002 m4
#box: 0.887 0.123 0.000 0.914 0.157 0.002 m20
#box: 0.418 0.166 0.000 0.428 0.205 0.002 m19
#box: 1.093 0.189 0.000 1.124 0.221 0.002 m20
#box: 0.513 0.118 0.000 0.528 0.153 0.002 m19
#box: 0.068 0.137 0.000 0.090 0.172 0.002 m20
#box: 0.754 0.154 0.000 0.762 0.187 0.002 m2
#box: 0.178 0.122 0.000 0.215 0.170 0.002 m13
#box: 0.846 0.129 0.000 0.866 0.158 0.002 m15
#box: 0.008 0.151 0.000 0.021 0.198 0.002 m12
#box: 0.678 0.209 0.000 0.711 0.243 0.002 m11
#box: 0.260 0.223 0.000 0.274 0.249 0.002 m15
#box: 1.037 0.147 0.000 1.060 0.173 0.002 m17
#box: 0.959 0.125 0.000 0.996 0.163 0.002 m19
#box: 1.002 0.169 0.000 1.016 0.204 0.002 m19
#box: 0.768 0.145 0.000 0.781 0.173 0.002 m10
#box: 0.082 0.137 0.000 0.107 0.166 0.002 m20
#box: 0.346 0.143 0.000 0.386 0.192 0.002 m12
#box: 0.502 0.122 0.000 0.523 0.158 0.002 m15
#box: 0.927 0.120 0.000 0.958 0.153 0.002 m9
#box: 0.043 0.203 0.000 0.069 0.229 0.002 m6
#box: 0.686 0.115 0.000 0.709 0.161 0.002 m11
#box: 0.116 0.133 0.000 0.139 0.165 0.002 m10
#box: 1.070 0.124 0.000 1.080 0.152 0.002 m8
#box: 0.897 0.132 0.000 0.910 0.153 0.002 m2
#box: 0.673 0.129 0.000 0.700 0.162 0.002 m16
#box: 0.876 0.140 0.000 0.911 0.169 0.002 m5
#box: 0.233 0.124 0.000 0.270 0.168 0.002 m16
#box: 1.077 0.181 0.000 1.099 0.223 0.002 m20
#box: 0.887 0.176 0.000 0.894 0.208 0.002 m1
#box: 0.054 0.164 0.000 0.062 0.197 0.002 m8
#box: 0.487 0.168 0.000 0.513 0.211 0.002 m4
#box: 0.229 0.158 0.000 0.268 0.200 0.002 m17
#box: 1.082 0.186 0.000 1.093 0.207 0.002 m16
#box: 0.528 0.123 0.000 0.557 0.162 0.002 m3
#box: 1.007 0.208 0.000 1.019 0.230 0.002 m19
#box: 0.296 0.120 0.000 0.323 0.170 0.002 m9
#box: 0.349 0.173 0.000 0.372 0.193 0.002 m7
#box: 0.386 0.186 0.000 0.423 0.212 0.002 m5
#box: 0.269 0.158 0.000 0.303 0.192 0.002 m20
#box: 1.047 0.197 0.000 1.077 0.233 0.002 m1
#box: 0.113 0.176 0.000 0.138 0.218 0.002 m17
#box: 0.126 0.110 0.000 0.146 0.150 0.002 m3
#box: 0.031 0.210 0.000 0.043 0.248 0.002 m14
#box: 0.267 0.141 0.000 0.304 0.181 0.002 m14
#box: 0.750 0.158 0.000 0.783 0.193 0.002 m5
#box: 0.888 0.178 0.000 0.907 0.212 0.002 m13
#box: 0.170 0.198 0.000 0.202 0.220 0.002 m18
#box: 0.328 0.135 0.000 0.354 0.181 0.002 m4
#box: 1.027 0.201 0.000 1.066 0.244 0.002 m13
#box: 0.417 0.216 0.000 0.441 0.237 0.002 m5
#box: 0.236 0.142 0.000 0.248 0.166 0.002 m1
#box: 1.075 0.210 0.000 1.086 0.231 0.002 m14
#box: 0.344 0.207 0.000 0.363 0.231 0.002 m1
#box: 1.014 0.222 0.000 1.042 0.247 0.002 m15
#box: 0.099 0.137 0.000 0.114 0.163 0.002 m9
#box: 1.004 0.190 0.000 1.027 0.240 0.002 m10
#box: 0.999 0.116 0.000 1.013 0.164 0.002 m15
#box: 0.434 0.176 0.000 0.470 0.199 0.002 m9
#box: 0.043 0.177 0.000 0.059 0.199 0.002 m15
#box: 0.700 0.184 0.000 0.724 0.219 0.002 m3
#box: 0.353 0.147 0.000 0.371 0.171 0.002 m6
#box: 0.645 0.204 0.000 0.651 0.245 0.002 m18
#box: 0.186 0.128 0.000 0.213 0.176 0.002 m12
#box: 0.100 0.175 0.000 0.121 0.225 0.002 m19
#box: 0.593 0.109 0.000 0.622 0.153 0.002 m16
#box: 1.020 0.127 0.000 1.052 0.166 0.002 m12
#box: 0.548 0.190 0.000 0.584 0.210 0.002 m7
#box: 0.607 0.170 0.000 0.644 0.220 0.002 m8
#box: 0.727 0.203 0.000 0.735 0.240 0.002 m7
#box: 0.388 0.213 0.000 0.395 0.233 0.002 m6
#box: 0.877 0.172 0.000 0.886 0.193 0.002 m11
#box: 0.910 0.134 0.000 0.936 0.169 0.002 m19
#box: 0.154 0.133 0.000 0.186 0.181 0.002 m8
#box: 0.287 0.217 0.000 0.313 0.246 0.002 m15
#box: 0.445 0.145 0.000 0.476 0.166 0.002 m9
#box: 0.827 0.165 0.000 0.864 0.191 0.002 m1
#box: 0.928 0.158 0.000 0.966 0.180 0.002 m13
#box: 0.019 0.123 0.000 0.050 0.155 0.002 m11
#box: 0.687 0.135 0.000 0.695 0.158 0.002 m5
#box: 0.117 0.132 0.000 0.135 0.171 0.002 m14
#box: 0.998 0.123 0.000 1.018 0.163 0.002 m8
#box: 0.936 0.136 0.000 0.946 0.184 0.002 m19
#box: 0.810 0.146 0.000 0.835 0.196 0.002 m20
#box: 0.683 0.130 0.000 0.706 0.166 0.002 m7
#box: 0.266 0.178 0.000 0.294 0.202 0.002 m20
#box: 0.945 0.142 0.000 0.957 0.192 0.002 m19
#box: 0.573 0.220 0.000 0.601 0.248 0.002 m20
#box: 0.699 0.129 0.000 0.736 0.165 0.002 m3
#box: 0.855 0.180 0.000 0.891 0.207 0.002 m20
#box: 1.011 0.214 0.000 1.048 0.250 0.002 m10
#box: 0.217 0.183 0.000 0.238 0.232 0.002 m11
#box: 0.277 0.165 0.000 0.310 0.210 0.002 m15
#box: 0.574 0.166 0.000 0.612 0.199 0.002 m7
#box: 0.519 0.193 0.000 0.543 0.216 0.002 m15
#box: 0.329 0.196 0.000 0.345 0.216 0.002 m8
#box: 0.214 0.183 0.000 0.227 0.233 0.002 m13
#box: 1.011 0.142 0.000 1.045 0.165 0.002 m20
#box: 0.829 0.123 0.000 0.842 0.172 0.002 m7
#box: 0.827 0.154 0.000 0.866 0.176 0.002 m19
#box: 1.025 0.203 0.000 1.033 0.245 0.002 m17
#box: 0.160 0.199 0.000 0.168 0.223 0.002 m7
#box: 0.971 0.196 0.000 0.980 0.234 0.002 m14
#box: 0.511 0.129 0.000 0.549 0.162 0.002 m5
#box: 0.476 0.121 0.000 0.494 0.154 0.002 m19
#box: 0.531 0.143 0.000 0.555 0.174 0.002 m16
#box: 1.009 0.179 0.000 1.029 0.199 0.002 m10
#box: 1.081 0.125 0.000 1.089 0.166 0.002 m6
#box: 0.185 0.144 0.000 0.202 0.164 0.002 m19
#box: 0.296 0.210 0.000 0.310 0.233 0.002 m19
#box: 0.700 0.189 0.000 0.723 0.215 0.002 m12
#box: 1.022 0.137 0.000 1.027 0.186 0.002 m5
#box: 0.013 0.149 0.000 0.035 0.187 0.002 m12
#box: 0.341 0.120 0.000 0.351 0.150 0.002 m15
#box: 0.858 0.113 0.000 0.869 0.161 0.002 m12
#box: 0.286 0.194 0.000 0.305 0.233 0.002 m16
#box: 0.360 0.199 0.000 0.392 0.222 0.002 m1
#box: 0.867 0.175 0.000 0.890 0.204 0.002 m3
#box: 0.109 0.132 0.000 0.130 0.152 0.002 m16
#box: 0.407 0.218 0.000 0.444 0.238 0.002 m3
#box: 0.606 0.129 0.000 0.639 0.166 0.002 m16
#box: 0.866 0.131 0.000 0.901 0.172 0.002 m12
#box: 0.391 0.136 0.000 0.411 0.176 0.002 m4
#box: 0.199 0.142 0.000 0.226 0.173 0.002 m17
#box: 0.815 0.161 0.000 0.834 0.191 0.002 m6
#box: 0.461 0.216 0.000 0.498 0.236 0.002 m4
#box: 0.801 0.187 0.000 0.829 0.212 0.002 m4
#box: 1.048 0.124 0.000 1.053 0.166 0.002 m6
#box: 0.002 0.182 0.000 0.009 0.217 0.002 m9
#box: 0.900 0.130 0.000 0.930 0.158 0.002 m9
#box: 0.855 0.185 0.000 0.864 0.224 0.002 m11
#box: 0.689 0.176 0.000 0.728 0.196 0.002 m3
#box: 0.022 0.182 0.000 0.056 0.228 0.002 m11
#box: 0.040 0.199 0.000 0.063 0.249 0.002 m14
#box: 0.990 0.196 0.000 0.995 0.240 0.002 m13
#box: 0.889 0.150 0.000 0.919 0.171 0.002 m10
#box: 0.253 0.143 0.000 0.261 0.190 0.002 m20
#box: 1.070 0.197 0.000 1.077 0.219 0.002 m5
#box: 0.087 0.207 0.000 0.105 0.231 0.002 m11
#box: 0.488 0.173 0.000 0.501 0.196 0.002 m7
#box: 1.009 0.149 0.000 1.037 0.186 0.002 m13
#box: 0.031 0.126 0.000 0.054 0.154 0.002 m20
#box: 0.058 0.180 0.000 0.084 0.214 0.002 m16
#box: 0.744 0.142 0.000 0.783 0.182 0.002 m4
#box: 0.234 0.156 0.000 0.241 0.180 0.002 m2
#box: 0.117 0.180 0.000 0.157 0.209 0.002 m9
#box: 0.676 0.152 0.000 0.699 0.172 0.002 m8
#box: 0.503 0.183 0.000 0.515 0.209 0.002 m5
#box: 0.998 0.168 0.000 1.037 0.192 0.002 m17
#box: 0.031 0.151 0.000 0.045 0.174 0.002 m2
#box: 0.774 0.119 0.000 0.804 0.167 0.002 m17
#box: 0.704 0.179 0.000 0.744 0.212 0.002 m17
#box: 0.294 0.123 0.000 0.310 0.168 0.002 m15
#box: 0.497 0.151 0.000 0.505 0.173 0.002 m13
#box: 1.051 0.169 0.000 1.070 0.219 0.002 m6
#box: 0.895 0.152 0.000 0.899 0.183 0.002 m15
#box: 0.500 0.121 0.000 0.506 0.156 0.002 m3
#box: 0.489 0.118 0.000 0.521 0.153 0.002 m19
#box: 1.007 0.157 0.000 1.047 0.207 0.002 m4
#box: 0.223 0.154 0.000 0.243 0.199 0.002 m1
#box: 0.998 0.133 0.000 1.031 0.172 0.002 m9
#box: 0.643 0.129 0.000 0.651 0.154 0.002 m6
#box: 0.146 0.197 0.000 0.169 0.230 0.002 m8
#box: 0.065 0.170 0.000 0.077 0.192 0.002 m15
#box: 0.492 0.110 0.000 0.503 0.157 0.002 m1
#box: 0.934 0.215 0.000 0.952 0.249 0.002 m3
#box: 0.156 0.221 0.000 0.193 0.245 0.002 m7
#box: 0.381 0.190 0.000 0.387 0.235 0.002 m2
#box: 0.522 0.199 0.000 0.541 0.238 0.002 m12
#box: 0.386 0.172 0.000 0.401 0.200 0.002 m8
#box: 0.225 0.178 0.000 0.260 0.213 0.002 m19
#box: 0.059 0.189 0.000 0.095 0.214 0.002 m8
#box: 0.187 0.160 0.000 0.202 0.198 0.002 m20
#box: 0.954 0.192 0.000 0.994 0.237 0.002 m8
#box: 0.911 0.192 0.000 0.916 0.239 0.002 m14
#box: 1.017 0.199 0.000 1.033 0.244 0.002 m6
#box: 0.896 0.136 0.000 0.928 0.163 0.002 m9
#box: 0.917 0.140 0.000 0.922 0.188 0.002 m12
#box: 0.287 0.190 0.000 0.319 0.222 0.002 m19
#box: 0.822 0.216 0.000 0.829 0.241 0.002 m11
#box: 1.061 0.202 0.000 1.083 0.238 0.002 m20
#box: 0.201 0.199 0.000 0.220 0.225 0.002 m17
#box: 0.858 0.211 0.000 0.888 0.236 0.002 m13
#box: 1.026 0.152 0.000 1.041 0.195 0.002 m13
#box: 0.341 0.211 0.000 0.380 0.239 0.002 m20
#box: 0.385 0.162 0.000 0.414 0.207 0.002 m10
#box: 0.428 0.152 0.000 0.461 0.200 0.002 m6
#box: 0.779 0.158 0.000 0.806 0.201 0.002 m10
