testingplz 
#domain: 1.200 0.300 0.002 
#dx_dy_dz: 0.002 0.002 0.002 
#time_window: 5.000000e-09 

#excitation_file: mala_source_modified.txt 
#hertzian_dipole: z 0.080 0.250 0 mala_source 
#rx: 0.120 0.250 0.000 
#src_steps: 0.002 0.000 0.000 
#rx_steps: 0.002 0.000 0.000 

#material: 5.000 0.220 1.000 0.000 concrete
#material: 1.000 0.000 1.000 0.000 air
#material: 80.000 0.500 1.000 0.000 water

#material: 1.000 0.000 1.000 0.000 m1
#material: 2.000 0.000 1.000 0.000 m2
#material: 3.000 0.000 1.000 0.000 m3
#material: 4.000 0.000 1.000 0.000 m4
#material: 5.000 0.000 1.000 0.000 m5
#material: 6.000 0.000 1.000 0.000 m6
#material: 7.000 0.000 1.000 0.000 m7
#material: 8.000 0.000 1.000 0.000 m8
#material: 9.000 0.000 1.000 0.000 m9
#material: 10.000 0.000 1.000 0.000 m10
#material: 11.000 0.000 1.000 0.000 m11
#material: 12.000 0.000 1.000 0.000 m12
#material: 13.000 0.000 1.000 0.000 m13
#material: 14.000 0.000 1.000 0.000 m14
#material: 15.000 0.000 1.000 0.000 m15
#material: 16.000 0.000 1.000 0.000 m16
#material: 17.000 0.000 1.000 0.000 m17
#material: 18.000 0.000 1.000 0.000 m18
#material: 19.000 0.000 1.000 0.000 m19
#material: 20.000 0.000 1.000 0.000 m20

#box: 0.000 0.000 0.000 1.200 0.250 0.002 concrete

#box: 0.619 0.146 0.000 0.637 0.188 0.002 m2
#box: 0.875 0.142 0.000 0.894 0.168 0.002 m14
#box: 0.838 0.151 0.000 0.860 0.186 0.002 m6
#box: 0.495 0.161 0.000 0.506 0.189 0.002 m19
#box: 0.712 0.178 0.000 0.729 0.205 0.002 m7
#box: 0.486 0.133 0.000 0.525 0.162 0.002 m5
#box: 0.471 0.147 0.000 0.507 0.179 0.002 m4
#box: 0.506 0.201 0.000 0.513 0.248 0.002 m8
#box: 0.690 0.168 0.000 0.716 0.188 0.002 m8
#box: 0.350 0.137 0.000 0.372 0.159 0.002 m17
#box: 0.900 0.145 0.000 0.923 0.194 0.002 m16
#box: 0.126 0.216 0.000 0.164 0.242 0.002 m6
#box: 1.001 0.128 0.000 1.014 0.150 0.002 m15
#box: 0.805 0.195 0.000 0.829 0.224 0.002 m10
#box: 0.544 0.129 0.000 0.560 0.162 0.002 m4
#box: 0.596 0.120 0.000 0.636 0.162 0.002 m1
#box: 0.417 0.169 0.000 0.422 0.206 0.002 m2
#box: 0.024 0.157 0.000 0.032 0.199 0.002 m15
#box: 1.013 0.153 0.000 1.035 0.177 0.002 m1
#box: 0.148 0.200 0.000 0.158 0.232 0.002 m20
#box: 0.182 0.150 0.000 0.209 0.180 0.002 m19
#box: 0.703 0.220 0.000 0.713 0.241 0.002 m9
#box: 0.230 0.159 0.000 0.257 0.195 0.002 m13
#box: 0.152 0.150 0.000 0.167 0.200 0.002 m12
#box: 1.016 0.143 0.000 1.033 0.168 0.002 m6
#box: 0.829 0.156 0.000 0.848 0.195 0.002 m5
#box: 0.263 0.168 0.000 0.269 0.193 0.002 m14
#box: 0.774 0.198 0.000 0.804 0.242 0.002 m9
#box: 0.724 0.176 0.000 0.748 0.209 0.002 m9
#box: 0.534 0.178 0.000 0.555 0.222 0.002 m19
#box: 0.291 0.137 0.000 0.314 0.173 0.002 m5
#box: 0.229 0.168 0.000 0.256 0.207 0.002 m12
#box: 0.961 0.122 0.000 0.995 0.163 0.002 m18
#box: 0.848 0.132 0.000 0.881 0.179 0.002 m2
#box: 0.707 0.204 0.000 0.738 0.239 0.002 m19
#box: 0.124 0.114 0.000 0.146 0.151 0.002 m1
#box: 0.521 0.208 0.000 0.536 0.241 0.002 m3
#box: 0.680 0.111 0.000 0.712 0.158 0.002 m19
#box: 1.044 0.159 0.000 1.055 0.196 0.002 m11
#box: 0.578 0.217 0.000 0.612 0.248 0.002 m3
#box: 0.866 0.175 0.000 0.901 0.213 0.002 m10
#box: 0.759 0.125 0.000 0.767 0.159 0.002 m12
#box: 0.701 0.184 0.000 0.725 0.211 0.002 m14
#box: 0.451 0.140 0.000 0.460 0.184 0.002 m3
#box: 0.846 0.196 0.000 0.860 0.223 0.002 m10
#box: 0.727 0.211 0.000 0.739 0.243 0.002 m17
#box: 0.735 0.153 0.000 0.756 0.188 0.002 m18
#box: 0.575 0.134 0.000 0.597 0.160 0.002 m9
#box: 0.975 0.185 0.000 1.015 0.233 0.002 m20
#box: 0.566 0.120 0.000 0.592 0.155 0.002 m12
#box: 0.387 0.145 0.000 0.412 0.169 0.002 m1
#box: 0.539 0.164 0.000 0.554 0.206 0.002 m6
#box: 0.342 0.190 0.000 0.357 0.218 0.002 m7
#box: 1.021 0.146 0.000 1.060 0.189 0.002 m10
#box: 0.758 0.191 0.000 0.764 0.232 0.002 m18
#box: 0.906 0.139 0.000 0.945 0.183 0.002 m10
#box: 0.760 0.129 0.000 0.797 0.161 0.002 m8
#box: 0.404 0.187 0.000 0.423 0.227 0.002 m5
#box: 0.951 0.208 0.000 0.978 0.229 0.002 m17
#box: 0.732 0.154 0.000 0.748 0.176 0.002 m11
#box: 0.893 0.155 0.000 0.912 0.188 0.002 m14
#box: 1.082 0.140 0.000 1.115 0.183 0.002 m12
#box: 0.158 0.144 0.000 0.172 0.179 0.002 m10
#box: 0.138 0.207 0.000 0.171 0.245 0.002 m18
#box: 0.907 0.143 0.000 0.913 0.176 0.002 m16
#box: 0.934 0.143 0.000 0.973 0.182 0.002 m11
#box: 0.087 0.148 0.000 0.100 0.187 0.002 m19
#box: 0.200 0.175 0.000 0.237 0.202 0.002 m13
#box: 1.045 0.205 0.000 1.062 0.232 0.002 m10
#box: 1.042 0.172 0.000 1.060 0.209 0.002 m14
#box: 0.757 0.112 0.000 0.774 0.162 0.002 m20
#box: 0.937 0.179 0.000 0.951 0.213 0.002 m16
#box: 1.016 0.123 0.000 1.055 0.154 0.002 m14
#box: 0.925 0.126 0.000 0.964 0.166 0.002 m15
#box: 0.741 0.126 0.000 0.767 0.165 0.002 m5
#box: 0.574 0.174 0.000 0.602 0.216 0.002 m14
#box: 0.375 0.209 0.000 0.404 0.244 0.002 m7
#box: 0.090 0.174 0.000 0.114 0.199 0.002 m15
#box: 0.357 0.190 0.000 0.380 0.218 0.002 m2
#box: 0.093 0.129 0.000 0.120 0.166 0.002 m16
#box: 0.158 0.206 0.000 0.195 0.235 0.002 m1
#box: 0.212 0.149 0.000 0.233 0.181 0.002 m11
#box: 0.677 0.110 0.000 0.692 0.156 0.002 m5
#box: 1.028 0.198 0.000 1.058 0.235 0.002 m14
#box: 0.642 0.147 0.000 0.662 0.174 0.002 m4
#box: 0.165 0.169 0.000 0.178 0.197 0.002 m18
#box: 0.625 0.221 0.000 0.637 0.241 0.002 m12
#box: 0.402 0.136 0.000 0.419 0.167 0.002 m16
#box: 0.959 0.197 0.000 0.979 0.221 0.002 m7
#box: 0.480 0.144 0.000 0.488 0.180 0.002 m8
#box: 0.815 0.138 0.000 0.833 0.175 0.002 m9
#box: 0.215 0.202 0.000 0.255 0.239 0.002 m18
#box: 1.075 0.156 0.000 1.115 0.196 0.002 m14
#box: 0.632 0.211 0.000 0.668 0.244 0.002 m1
#box: 0.210 0.205 0.000 0.247 0.234 0.002 m7
#box: 0.212 0.181 0.000 0.234 0.203 0.002 m11
#box: 0.227 0.163 0.000 0.249 0.185 0.002 m3
#box: 0.483 0.190 0.000 0.507 0.231 0.002 m5
#box: 0.155 0.197 0.000 0.163 0.233 0.002 m5
#box: 0.709 0.172 0.000 0.742 0.201 0.002 m15
#box: 1.095 0.213 0.000 1.126 0.247 0.002 m19
#box: 0.070 0.179 0.000 0.090 0.207 0.002 m13
#box: 0.610 0.120 0.000 0.650 0.156 0.002 m20
#box: 0.585 0.207 0.000 0.599 0.233 0.002 m3
#box: 0.190 0.113 0.000 0.226 0.155 0.002 m7
#box: 0.816 0.172 0.000 0.846 0.203 0.002 m20
#box: 0.629 0.146 0.000 0.645 0.192 0.002 m15
#box: 0.384 0.140 0.000 0.405 0.187 0.002 m15
#box: 0.444 0.207 0.000 0.449 0.241 0.002 m1
#box: 0.723 0.149 0.000 0.737 0.194 0.002 m13
#box: 0.384 0.143 0.000 0.390 0.193 0.002 m8
#box: 0.622 0.177 0.000 0.627 0.200 0.002 m15
#box: 0.955 0.183 0.000 0.991 0.208 0.002 m13
#box: 0.285 0.206 0.000 0.291 0.236 0.002 m2
#box: 0.797 0.179 0.000 0.830 0.226 0.002 m12
#box: 0.306 0.182 0.000 0.339 0.211 0.002 m3
#box: 1.017 0.165 0.000 1.027 0.213 0.002 m15
#box: 0.943 0.174 0.000 0.947 0.199 0.002 m14
#box: 0.267 0.186 0.000 0.306 0.225 0.002 m17
#box: 0.415 0.202 0.000 0.447 0.226 0.002 m2
#box: 0.761 0.209 0.000 0.788 0.242 0.002 m12
#box: 0.905 0.202 0.000 0.917 0.244 0.002 m8
#box: 0.540 0.205 0.000 0.549 0.225 0.002 m18
#box: 0.106 0.117 0.000 0.127 0.160 0.002 m4
#box: 0.681 0.158 0.000 0.694 0.203 0.002 m20
#box: 0.643 0.183 0.000 0.683 0.231 0.002 m6
#box: 0.029 0.148 0.000 0.034 0.172 0.002 m20
#box: 1.026 0.132 0.000 1.033 0.178 0.002 m10
#box: 0.709 0.157 0.000 0.730 0.190 0.002 m11
#box: 0.661 0.199 0.000 0.690 0.221 0.002 m14
#box: 0.660 0.201 0.000 0.696 0.221 0.002 m17
#box: 0.858 0.198 0.000 0.886 0.241 0.002 m4
#box: 0.527 0.154 0.000 0.563 0.185 0.002 m13
#box: 0.561 0.209 0.000 0.582 0.241 0.002 m20
#box: 0.171 0.173 0.000 0.205 0.219 0.002 m13
#box: 0.043 0.145 0.000 0.065 0.170 0.002 m1
#box: 0.362 0.173 0.000 0.389 0.221 0.002 m3
#box: 0.660 0.128 0.000 0.689 0.167 0.002 m15
#box: 0.222 0.166 0.000 0.226 0.191 0.002 m2
#box: 0.810 0.164 0.000 0.842 0.192 0.002 m3
#box: 0.099 0.203 0.000 0.137 0.237 0.002 m6
#box: 0.636 0.183 0.000 0.655 0.207 0.002 m15
#box: 0.165 0.178 0.000 0.195 0.210 0.002 m12
#box: 0.125 0.175 0.000 0.160 0.213 0.002 m6
#box: 0.665 0.191 0.000 0.699 0.214 0.002 m19
#box: 0.810 0.134 0.000 0.827 0.180 0.002 m8
#box: 0.771 0.176 0.000 0.780 0.220 0.002 m5
#box: 0.478 0.158 0.000 0.507 0.198 0.002 m13
#box: 0.268 0.187 0.000 0.307 0.230 0.002 m11
#box: 0.711 0.194 0.000 0.737 0.217 0.002 m17
#box: 0.996 0.224 0.000 1.033 0.247 0.002 m16
#box: 0.175 0.193 0.000 0.194 0.235 0.002 m11
#box: 1.092 0.153 0.000 1.115 0.203 0.002 m17
#box: 0.300 0.131 0.000 0.328 0.151 0.002 m20
#box: 0.953 0.193 0.000 0.977 0.240 0.002 m6
#box: 1.007 0.216 0.000 1.014 0.241 0.002 m15
#box: 0.959 0.123 0.000 0.998 0.173 0.002 m8
#box: 0.654 0.110 0.000 0.686 0.156 0.002 m7
#box: 0.109 0.223 0.000 0.117 0.243 0.002 m20
#box: 0.706 0.144 0.000 0.729 0.171 0.002 m15
#box: 0.201 0.108 0.000 0.213 0.157 0.002 m15
#box: 0.718 0.175 0.000 0.732 0.219 0.002 m5
#box: 0.580 0.161 0.000 0.589 0.190 0.002 m3
#box: 1.087 0.146 0.000 1.111 0.189 0.002 m13
#box: 0.356 0.155 0.000 0.383 0.176 0.002 m6
#box: 0.077 0.156 0.000 0.094 0.184 0.002 m12
#box: 0.204 0.202 0.000 0.228 0.247 0.002 m19
#box: 0.003 0.158 0.000 0.027 0.189 0.002 m5
#box: 0.725 0.197 0.000 0.735 0.218 0.002 m5
#box: 0.978 0.208 0.000 1.005 0.232 0.002 m6
#box: 0.454 0.125 0.000 0.484 0.165 0.002 m20
#box: 0.466 0.147 0.000 0.493 0.167 0.002 m5
#box: 0.909 0.217 0.000 0.947 0.237 0.002 m9
#box: 0.968 0.157 0.000 0.980 0.187 0.002 m2
#box: 0.528 0.145 0.000 0.539 0.195 0.002 m15
#box: 1.033 0.205 0.000 1.069 0.238 0.002 m15
#box: 0.873 0.220 0.000 0.908 0.247 0.002 m15
#box: 0.289 0.160 0.000 0.325 0.193 0.002 m2
#box: 0.120 0.146 0.000 0.129 0.179 0.002 m16
#box: 0.933 0.207 0.000 0.963 0.250 0.002 m13
#box: 1.038 0.124 0.000 1.050 0.159 0.002 m4
#box: 0.109 0.188 0.000 0.140 0.234 0.002 m17
#box: 0.796 0.211 0.000 0.824 0.233 0.002 m6
#box: 0.624 0.171 0.000 0.664 0.207 0.002 m3
#box: 0.291 0.194 0.000 0.325 0.216 0.002 m14
#box: 0.492 0.200 0.000 0.501 0.232 0.002 m20
#box: 0.227 0.205 0.000 0.254 0.227 0.002 m17
#box: 0.206 0.136 0.000 0.236 0.176 0.002 m3
#box: 0.145 0.206 0.000 0.169 0.237 0.002 m20
#box: 0.624 0.165 0.000 0.638 0.212 0.002 m14
#box: 0.781 0.146 0.000 0.804 0.186 0.002 m5
#box: 0.329 0.168 0.000 0.353 0.194 0.002 m14
#box: 1.071 0.137 0.000 1.080 0.178 0.002 m15
#box: 0.537 0.172 0.000 0.557 0.194 0.002 m7
#box: 0.530 0.142 0.000 0.548 0.192 0.002 m19
#box: 0.496 0.171 0.000 0.506 0.205 0.002 m20
#box: 0.155 0.156 0.000 0.163 0.191 0.002 m2
#box: 0.408 0.176 0.000 0.448 0.218 0.002 m15
#box: 0.345 0.170 0.000 0.380 0.213 0.002 m20
#box: 0.418 0.126 0.000 0.432 0.150 0.002 m18
