testingplz 
#domain: 1.200 0.300 0.002 
#dx_dy_dz: 0.002 0.002 0.002 
#time_window: 5.000000e-09 

#excitation_file: mala_source_modified.txt 
#hertzian_dipole: z 0.080 0.250 0 mala_source 
#rx: 0.120 0.250 0.000 
#src_steps: 0.002 0.000 0.000 
#rx_steps: 0.002 0.000 0.000 

#material: 5.000 0.220 1.000 0.000 concrete
#material: 1.000 0.000 1.000 0.000 air
#material: 80.000 0.500 1.000 0.000 water

#material: 1.000 0.000 1.000 0.000 m1
#material: 2.000 0.000 1.000 0.000 m2
#material: 3.000 0.000 1.000 0.000 m3
#material: 4.000 0.000 1.000 0.000 m4
#material: 5.000 0.000 1.000 0.000 m5
#material: 6.000 0.000 1.000 0.000 m6
#material: 7.000 0.000 1.000 0.000 m7
#material: 8.000 0.000 1.000 0.000 m8
#material: 9.000 0.000 1.000 0.000 m9
#material: 10.000 0.000 1.000 0.000 m10
#material: 11.000 0.000 1.000 0.000 m11
#material: 12.000 0.000 1.000 0.000 m12
#material: 13.000 0.000 1.000 0.000 m13
#material: 14.000 0.000 1.000 0.000 m14
#material: 15.000 0.000 1.000 0.000 m15
#material: 16.000 0.000 1.000 0.000 m16
#material: 17.000 0.000 1.000 0.000 m17
#material: 18.000 0.000 1.000 0.000 m18
#material: 19.000 0.000 1.000 0.000 m19
#material: 20.000 0.000 1.000 0.000 m20

#box: 0.000 0.000 0.000 1.200 0.250 0.002 concrete

#box: 0.816 0.179 0.000 0.825 0.223 0.002 m18
#box: 0.397 0.202 0.000 0.402 0.236 0.002 m3
#box: 0.057 0.141 0.000 0.062 0.166 0.002 m9
#box: 0.258 0.153 0.000 0.284 0.180 0.002 m18
#box: 0.460 0.138 0.000 0.469 0.179 0.002 m12
#box: 1.044 0.150 0.000 1.053 0.187 0.002 m12
#box: 0.011 0.134 0.000 0.050 0.155 0.002 m11
#box: 0.008 0.192 0.000 0.017 0.231 0.002 m5
#box: 0.943 0.227 0.000 0.957 0.248 0.002 m1
#box: 0.664 0.175 0.000 0.682 0.212 0.002 m3
#box: 0.058 0.176 0.000 0.083 0.216 0.002 m17
#box: 0.811 0.110 0.000 0.830 0.155 0.002 m6
#box: 1.013 0.151 0.000 1.026 0.198 0.002 m19
#box: 0.955 0.136 0.000 0.990 0.182 0.002 m15
#box: 0.905 0.135 0.000 0.944 0.158 0.002 m18
#box: 0.787 0.210 0.000 0.793 0.235 0.002 m3
#box: 0.884 0.129 0.000 0.906 0.170 0.002 m19
#box: 0.539 0.145 0.000 0.548 0.167 0.002 m15
#box: 0.047 0.169 0.000 0.062 0.194 0.002 m15
#box: 0.183 0.196 0.000 0.216 0.238 0.002 m5
#box: 0.991 0.140 0.000 1.014 0.161 0.002 m12
#box: 0.835 0.181 0.000 0.850 0.230 0.002 m13
#box: 0.364 0.198 0.000 0.369 0.245 0.002 m12
#box: 0.999 0.157 0.000 1.009 0.196 0.002 m15
#box: 0.974 0.128 0.000 0.994 0.150 0.002 m4
#box: 0.855 0.191 0.000 0.870 0.225 0.002 m8
#box: 0.541 0.162 0.000 0.552 0.196 0.002 m20
#box: 0.626 0.138 0.000 0.648 0.172 0.002 m12
#box: 0.788 0.222 0.000 0.794 0.244 0.002 m20
#box: 0.285 0.219 0.000 0.324 0.241 0.002 m6
#box: 0.221 0.147 0.000 0.227 0.171 0.002 m6
#box: 0.694 0.214 0.000 0.723 0.241 0.002 m20
#box: 0.883 0.224 0.000 0.892 0.250 0.002 m18
#box: 0.626 0.175 0.000 0.631 0.223 0.002 m5
#box: 0.566 0.193 0.000 0.597 0.230 0.002 m10
#box: 0.794 0.170 0.000 0.831 0.197 0.002 m3
#box: 0.370 0.156 0.000 0.380 0.182 0.002 m4
#box: 0.394 0.132 0.000 0.420 0.170 0.002 m1
#box: 0.210 0.204 0.000 0.226 0.242 0.002 m14
#box: 1.059 0.163 0.000 1.064 0.183 0.002 m2
#box: 0.606 0.187 0.000 0.624 0.221 0.002 m4
#box: 0.517 0.123 0.000 0.542 0.169 0.002 m13
#box: 0.148 0.149 0.000 0.184 0.179 0.002 m16
#box: 0.051 0.189 0.000 0.085 0.234 0.002 m18
#box: 0.288 0.193 0.000 0.307 0.227 0.002 m6
#box: 0.335 0.117 0.000 0.364 0.150 0.002 m2
#box: 0.718 0.183 0.000 0.723 0.220 0.002 m3
#box: 0.200 0.190 0.000 0.204 0.240 0.002 m1
#box: 0.435 0.206 0.000 0.466 0.243 0.002 m9
#box: 0.898 0.124 0.000 0.928 0.168 0.002 m3
#box: 1.075 0.191 0.000 1.101 0.234 0.002 m12
#box: 0.126 0.164 0.000 0.133 0.210 0.002 m7
#box: 0.910 0.161 0.000 0.928 0.184 0.002 m15
#box: 0.056 0.120 0.000 0.065 0.167 0.002 m2
#box: 0.700 0.166 0.000 0.718 0.196 0.002 m16
#box: 0.825 0.170 0.000 0.840 0.217 0.002 m12
#box: 1.090 0.151 0.000 1.106 0.200 0.002 m11
#box: 0.907 0.120 0.000 0.938 0.151 0.002 m4
#box: 0.636 0.199 0.000 0.674 0.240 0.002 m20
#box: 0.202 0.143 0.000 0.238 0.183 0.002 m2
#box: 0.080 0.132 0.000 0.118 0.176 0.002 m9
#box: 0.231 0.109 0.000 0.257 0.153 0.002 m3
#box: 0.242 0.143 0.000 0.275 0.173 0.002 m13
#box: 0.240 0.163 0.000 0.276 0.184 0.002 m16
#box: 0.202 0.151 0.000 0.207 0.185 0.002 m18
#box: 0.745 0.175 0.000 0.781 0.208 0.002 m11
#box: 0.257 0.173 0.000 0.276 0.199 0.002 m20
#box: 0.269 0.172 0.000 0.291 0.218 0.002 m12
#box: 0.132 0.122 0.000 0.169 0.155 0.002 m13
#box: 0.118 0.198 0.000 0.134 0.236 0.002 m13
#box: 0.598 0.199 0.000 0.625 0.222 0.002 m4
#box: 0.547 0.221 0.000 0.569 0.250 0.002 m4
#box: 0.804 0.120 0.000 0.826 0.165 0.002 m7
#box: 0.736 0.115 0.000 0.772 0.161 0.002 m11
#box: 0.938 0.127 0.000 0.968 0.167 0.002 m5
#box: 0.896 0.143 0.000 0.916 0.192 0.002 m16
#box: 0.649 0.132 0.000 0.653 0.155 0.002 m19
#box: 0.986 0.219 0.000 1.005 0.243 0.002 m2
#box: 0.509 0.166 0.000 0.539 0.200 0.002 m14
#box: 0.914 0.155 0.000 0.928 0.175 0.002 m12
#box: 0.223 0.113 0.000 0.260 0.160 0.002 m2
#box: 1.062 0.146 0.000 1.069 0.190 0.002 m11
#box: 1.096 0.209 0.000 1.117 0.244 0.002 m7
#box: 1.039 0.196 0.000 1.071 0.230 0.002 m4
#box: 0.141 0.212 0.000 0.149 0.238 0.002 m17
#box: 0.754 0.191 0.000 0.790 0.216 0.002 m17
#box: 0.490 0.208 0.000 0.526 0.247 0.002 m9
#box: 0.874 0.203 0.000 0.895 0.239 0.002 m18
#box: 0.726 0.202 0.000 0.750 0.239 0.002 m15
#box: 0.800 0.129 0.000 0.835 0.150 0.002 m15
#box: 0.732 0.130 0.000 0.768 0.174 0.002 m10
#box: 0.578 0.219 0.000 0.607 0.247 0.002 m11
#box: 0.756 0.155 0.000 0.794 0.183 0.002 m6
#box: 0.191 0.152 0.000 0.219 0.189 0.002 m12
#box: 0.104 0.155 0.000 0.121 0.197 0.002 m14
#box: 1.034 0.196 0.000 1.049 0.231 0.002 m16
#box: 0.466 0.175 0.000 0.484 0.222 0.002 m20
#box: 0.751 0.150 0.000 0.779 0.197 0.002 m19
#box: 0.097 0.187 0.000 0.125 0.226 0.002 m18
#box: 0.201 0.165 0.000 0.219 0.212 0.002 m3
#box: 0.920 0.132 0.000 0.944 0.152 0.002 m20
#box: 0.091 0.168 0.000 0.096 0.192 0.002 m2
#box: 0.168 0.194 0.000 0.197 0.227 0.002 m1
#box: 0.357 0.155 0.000 0.365 0.183 0.002 m3
#box: 0.548 0.184 0.000 0.587 0.217 0.002 m18
#box: 0.133 0.211 0.000 0.148 0.246 0.002 m7
#box: 0.267 0.140 0.000 0.296 0.171 0.002 m17
#box: 0.173 0.189 0.000 0.211 0.231 0.002 m7
#box: 0.308 0.219 0.000 0.334 0.247 0.002 m16
#box: 0.358 0.158 0.000 0.372 0.185 0.002 m12
#box: 0.244 0.160 0.000 0.275 0.206 0.002 m9
#box: 0.145 0.225 0.000 0.170 0.247 0.002 m1
#box: 0.984 0.195 0.000 0.993 0.226 0.002 m10
#box: 1.059 0.129 0.000 1.066 0.170 0.002 m4
#box: 0.637 0.145 0.000 0.672 0.184 0.002 m7
#box: 0.979 0.215 0.000 0.984 0.246 0.002 m17
#box: 0.557 0.169 0.000 0.573 0.197 0.002 m1
#box: 0.575 0.203 0.000 0.591 0.237 0.002 m3
#box: 0.532 0.161 0.000 0.550 0.185 0.002 m17
#box: 0.078 0.189 0.000 0.091 0.236 0.002 m13
#box: 0.592 0.200 0.000 0.603 0.244 0.002 m9
#box: 0.488 0.193 0.000 0.498 0.243 0.002 m8
#box: 0.912 0.129 0.000 0.930 0.165 0.002 m13
#box: 0.292 0.126 0.000 0.323 0.163 0.002 m6
#box: 0.465 0.117 0.000 0.498 0.150 0.002 m13
#box: 0.133 0.158 0.000 0.172 0.205 0.002 m7
#box: 0.497 0.155 0.000 0.525 0.202 0.002 m15
#box: 0.544 0.138 0.000 0.550 0.164 0.002 m13
#box: 0.475 0.121 0.000 0.488 0.169 0.002 m13
#box: 0.946 0.188 0.000 0.963 0.214 0.002 m1
#box: 0.441 0.195 0.000 0.445 0.232 0.002 m5
#box: 0.925 0.145 0.000 0.944 0.171 0.002 m16
#box: 0.065 0.142 0.000 0.095 0.185 0.002 m3
#box: 0.475 0.118 0.000 0.499 0.151 0.002 m9
#box: 1.077 0.187 0.000 1.100 0.217 0.002 m4
#box: 0.892 0.131 0.000 0.909 0.181 0.002 m1
#box: 0.780 0.229 0.000 0.816 0.250 0.002 m4
#box: 0.952 0.224 0.000 0.985 0.248 0.002 m6
#box: 0.945 0.169 0.000 0.983 0.216 0.002 m15
#box: 0.225 0.169 0.000 0.255 0.203 0.002 m19
#box: 0.328 0.193 0.000 0.359 0.229 0.002 m10
#box: 0.250 0.181 0.000 0.256 0.220 0.002 m12
#box: 0.800 0.139 0.000 0.808 0.171 0.002 m13
#box: 0.509 0.207 0.000 0.537 0.231 0.002 m11
#box: 0.555 0.190 0.000 0.578 0.236 0.002 m8
#box: 0.270 0.209 0.000 0.282 0.235 0.002 m9
#box: 0.000 0.135 0.000 0.031 0.162 0.002 m12
#box: 0.251 0.171 0.000 0.261 0.203 0.002 m2
#box: 0.676 0.133 0.000 0.698 0.171 0.002 m9
#box: 0.554 0.162 0.000 0.590 0.208 0.002 m7
#box: 0.551 0.105 0.000 0.561 0.151 0.002 m3
#box: 0.923 0.181 0.000 0.953 0.212 0.002 m13
#box: 0.886 0.179 0.000 0.905 0.215 0.002 m5
#box: 0.832 0.185 0.000 0.845 0.234 0.002 m3
#box: 0.420 0.155 0.000 0.449 0.205 0.002 m10
#box: 0.715 0.143 0.000 0.721 0.188 0.002 m17
#box: 0.789 0.134 0.000 0.799 0.159 0.002 m5
#box: 0.718 0.162 0.000 0.726 0.197 0.002 m6
#box: 0.490 0.179 0.000 0.520 0.209 0.002 m12
#box: 0.093 0.108 0.000 0.130 0.156 0.002 m13
#box: 0.616 0.189 0.000 0.640 0.234 0.002 m9
#box: 0.541 0.174 0.000 0.578 0.197 0.002 m20
#box: 0.136 0.153 0.000 0.151 0.195 0.002 m14
#box: 0.767 0.163 0.000 0.807 0.205 0.002 m14
#box: 0.557 0.175 0.000 0.588 0.209 0.002 m20
#box: 0.483 0.192 0.000 0.487 0.240 0.002 m11
#box: 0.916 0.158 0.000 0.936 0.204 0.002 m19
#box: 0.534 0.136 0.000 0.562 0.160 0.002 m15
#box: 0.719 0.217 0.000 0.746 0.243 0.002 m19
#box: 0.107 0.177 0.000 0.137 0.205 0.002 m9
#box: 0.345 0.161 0.000 0.351 0.193 0.002 m9
#box: 0.639 0.128 0.000 0.644 0.176 0.002 m4
#box: 0.162 0.164 0.000 0.189 0.201 0.002 m13
#box: 0.942 0.118 0.000 0.970 0.151 0.002 m19
#box: 0.403 0.179 0.000 0.421 0.219 0.002 m19
#box: 0.959 0.126 0.000 0.969 0.156 0.002 m9
#box: 0.774 0.191 0.000 0.807 0.220 0.002 m6
#box: 0.726 0.132 0.000 0.759 0.156 0.002 m4
#box: 0.035 0.183 0.000 0.050 0.218 0.002 m12
#box: 0.376 0.158 0.000 0.383 0.195 0.002 m18
#box: 0.728 0.156 0.000 0.755 0.202 0.002 m6
#box: 0.083 0.110 0.000 0.114 0.153 0.002 m15
#box: 0.572 0.113 0.000 0.588 0.150 0.002 m3
#box: 0.500 0.192 0.000 0.528 0.229 0.002 m1
#box: 0.154 0.169 0.000 0.177 0.196 0.002 m8
#box: 0.512 0.190 0.000 0.519 0.225 0.002 m8
#box: 0.268 0.118 0.000 0.296 0.150 0.002 m3
#box: 0.618 0.173 0.000 0.654 0.195 0.002 m17
#box: 0.057 0.151 0.000 0.070 0.198 0.002 m16
#box: 1.072 0.210 0.000 1.100 0.233 0.002 m1
#box: 0.231 0.134 0.000 0.255 0.169 0.002 m18
#box: 0.673 0.170 0.000 0.705 0.199 0.002 m11
#box: 0.763 0.152 0.000 0.801 0.191 0.002 m11
#box: 0.733 0.156 0.000 0.738 0.202 0.002 m5
#box: 0.920 0.182 0.000 0.932 0.210 0.002 m10
#box: 0.001 0.198 0.000 0.011 0.223 0.002 m8
#box: 0.720 0.168 0.000 0.754 0.202 0.002 m11
#box: 0.315 0.160 0.000 0.349 0.208 0.002 m11
#box: 0.302 0.194 0.000 0.312 0.237 0.002 m9
#box: 0.264 0.171 0.000 0.272 0.221 0.002 m5
