testingplz 
#domain: 1.200 0.300 0.002 
#dx_dy_dz: 0.002 0.002 0.002 
#time_window: 5.000000e-09 

#excitation_file: mala_source_modified.txt 
#hertzian_dipole: z 0.080 0.250 0 mala_source 
#rx: 0.120 0.250 0.000 
#src_steps: 0.002 0.000 0.000 
#rx_steps: 0.002 0.000 0.000 

#material: 5.000 0.220 1.000 0.000 concrete
#material: 1.000 0.000 1.000 0.000 air
#material: 80.000 0.500 1.000 0.000 water

#material: 1.000 0.000 1.000 0.000 m1
#material: 2.000 0.000 1.000 0.000 m2
#material: 3.000 0.000 1.000 0.000 m3
#material: 4.000 0.000 1.000 0.000 m4
#material: 5.000 0.000 1.000 0.000 m5
#material: 6.000 0.000 1.000 0.000 m6
#material: 7.000 0.000 1.000 0.000 m7
#material: 8.000 0.000 1.000 0.000 m8
#material: 9.000 0.000 1.000 0.000 m9
#material: 10.000 0.000 1.000 0.000 m10
#material: 11.000 0.000 1.000 0.000 m11
#material: 12.000 0.000 1.000 0.000 m12
#material: 13.000 0.000 1.000 0.000 m13
#material: 14.000 0.000 1.000 0.000 m14
#material: 15.000 0.000 1.000 0.000 m15
#material: 16.000 0.000 1.000 0.000 m16
#material: 17.000 0.000 1.000 0.000 m17
#material: 18.000 0.000 1.000 0.000 m18
#material: 19.000 0.000 1.000 0.000 m19
#material: 20.000 0.000 1.000 0.000 m20

#box: 0.000 0.000 0.000 1.200 0.250 0.002 concrete

#box: 0.791 0.158 0.000 0.824 0.191 0.002 m4
#box: 0.295 0.201 0.000 0.306 0.238 0.002 m6
#box: 0.516 0.131 0.000 0.526 0.159 0.002 m8
#box: 0.407 0.190 0.000 0.433 0.213 0.002 m2
#box: 0.165 0.168 0.000 0.176 0.204 0.002 m16
#box: 1.068 0.178 0.000 1.103 0.227 0.002 m5
#box: 0.778 0.178 0.000 0.811 0.202 0.002 m16
#box: 1.063 0.199 0.000 1.081 0.247 0.002 m16
#box: 0.345 0.220 0.000 0.368 0.247 0.002 m5
#box: 0.475 0.128 0.000 0.488 0.164 0.002 m10
#box: 0.325 0.165 0.000 0.334 0.188 0.002 m19
#box: 0.318 0.179 0.000 0.329 0.218 0.002 m11
#box: 0.524 0.145 0.000 0.557 0.176 0.002 m17
#box: 0.161 0.140 0.000 0.184 0.177 0.002 m20
#box: 0.562 0.189 0.000 0.600 0.233 0.002 m15
#box: 0.799 0.126 0.000 0.826 0.164 0.002 m5
#box: 0.415 0.102 0.000 0.434 0.150 0.002 m12
#box: 0.982 0.193 0.000 1.018 0.225 0.002 m3
#box: 0.406 0.204 0.000 0.436 0.238 0.002 m13
#box: 0.672 0.118 0.000 0.699 0.158 0.002 m12
#box: 0.719 0.179 0.000 0.728 0.218 0.002 m4
#box: 0.463 0.168 0.000 0.468 0.190 0.002 m1
#box: 0.836 0.179 0.000 0.874 0.221 0.002 m17
#box: 0.986 0.130 0.000 1.012 0.154 0.002 m7
#box: 0.551 0.183 0.000 0.586 0.233 0.002 m17
#box: 0.303 0.205 0.000 0.315 0.239 0.002 m17
#box: 0.505 0.128 0.000 0.545 0.178 0.002 m15
#box: 0.322 0.170 0.000 0.347 0.196 0.002 m7
#box: 0.073 0.186 0.000 0.077 0.212 0.002 m11
#box: 0.317 0.171 0.000 0.355 0.207 0.002 m10
#box: 0.183 0.170 0.000 0.193 0.211 0.002 m16
#box: 0.905 0.215 0.000 0.929 0.241 0.002 m1
#box: 1.047 0.221 0.000 1.087 0.244 0.002 m17
#box: 0.478 0.134 0.000 0.494 0.157 0.002 m4
#box: 0.559 0.119 0.000 0.598 0.163 0.002 m17
#box: 0.087 0.192 0.000 0.123 0.223 0.002 m6
#box: 0.879 0.221 0.000 0.908 0.250 0.002 m8
#box: 0.923 0.188 0.000 0.936 0.225 0.002 m16
#box: 0.947 0.205 0.000 0.958 0.246 0.002 m5
#box: 0.665 0.158 0.000 0.701 0.181 0.002 m12
#box: 0.012 0.147 0.000 0.048 0.189 0.002 m19
#box: 0.766 0.141 0.000 0.803 0.184 0.002 m5
#box: 0.685 0.188 0.000 0.712 0.222 0.002 m18
#box: 0.292 0.121 0.000 0.314 0.171 0.002 m18
#box: 0.235 0.195 0.000 0.240 0.225 0.002 m11
#box: 0.455 0.167 0.000 0.470 0.195 0.002 m20
#box: 0.484 0.135 0.000 0.496 0.155 0.002 m11
#box: 0.630 0.190 0.000 0.660 0.240 0.002 m2
#box: 0.566 0.144 0.000 0.584 0.191 0.002 m18
#box: 0.727 0.162 0.000 0.731 0.194 0.002 m10
#box: 0.725 0.153 0.000 0.742 0.185 0.002 m11
#box: 0.198 0.137 0.000 0.208 0.167 0.002 m13
#box: 0.941 0.204 0.000 0.950 0.239 0.002 m4
#box: 0.503 0.138 0.000 0.543 0.188 0.002 m4
#box: 0.846 0.145 0.000 0.877 0.168 0.002 m6
#box: 0.550 0.121 0.000 0.582 0.168 0.002 m17
#box: 0.374 0.199 0.000 0.391 0.224 0.002 m18
#box: 0.295 0.198 0.000 0.316 0.246 0.002 m19
#box: 0.919 0.184 0.000 0.945 0.219 0.002 m1
#box: 0.871 0.171 0.000 0.901 0.215 0.002 m10
#box: 0.330 0.202 0.000 0.360 0.231 0.002 m2
#box: 0.576 0.191 0.000 0.606 0.237 0.002 m18
#box: 0.342 0.170 0.000 0.364 0.215 0.002 m12
#box: 0.654 0.186 0.000 0.673 0.236 0.002 m5
#box: 0.667 0.222 0.000 0.688 0.250 0.002 m12
#box: 0.377 0.136 0.000 0.394 0.164 0.002 m19
#box: 0.194 0.191 0.000 0.213 0.231 0.002 m14
#box: 0.716 0.187 0.000 0.741 0.207 0.002 m6
#box: 0.960 0.186 0.000 0.983 0.216 0.002 m13
#box: 0.970 0.203 0.000 1.001 0.234 0.002 m6
#box: 0.304 0.185 0.000 0.310 0.209 0.002 m3
#box: 0.205 0.159 0.000 0.223 0.187 0.002 m10
#box: 0.252 0.141 0.000 0.281 0.180 0.002 m15
#box: 1.099 0.183 0.000 1.125 0.212 0.002 m9
#box: 0.770 0.122 0.000 0.783 0.151 0.002 m13
#box: 0.271 0.178 0.000 0.286 0.220 0.002 m8
#box: 1.099 0.163 0.000 1.105 0.200 0.002 m9
#box: 0.794 0.187 0.000 0.814 0.209 0.002 m6
#box: 0.773 0.202 0.000 0.794 0.247 0.002 m8
#box: 1.081 0.123 0.000 1.102 0.152 0.002 m4
#box: 0.139 0.169 0.000 0.156 0.204 0.002 m19
#box: 0.266 0.208 0.000 0.300 0.246 0.002 m2
#box: 0.344 0.148 0.000 0.366 0.192 0.002 m14
#box: 0.196 0.168 0.000 0.224 0.207 0.002 m2
#box: 0.067 0.205 0.000 0.099 0.229 0.002 m6
#box: 0.828 0.194 0.000 0.865 0.235 0.002 m2
#box: 0.030 0.170 0.000 0.069 0.205 0.002 m11
#box: 0.097 0.146 0.000 0.102 0.195 0.002 m19
#box: 0.040 0.149 0.000 0.064 0.173 0.002 m1
#box: 0.365 0.163 0.000 0.377 0.186 0.002 m17
#box: 0.038 0.173 0.000 0.059 0.202 0.002 m9
#box: 0.593 0.141 0.000 0.597 0.190 0.002 m4
#box: 0.558 0.176 0.000 0.567 0.199 0.002 m9
#box: 0.738 0.225 0.000 0.762 0.248 0.002 m15
#box: 0.079 0.133 0.000 0.115 0.157 0.002 m6
#box: 0.778 0.112 0.000 0.812 0.158 0.002 m16
#box: 1.085 0.167 0.000 1.100 0.195 0.002 m11
#box: 0.435 0.138 0.000 0.470 0.181 0.002 m2
#box: 0.587 0.113 0.000 0.613 0.155 0.002 m16
#box: 1.041 0.193 0.000 1.078 0.229 0.002 m19
#box: 0.445 0.200 0.000 0.455 0.226 0.002 m6
#box: 0.681 0.219 0.000 0.710 0.250 0.002 m6
#box: 0.211 0.219 0.000 0.218 0.248 0.002 m6
#box: 0.394 0.180 0.000 0.430 0.216 0.002 m2
#box: 0.497 0.163 0.000 0.537 0.189 0.002 m3
#box: 0.466 0.183 0.000 0.479 0.221 0.002 m15
#box: 0.178 0.169 0.000 0.201 0.219 0.002 m3
#box: 1.069 0.141 0.000 1.108 0.174 0.002 m3
#box: 0.723 0.230 0.000 0.738 0.250 0.002 m6
#box: 0.009 0.214 0.000 0.013 0.239 0.002 m1
#box: 0.794 0.147 0.000 0.820 0.186 0.002 m19
#box: 0.010 0.111 0.000 0.014 0.154 0.002 m2
#box: 0.529 0.171 0.000 0.548 0.216 0.002 m4
#box: 0.205 0.177 0.000 0.228 0.216 0.002 m4
#box: 0.876 0.213 0.000 0.913 0.240 0.002 m13
#box: 1.057 0.192 0.000 1.087 0.235 0.002 m5
#box: 1.092 0.203 0.000 1.096 0.225 0.002 m17
#box: 0.532 0.158 0.000 0.552 0.197 0.002 m4
#box: 0.514 0.143 0.000 0.541 0.175 0.002 m20
#box: 1.092 0.201 0.000 1.097 0.248 0.002 m5
#box: 0.401 0.133 0.000 0.439 0.163 0.002 m9
#box: 0.047 0.127 0.000 0.082 0.162 0.002 m6
#box: 0.018 0.186 0.000 0.031 0.215 0.002 m14
#box: 0.939 0.156 0.000 0.977 0.183 0.002 m7
#box: 0.802 0.200 0.000 0.842 0.228 0.002 m8
#box: 0.409 0.172 0.000 0.447 0.198 0.002 m9
#box: 0.356 0.191 0.000 0.382 0.236 0.002 m4
#box: 0.675 0.137 0.000 0.690 0.164 0.002 m1
#box: 0.218 0.164 0.000 0.232 0.211 0.002 m2
#box: 0.820 0.158 0.000 0.860 0.190 0.002 m4
#box: 0.357 0.154 0.000 0.381 0.193 0.002 m11
#box: 0.302 0.184 0.000 0.323 0.225 0.002 m7
#box: 0.781 0.191 0.000 0.818 0.230 0.002 m9
#box: 1.050 0.213 0.000 1.085 0.244 0.002 m19
#box: 0.125 0.135 0.000 0.132 0.176 0.002 m10
#box: 0.165 0.173 0.000 0.183 0.202 0.002 m14
#box: 0.352 0.220 0.000 0.390 0.245 0.002 m9
#box: 0.923 0.148 0.000 0.957 0.188 0.002 m9
#box: 0.759 0.121 0.000 0.767 0.151 0.002 m19
#box: 0.250 0.204 0.000 0.272 0.248 0.002 m7
#box: 0.059 0.140 0.000 0.067 0.188 0.002 m14
#box: 0.749 0.155 0.000 0.770 0.197 0.002 m8
#box: 0.342 0.141 0.000 0.356 0.191 0.002 m6
#box: 1.100 0.134 0.000 1.112 0.159 0.002 m16
#box: 0.259 0.112 0.000 0.264 0.153 0.002 m10
#box: 0.857 0.174 0.000 0.888 0.213 0.002 m10
#box: 1.061 0.207 0.000 1.070 0.230 0.002 m18
#box: 0.719 0.112 0.000 0.744 0.154 0.002 m15
#box: 0.780 0.214 0.000 0.785 0.238 0.002 m20
#box: 0.610 0.164 0.000 0.640 0.199 0.002 m16
#box: 0.326 0.181 0.000 0.362 0.204 0.002 m6
#box: 0.689 0.162 0.000 0.704 0.211 0.002 m10
#box: 0.012 0.184 0.000 0.045 0.208 0.002 m7
#box: 0.900 0.194 0.000 0.936 0.230 0.002 m19
#box: 0.352 0.175 0.000 0.386 0.223 0.002 m7
#box: 0.315 0.144 0.000 0.342 0.184 0.002 m13
#box: 0.766 0.226 0.000 0.783 0.248 0.002 m9
#box: 0.630 0.154 0.000 0.668 0.195 0.002 m9
#box: 0.168 0.138 0.000 0.184 0.164 0.002 m10
#box: 1.034 0.189 0.000 1.068 0.237 0.002 m11
#box: 1.082 0.149 0.000 1.087 0.199 0.002 m6
#box: 0.492 0.184 0.000 0.530 0.217 0.002 m20
#box: 0.924 0.110 0.000 0.939 0.152 0.002 m6
#box: 0.098 0.118 0.000 0.137 0.164 0.002 m16
#box: 0.879 0.151 0.000 0.888 0.172 0.002 m11
#box: 0.097 0.182 0.000 0.130 0.226 0.002 m1
#box: 1.049 0.133 0.000 1.082 0.176 0.002 m4
#box: 0.712 0.190 0.000 0.745 0.225 0.002 m20
#box: 1.004 0.212 0.000 1.019 0.232 0.002 m4
#box: 0.412 0.115 0.000 0.427 0.156 0.002 m19
#box: 0.736 0.205 0.000 0.740 0.232 0.002 m10
#box: 0.996 0.172 0.000 1.018 0.218 0.002 m8
#box: 0.742 0.115 0.000 0.748 0.150 0.002 m10
#box: 0.796 0.193 0.000 0.806 0.229 0.002 m2
#box: 0.550 0.118 0.000 0.581 0.162 0.002 m2
#box: 1.056 0.200 0.000 1.073 0.249 0.002 m18
#box: 0.707 0.134 0.000 0.729 0.180 0.002 m1
#box: 0.973 0.209 0.000 0.977 0.239 0.002 m2
#box: 0.405 0.196 0.000 0.440 0.239 0.002 m13
#box: 1.013 0.141 0.000 1.018 0.191 0.002 m10
#box: 0.406 0.188 0.000 0.431 0.209 0.002 m4
#box: 0.047 0.149 0.000 0.052 0.169 0.002 m16
#box: 0.536 0.138 0.000 0.560 0.170 0.002 m19
#box: 0.561 0.111 0.000 0.569 0.156 0.002 m3
#box: 0.450 0.168 0.000 0.479 0.207 0.002 m16
#box: 0.673 0.148 0.000 0.681 0.182 0.002 m4
#box: 0.749 0.190 0.000 0.780 0.233 0.002 m14
#box: 0.415 0.179 0.000 0.433 0.229 0.002 m1
#box: 0.098 0.185 0.000 0.115 0.234 0.002 m14
#box: 0.204 0.198 0.000 0.237 0.240 0.002 m13
#box: 0.497 0.180 0.000 0.520 0.228 0.002 m17
#box: 0.728 0.131 0.000 0.744 0.158 0.002 m9
#box: 0.939 0.118 0.000 0.948 0.156 0.002 m19
#box: 0.456 0.179 0.000 0.480 0.222 0.002 m2
#box: 0.618 0.167 0.000 0.651 0.205 0.002 m11
#box: 0.358 0.128 0.000 0.366 0.163 0.002 m15
#box: 0.812 0.207 0.000 0.834 0.239 0.002 m1
#box: 0.657 0.142 0.000 0.696 0.169 0.002 m3
#box: 0.750 0.132 0.000 0.782 0.171 0.002 m6
#box: 0.034 0.168 0.000 0.071 0.196 0.002 m4
