testingplz 
#domain: 1.200 0.300 0.002 
#dx_dy_dz: 0.002 0.002 0.002 
#time_window: 5.000000e-09 

#excitation_file: mala_source_modified.txt 
#hertzian_dipole: z 0.080 0.250 0 mala_source 
#rx: 0.120 0.250 0.000 
#src_steps: 0.002 0.000 0.000 
#rx_steps: 0.002 0.000 0.000 

#material: 5.000 0.220 1.000 0.000 concrete
#material: 1.000 0.000 1.000 0.000 air
#material: 80.000 0.500 1.000 0.000 water

#material: 1.000 0.000 1.000 0.000 m1
#material: 2.000 0.000 1.000 0.000 m2
#material: 3.000 0.000 1.000 0.000 m3
#material: 4.000 0.000 1.000 0.000 m4
#material: 5.000 0.000 1.000 0.000 m5
#material: 6.000 0.000 1.000 0.000 m6
#material: 7.000 0.000 1.000 0.000 m7
#material: 8.000 0.000 1.000 0.000 m8
#material: 9.000 0.000 1.000 0.000 m9
#material: 10.000 0.000 1.000 0.000 m10
#material: 11.000 0.000 1.000 0.000 m11
#material: 12.000 0.000 1.000 0.000 m12
#material: 13.000 0.000 1.000 0.000 m13
#material: 14.000 0.000 1.000 0.000 m14
#material: 15.000 0.000 1.000 0.000 m15
#material: 16.000 0.000 1.000 0.000 m16
#material: 17.000 0.000 1.000 0.000 m17
#material: 18.000 0.000 1.000 0.000 m18
#material: 19.000 0.000 1.000 0.000 m19
#material: 20.000 0.000 1.000 0.000 m20

#box: 0.000 0.000 0.000 1.200 0.250 0.002 concrete

#box: 0.975 0.135 0.000 0.984 0.156 0.002 m13
#box: 0.950 0.154 0.000 0.959 0.204 0.002 m18
#box: 0.637 0.120 0.000 0.642 0.159 0.002 m3
#box: 0.095 0.195 0.000 0.123 0.223 0.002 m15
#box: 0.114 0.193 0.000 0.122 0.218 0.002 m19
#box: 0.588 0.164 0.000 0.628 0.186 0.002 m6
#box: 0.523 0.192 0.000 0.537 0.218 0.002 m2
#box: 0.679 0.175 0.000 0.715 0.200 0.002 m14
#box: 0.159 0.170 0.000 0.175 0.219 0.002 m14
#box: 0.659 0.188 0.000 0.680 0.216 0.002 m20
#box: 0.647 0.146 0.000 0.655 0.171 0.002 m12
#box: 0.138 0.162 0.000 0.158 0.202 0.002 m2
#box: 0.568 0.197 0.000 0.581 0.222 0.002 m14
#box: 0.518 0.141 0.000 0.552 0.181 0.002 m5
#box: 0.401 0.217 0.000 0.410 0.246 0.002 m2
#box: 0.638 0.211 0.000 0.675 0.242 0.002 m8
#box: 0.706 0.170 0.000 0.739 0.193 0.002 m11
#box: 0.647 0.205 0.000 0.673 0.236 0.002 m20
#box: 0.031 0.182 0.000 0.066 0.222 0.002 m13
#box: 0.725 0.119 0.000 0.756 0.167 0.002 m4
#box: 0.278 0.170 0.000 0.286 0.195 0.002 m8
#box: 0.918 0.144 0.000 0.927 0.183 0.002 m4
#box: 0.574 0.207 0.000 0.579 0.235 0.002 m11
#box: 0.027 0.183 0.000 0.032 0.207 0.002 m11
#box: 0.251 0.176 0.000 0.283 0.218 0.002 m3
#box: 0.942 0.205 0.000 0.958 0.232 0.002 m12
#box: 1.025 0.150 0.000 1.031 0.191 0.002 m4
#box: 0.781 0.150 0.000 0.789 0.191 0.002 m14
#box: 0.772 0.129 0.000 0.800 0.160 0.002 m20
#box: 0.544 0.127 0.000 0.577 0.157 0.002 m4
#box: 0.767 0.190 0.000 0.797 0.227 0.002 m9
#box: 0.468 0.195 0.000 0.499 0.222 0.002 m14
#box: 0.919 0.201 0.000 0.959 0.239 0.002 m20
#box: 0.868 0.164 0.000 0.902 0.191 0.002 m1
#box: 0.661 0.182 0.000 0.672 0.214 0.002 m5
#box: 0.180 0.156 0.000 0.210 0.201 0.002 m5
#box: 0.491 0.137 0.000 0.520 0.178 0.002 m7
#box: 0.789 0.171 0.000 0.804 0.201 0.002 m2
#box: 0.846 0.124 0.000 0.861 0.171 0.002 m6
#box: 0.029 0.124 0.000 0.051 0.168 0.002 m18
#box: 0.749 0.173 0.000 0.785 0.207 0.002 m19
#box: 0.314 0.131 0.000 0.327 0.160 0.002 m3
#box: 0.542 0.167 0.000 0.564 0.202 0.002 m10
#box: 0.091 0.120 0.000 0.100 0.158 0.002 m1
#box: 0.464 0.168 0.000 0.487 0.212 0.002 m17
#box: 0.005 0.193 0.000 0.039 0.233 0.002 m20
#box: 0.163 0.143 0.000 0.196 0.167 0.002 m4
#box: 0.592 0.156 0.000 0.598 0.200 0.002 m16
#box: 0.821 0.210 0.000 0.835 0.248 0.002 m6
#box: 0.178 0.174 0.000 0.218 0.218 0.002 m11
#box: 0.427 0.179 0.000 0.451 0.219 0.002 m12
#box: 0.255 0.179 0.000 0.267 0.200 0.002 m15
#box: 0.466 0.193 0.000 0.487 0.230 0.002 m14
#box: 0.027 0.118 0.000 0.041 0.151 0.002 m12
#box: 0.685 0.200 0.000 0.690 0.235 0.002 m15
#box: 0.929 0.184 0.000 0.950 0.204 0.002 m2
#box: 0.404 0.148 0.000 0.414 0.191 0.002 m14
#box: 0.956 0.153 0.000 0.975 0.197 0.002 m11
#box: 0.804 0.178 0.000 0.826 0.228 0.002 m3
#box: 0.174 0.184 0.000 0.194 0.226 0.002 m4
#box: 0.972 0.126 0.000 0.982 0.174 0.002 m5
#box: 0.902 0.155 0.000 0.930 0.177 0.002 m20
#box: 0.971 0.185 0.000 0.999 0.226 0.002 m2
#box: 0.121 0.176 0.000 0.147 0.198 0.002 m20
#box: 0.408 0.203 0.000 0.443 0.236 0.002 m2
#box: 0.680 0.123 0.000 0.712 0.170 0.002 m13
#box: 0.600 0.187 0.000 0.610 0.214 0.002 m18
#box: 0.918 0.161 0.000 0.949 0.191 0.002 m20
#box: 1.084 0.108 0.000 1.089 0.155 0.002 m7
#box: 0.595 0.187 0.000 0.630 0.233 0.002 m12
#box: 0.125 0.187 0.000 0.165 0.221 0.002 m15
#box: 0.110 0.125 0.000 0.123 0.158 0.002 m10
#box: 0.421 0.149 0.000 0.428 0.173 0.002 m1
#box: 0.049 0.143 0.000 0.067 0.181 0.002 m3
#box: 0.002 0.209 0.000 0.039 0.234 0.002 m4
#box: 0.977 0.170 0.000 1.017 0.211 0.002 m9
#box: 0.747 0.157 0.000 0.771 0.187 0.002 m5
#box: 1.052 0.155 0.000 1.081 0.187 0.002 m8
#box: 0.724 0.204 0.000 0.737 0.233 0.002 m2
#box: 0.402 0.133 0.000 0.434 0.155 0.002 m6
#box: 0.233 0.155 0.000 0.261 0.203 0.002 m10
#box: 0.752 0.122 0.000 0.779 0.160 0.002 m9
#box: 0.803 0.142 0.000 0.839 0.169 0.002 m1
#box: 0.654 0.152 0.000 0.688 0.194 0.002 m5
#box: 0.789 0.127 0.000 0.824 0.172 0.002 m17
#box: 0.725 0.183 0.000 0.729 0.226 0.002 m17
#box: 0.350 0.181 0.000 0.362 0.226 0.002 m16
#box: 0.727 0.202 0.000 0.738 0.244 0.002 m9
#box: 0.418 0.136 0.000 0.437 0.172 0.002 m17
#box: 0.350 0.136 0.000 0.366 0.183 0.002 m6
#box: 0.289 0.172 0.000 0.297 0.208 0.002 m1
#box: 0.686 0.118 0.000 0.716 0.168 0.002 m3
#box: 0.606 0.174 0.000 0.640 0.219 0.002 m7
#box: 0.255 0.143 0.000 0.275 0.191 0.002 m4
#box: 0.713 0.171 0.000 0.731 0.192 0.002 m13
#box: 0.540 0.140 0.000 0.580 0.182 0.002 m3
#box: 0.842 0.153 0.000 0.878 0.194 0.002 m15
#box: 0.386 0.183 0.000 0.418 0.222 0.002 m6
#box: 0.623 0.160 0.000 0.657 0.201 0.002 m11
#box: 0.114 0.192 0.000 0.138 0.231 0.002 m10
#box: 0.182 0.176 0.000 0.217 0.213 0.002 m2
#box: 0.703 0.149 0.000 0.730 0.187 0.002 m13
#box: 0.025 0.186 0.000 0.063 0.211 0.002 m5
#box: 0.083 0.136 0.000 0.087 0.177 0.002 m5
#box: 0.378 0.150 0.000 0.397 0.190 0.002 m16
#box: 0.570 0.176 0.000 0.601 0.212 0.002 m12
#box: 0.655 0.193 0.000 0.668 0.232 0.002 m15
#box: 0.989 0.209 0.000 1.002 0.245 0.002 m7
#box: 0.645 0.161 0.000 0.666 0.189 0.002 m8
#box: 0.322 0.179 0.000 0.327 0.208 0.002 m5
#box: 0.023 0.102 0.000 0.062 0.152 0.002 m10
#box: 1.034 0.112 0.000 1.047 0.162 0.002 m6
#box: 0.489 0.148 0.000 0.524 0.184 0.002 m20
#box: 0.198 0.170 0.000 0.206 0.191 0.002 m10
#box: 0.744 0.214 0.000 0.780 0.238 0.002 m5
#box: 0.406 0.212 0.000 0.441 0.238 0.002 m9
#box: 0.323 0.174 0.000 0.337 0.208 0.002 m10
#box: 0.456 0.183 0.000 0.491 0.226 0.002 m16
#box: 0.814 0.196 0.000 0.846 0.243 0.002 m5
#box: 0.041 0.193 0.000 0.073 0.229 0.002 m9
#box: 0.813 0.200 0.000 0.829 0.249 0.002 m20
#box: 0.144 0.151 0.000 0.176 0.200 0.002 m10
#box: 0.803 0.131 0.000 0.809 0.179 0.002 m13
#box: 0.373 0.156 0.000 0.398 0.194 0.002 m5
#box: 0.242 0.146 0.000 0.275 0.177 0.002 m3
#box: 0.297 0.107 0.000 0.301 0.156 0.002 m12
#box: 0.345 0.209 0.000 0.378 0.229 0.002 m6
#box: 0.624 0.194 0.000 0.653 0.227 0.002 m9
#box: 0.682 0.139 0.000 0.703 0.170 0.002 m11
#box: 0.354 0.124 0.000 0.367 0.170 0.002 m18
#box: 0.680 0.122 0.000 0.702 0.156 0.002 m11
#box: 0.922 0.163 0.000 0.939 0.203 0.002 m19
#box: 0.778 0.195 0.000 0.783 0.229 0.002 m3
#box: 0.681 0.163 0.000 0.698 0.211 0.002 m4
#box: 1.007 0.191 0.000 1.020 0.232 0.002 m6
#box: 0.256 0.173 0.000 0.286 0.210 0.002 m4
#box: 0.813 0.165 0.000 0.839 0.195 0.002 m1
#box: 0.476 0.147 0.000 0.496 0.181 0.002 m15
#box: 0.370 0.199 0.000 0.398 0.224 0.002 m11
#box: 1.078 0.220 0.000 1.102 0.243 0.002 m8
#box: 0.638 0.187 0.000 0.673 0.215 0.002 m15
#box: 0.806 0.127 0.000 0.815 0.158 0.002 m2
#box: 0.143 0.139 0.000 0.176 0.168 0.002 m17
#box: 0.035 0.190 0.000 0.055 0.216 0.002 m12
#box: 0.421 0.203 0.000 0.457 0.236 0.002 m10
#box: 0.163 0.126 0.000 0.169 0.168 0.002 m16
#box: 0.452 0.129 0.000 0.473 0.165 0.002 m16
#box: 0.980 0.180 0.000 0.985 0.227 0.002 m3
#box: 0.624 0.148 0.000 0.654 0.190 0.002 m19
#box: 0.989 0.151 0.000 1.022 0.180 0.002 m12
#box: 0.654 0.136 0.000 0.660 0.163 0.002 m1
#box: 1.076 0.183 0.000 1.109 0.205 0.002 m7
#box: 0.369 0.131 0.000 0.404 0.155 0.002 m11
#box: 0.874 0.197 0.000 0.893 0.220 0.002 m20
#box: 0.076 0.135 0.000 0.103 0.176 0.002 m5
#box: 0.679 0.208 0.000 0.705 0.240 0.002 m18
#box: 0.347 0.193 0.000 0.375 0.230 0.002 m9
#box: 0.943 0.211 0.000 0.961 0.245 0.002 m11
#box: 0.272 0.132 0.000 0.304 0.177 0.002 m3
#box: 0.827 0.127 0.000 0.845 0.150 0.002 m18
#box: 0.941 0.221 0.000 0.975 0.249 0.002 m19
#box: 0.177 0.176 0.000 0.185 0.212 0.002 m2
#box: 0.292 0.105 0.000 0.317 0.151 0.002 m20
#box: 0.211 0.190 0.000 0.232 0.229 0.002 m8
#box: 0.474 0.217 0.000 0.481 0.246 0.002 m3
#box: 0.972 0.115 0.000 0.999 0.164 0.002 m13
#box: 0.791 0.142 0.000 0.805 0.186 0.002 m8
#box: 0.513 0.204 0.000 0.529 0.242 0.002 m6
#box: 0.849 0.135 0.000 0.868 0.164 0.002 m20
#box: 0.137 0.196 0.000 0.153 0.236 0.002 m18
#box: 0.509 0.109 0.000 0.533 0.154 0.002 m7
#box: 0.235 0.160 0.000 0.272 0.186 0.002 m13
#box: 0.791 0.174 0.000 0.796 0.212 0.002 m8
#box: 0.990 0.166 0.000 1.008 0.208 0.002 m17
#box: 0.206 0.136 0.000 0.210 0.186 0.002 m6
#box: 0.935 0.134 0.000 0.953 0.171 0.002 m13
#box: 0.908 0.203 0.000 0.945 0.248 0.002 m16
#box: 0.793 0.105 0.000 0.820 0.151 0.002 m7
#box: 0.280 0.156 0.000 0.301 0.195 0.002 m17
#box: 0.054 0.167 0.000 0.080 0.203 0.002 m1
#box: 1.018 0.148 0.000 1.030 0.176 0.002 m18
#box: 0.384 0.130 0.000 0.414 0.154 0.002 m5
#box: 0.948 0.202 0.000 0.980 0.223 0.002 m17
#box: 0.958 0.198 0.000 0.963 0.239 0.002 m14
#box: 1.036 0.171 0.000 1.070 0.216 0.002 m16
#box: 0.118 0.142 0.000 0.135 0.180 0.002 m10
#box: 0.503 0.185 0.000 0.535 0.227 0.002 m12
#box: 0.785 0.152 0.000 0.820 0.172 0.002 m20
#box: 0.710 0.217 0.000 0.727 0.250 0.002 m1
#box: 0.598 0.126 0.000 0.606 0.173 0.002 m12
#box: 0.684 0.187 0.000 0.704 0.236 0.002 m16
#box: 0.800 0.133 0.000 0.825 0.170 0.002 m8
#box: 0.905 0.178 0.000 0.920 0.215 0.002 m9
#box: 0.677 0.117 0.000 0.717 0.157 0.002 m7
#box: 0.823 0.161 0.000 0.847 0.182 0.002 m7
#box: 0.814 0.184 0.000 0.854 0.231 0.002 m5
#box: 0.858 0.137 0.000 0.879 0.177 0.002 m8
#box: 0.435 0.192 0.000 0.450 0.221 0.002 m12
#box: 0.208 0.197 0.000 0.220 0.225 0.002 m17
#box: 0.493 0.118 0.000 0.499 0.164 0.002 m7
