testingplz 
#domain: 1.200 0.300 0.002 
#dx_dy_dz: 0.002 0.002 0.002 
#time_window: 5.000000e-09 

#excitation_file: mala_source_modified.txt 
#hertzian_dipole: z 0.080 0.250 0 mala_source 
#rx: 0.120 0.250 0.000 
#src_steps: 0.002 0.000 0.000 
#rx_steps: 0.002 0.000 0.000 

#material: 5.000 0.220 1.000 0.000 concrete
#material: 1.000 0.000 1.000 0.000 air
#material: 80.000 0.500 1.000 0.000 water

#material: 1.000 0.000 1.000 0.000 m1
#material: 2.000 0.000 1.000 0.000 m2
#material: 3.000 0.000 1.000 0.000 m3
#material: 4.000 0.000 1.000 0.000 m4
#material: 5.000 0.000 1.000 0.000 m5
#material: 6.000 0.000 1.000 0.000 m6
#material: 7.000 0.000 1.000 0.000 m7
#material: 8.000 0.000 1.000 0.000 m8
#material: 9.000 0.000 1.000 0.000 m9
#material: 10.000 0.000 1.000 0.000 m10
#material: 11.000 0.000 1.000 0.000 m11
#material: 12.000 0.000 1.000 0.000 m12
#material: 13.000 0.000 1.000 0.000 m13
#material: 14.000 0.000 1.000 0.000 m14
#material: 15.000 0.000 1.000 0.000 m15
#material: 16.000 0.000 1.000 0.000 m16
#material: 17.000 0.000 1.000 0.000 m17
#material: 18.000 0.000 1.000 0.000 m18
#material: 19.000 0.000 1.000 0.000 m19
#material: 20.000 0.000 1.000 0.000 m20

#box: 0.000 0.000 0.000 1.200 0.250 0.002 concrete

#box: 0.620 0.182 0.000 0.660 0.211 0.002 m14
#box: 0.413 0.113 0.000 0.440 0.157 0.002 m2
#box: 0.510 0.131 0.000 0.541 0.176 0.002 m10
#box: 0.047 0.133 0.000 0.086 0.163 0.002 m1
#box: 0.548 0.160 0.000 0.580 0.191 0.002 m7
#box: 0.421 0.203 0.000 0.454 0.238 0.002 m16
#box: 0.365 0.169 0.000 0.385 0.216 0.002 m7
#box: 1.060 0.198 0.000 1.076 0.221 0.002 m1
#box: 0.752 0.205 0.000 0.762 0.231 0.002 m20
#box: 0.260 0.204 0.000 0.282 0.249 0.002 m15
#box: 0.765 0.137 0.000 0.783 0.165 0.002 m2
#box: 0.266 0.194 0.000 0.279 0.214 0.002 m1
#box: 0.013 0.208 0.000 0.028 0.242 0.002 m4
#box: 0.152 0.149 0.000 0.175 0.178 0.002 m19
#box: 0.648 0.145 0.000 0.667 0.166 0.002 m11
#box: 0.072 0.216 0.000 0.081 0.244 0.002 m2
#box: 0.851 0.146 0.000 0.867 0.172 0.002 m9
#box: 0.528 0.127 0.000 0.535 0.160 0.002 m1
#box: 1.008 0.190 0.000 1.038 0.218 0.002 m3
#box: 0.289 0.131 0.000 0.328 0.172 0.002 m20
#box: 0.539 0.138 0.000 0.567 0.174 0.002 m9
#box: 0.201 0.211 0.000 0.223 0.243 0.002 m17
#box: 0.927 0.222 0.000 0.967 0.248 0.002 m15
#box: 0.966 0.199 0.000 1.005 0.242 0.002 m17
#box: 0.659 0.159 0.000 0.664 0.206 0.002 m13
#box: 0.784 0.155 0.000 0.804 0.202 0.002 m11
#box: 0.531 0.216 0.000 0.566 0.240 0.002 m11
#box: 0.491 0.199 0.000 0.522 0.247 0.002 m19
#box: 0.724 0.169 0.000 0.760 0.200 0.002 m1
#box: 0.370 0.172 0.000 0.393 0.202 0.002 m15
#box: 0.423 0.200 0.000 0.435 0.244 0.002 m7
#box: 0.786 0.139 0.000 0.794 0.173 0.002 m7
#box: 0.679 0.172 0.000 0.706 0.193 0.002 m13
#box: 0.492 0.118 0.000 0.514 0.161 0.002 m5
#box: 0.674 0.157 0.000 0.682 0.180 0.002 m7
#box: 0.896 0.184 0.000 0.903 0.225 0.002 m12
#box: 0.211 0.160 0.000 0.226 0.202 0.002 m3
#box: 0.403 0.209 0.000 0.417 0.236 0.002 m20
#box: 0.637 0.166 0.000 0.660 0.204 0.002 m17
#box: 0.006 0.202 0.000 0.035 0.245 0.002 m14
#box: 0.905 0.134 0.000 0.941 0.176 0.002 m8
#box: 0.348 0.225 0.000 0.383 0.245 0.002 m19
#box: 0.239 0.162 0.000 0.249 0.206 0.002 m6
#box: 0.240 0.167 0.000 0.262 0.192 0.002 m16
#box: 0.238 0.182 0.000 0.242 0.215 0.002 m7
#box: 0.355 0.163 0.000 0.379 0.203 0.002 m11
#box: 0.502 0.123 0.000 0.524 0.161 0.002 m9
#box: 1.089 0.166 0.000 1.110 0.208 0.002 m9
#box: 1.036 0.153 0.000 1.057 0.180 0.002 m16
#box: 0.124 0.125 0.000 0.141 0.163 0.002 m10
#box: 0.748 0.180 0.000 0.762 0.226 0.002 m2
#box: 0.521 0.204 0.000 0.535 0.225 0.002 m15
#box: 0.536 0.192 0.000 0.563 0.221 0.002 m15
#box: 0.146 0.160 0.000 0.164 0.193 0.002 m14
#box: 0.859 0.195 0.000 0.876 0.216 0.002 m12
#box: 0.891 0.220 0.000 0.898 0.243 0.002 m12
#box: 0.701 0.187 0.000 0.716 0.209 0.002 m14
#box: 0.853 0.174 0.000 0.858 0.221 0.002 m8
#box: 1.059 0.128 0.000 1.080 0.164 0.002 m15
#box: 0.353 0.158 0.000 0.375 0.180 0.002 m4
#box: 0.601 0.184 0.000 0.620 0.228 0.002 m7
#box: 0.556 0.190 0.000 0.564 0.238 0.002 m2
#box: 0.325 0.109 0.000 0.336 0.155 0.002 m3
#box: 0.483 0.211 0.000 0.509 0.234 0.002 m5
#box: 0.951 0.204 0.000 0.971 0.242 0.002 m20
#box: 0.498 0.147 0.000 0.507 0.197 0.002 m17
#box: 0.116 0.162 0.000 0.127 0.209 0.002 m19
#box: 0.252 0.118 0.000 0.264 0.161 0.002 m20
#box: 1.039 0.176 0.000 1.076 0.196 0.002 m6
#box: 0.213 0.198 0.000 0.228 0.221 0.002 m1
#box: 1.090 0.148 0.000 1.100 0.186 0.002 m2
#box: 0.637 0.141 0.000 0.653 0.175 0.002 m13
#box: 0.430 0.187 0.000 0.441 0.214 0.002 m1
#box: 0.178 0.189 0.000 0.202 0.233 0.002 m9
#box: 0.265 0.137 0.000 0.302 0.158 0.002 m14
#box: 0.431 0.194 0.000 0.444 0.234 0.002 m2
#box: 0.158 0.196 0.000 0.196 0.235 0.002 m4
#box: 0.988 0.143 0.000 0.993 0.174 0.002 m2
#box: 0.855 0.182 0.000 0.889 0.229 0.002 m1
#box: 0.078 0.198 0.000 0.097 0.236 0.002 m14
#box: 0.099 0.167 0.000 0.114 0.207 0.002 m16
#box: 0.448 0.165 0.000 0.472 0.206 0.002 m9
#box: 0.449 0.178 0.000 0.470 0.215 0.002 m9
#box: 0.616 0.129 0.000 0.625 0.172 0.002 m18
#box: 0.974 0.141 0.000 1.002 0.170 0.002 m16
#box: 0.330 0.220 0.000 0.356 0.242 0.002 m6
#box: 0.211 0.114 0.000 0.223 0.151 0.002 m2
#box: 1.006 0.176 0.000 1.035 0.218 0.002 m1
#box: 0.771 0.192 0.000 0.776 0.233 0.002 m9
#box: 0.664 0.182 0.000 0.703 0.230 0.002 m1
#box: 0.152 0.167 0.000 0.175 0.203 0.002 m18
#box: 1.016 0.141 0.000 1.051 0.186 0.002 m11
#box: 0.778 0.180 0.000 0.796 0.207 0.002 m20
#box: 0.885 0.132 0.000 0.905 0.162 0.002 m14
#box: 0.325 0.176 0.000 0.333 0.215 0.002 m17
#box: 0.340 0.195 0.000 0.374 0.235 0.002 m18
#box: 0.536 0.138 0.000 0.556 0.176 0.002 m10
#box: 0.691 0.212 0.000 0.712 0.233 0.002 m17
#box: 0.390 0.215 0.000 0.415 0.235 0.002 m14
#box: 1.060 0.138 0.000 1.096 0.158 0.002 m9
#box: 0.572 0.190 0.000 0.591 0.222 0.002 m19
#box: 0.036 0.182 0.000 0.046 0.224 0.002 m10
#box: 0.335 0.148 0.000 0.354 0.197 0.002 m3
#box: 0.194 0.168 0.000 0.202 0.188 0.002 m14
#box: 1.032 0.215 0.000 1.066 0.239 0.002 m15
#box: 0.025 0.160 0.000 0.063 0.198 0.002 m4
#box: 0.595 0.123 0.000 0.631 0.170 0.002 m9
#box: 0.699 0.161 0.000 0.703 0.188 0.002 m18
#box: 0.623 0.133 0.000 0.657 0.182 0.002 m3
#box: 0.885 0.125 0.000 0.905 0.167 0.002 m2
#box: 0.046 0.139 0.000 0.086 0.185 0.002 m10
#box: 1.090 0.132 0.000 1.096 0.181 0.002 m16
#box: 1.049 0.138 0.000 1.084 0.182 0.002 m20
#box: 0.322 0.134 0.000 0.348 0.162 0.002 m9
#box: 0.166 0.201 0.000 0.203 0.242 0.002 m6
#box: 0.634 0.150 0.000 0.656 0.187 0.002 m10
#box: 0.561 0.221 0.000 0.580 0.246 0.002 m18
#box: 0.907 0.189 0.000 0.933 0.237 0.002 m20
#box: 1.058 0.118 0.000 1.083 0.160 0.002 m1
#box: 0.086 0.211 0.000 0.094 0.242 0.002 m19
#box: 0.434 0.190 0.000 0.470 0.218 0.002 m20
#box: 0.119 0.207 0.000 0.123 0.237 0.002 m12
#box: 0.300 0.136 0.000 0.337 0.178 0.002 m9
#box: 0.478 0.186 0.000 0.511 0.236 0.002 m3
#box: 0.494 0.181 0.000 0.505 0.223 0.002 m8
#box: 0.647 0.222 0.000 0.655 0.246 0.002 m6
#box: 0.101 0.160 0.000 0.128 0.206 0.002 m2
#box: 0.396 0.159 0.000 0.410 0.186 0.002 m9
#box: 0.991 0.146 0.000 1.017 0.177 0.002 m6
#box: 0.906 0.199 0.000 0.934 0.224 0.002 m8
#box: 0.655 0.178 0.000 0.673 0.219 0.002 m7
#box: 0.192 0.164 0.000 0.218 0.204 0.002 m17
#box: 0.692 0.173 0.000 0.706 0.211 0.002 m5
#box: 0.919 0.127 0.000 0.955 0.163 0.002 m12
#box: 0.359 0.147 0.000 0.373 0.196 0.002 m2
#box: 1.010 0.143 0.000 1.048 0.171 0.002 m17
#box: 0.345 0.141 0.000 0.364 0.161 0.002 m4
#box: 0.337 0.139 0.000 0.347 0.186 0.002 m1
#box: 0.968 0.145 0.000 1.001 0.165 0.002 m20
#box: 0.046 0.157 0.000 0.070 0.204 0.002 m15
#box: 0.836 0.193 0.000 0.860 0.234 0.002 m7
#box: 0.129 0.136 0.000 0.154 0.185 0.002 m19
#box: 1.039 0.157 0.000 1.076 0.200 0.002 m13
#box: 0.247 0.118 0.000 0.276 0.168 0.002 m16
#box: 1.078 0.210 0.000 1.116 0.236 0.002 m10
#box: 0.124 0.151 0.000 0.151 0.178 0.002 m2
#box: 0.618 0.107 0.000 0.657 0.151 0.002 m7
#box: 0.435 0.146 0.000 0.447 0.181 0.002 m15
#box: 0.308 0.180 0.000 0.325 0.200 0.002 m20
#box: 0.874 0.148 0.000 0.899 0.168 0.002 m10
#box: 0.567 0.154 0.000 0.582 0.200 0.002 m17
#box: 0.995 0.213 0.000 1.017 0.241 0.002 m9
#box: 0.737 0.128 0.000 0.775 0.164 0.002 m9
#box: 0.888 0.178 0.000 0.902 0.208 0.002 m12
#box: 0.560 0.186 0.000 0.580 0.235 0.002 m20
#box: 0.300 0.125 0.000 0.308 0.162 0.002 m4
#box: 0.811 0.153 0.000 0.839 0.174 0.002 m19
#box: 0.234 0.148 0.000 0.238 0.172 0.002 m18
#box: 0.844 0.153 0.000 0.848 0.197 0.002 m17
#box: 0.413 0.124 0.000 0.436 0.173 0.002 m10
#box: 0.743 0.194 0.000 0.772 0.231 0.002 m4
#box: 0.734 0.155 0.000 0.770 0.193 0.002 m19
#box: 0.644 0.139 0.000 0.656 0.172 0.002 m3
#box: 0.610 0.176 0.000 0.632 0.223 0.002 m20
#box: 1.070 0.149 0.000 1.090 0.172 0.002 m1
#box: 0.153 0.154 0.000 0.163 0.180 0.002 m8
#box: 0.496 0.202 0.000 0.510 0.248 0.002 m19
#box: 0.361 0.205 0.000 0.390 0.237 0.002 m1
#box: 0.401 0.179 0.000 0.409 0.208 0.002 m13
#box: 0.557 0.163 0.000 0.593 0.186 0.002 m11
#box: 0.978 0.174 0.000 1.009 0.221 0.002 m8
#box: 0.229 0.156 0.000 0.260 0.206 0.002 m4
#box: 0.111 0.219 0.000 0.117 0.244 0.002 m7
#box: 1.002 0.212 0.000 1.034 0.237 0.002 m18
#box: 0.351 0.184 0.000 0.374 0.217 0.002 m17
#box: 0.605 0.188 0.000 0.610 0.209 0.002 m4
#box: 0.228 0.197 0.000 0.244 0.230 0.002 m15
#box: 1.093 0.208 0.000 1.109 0.239 0.002 m15
#box: 0.067 0.194 0.000 0.094 0.240 0.002 m7
#box: 0.343 0.170 0.000 0.378 0.191 0.002 m15
#box: 0.068 0.211 0.000 0.104 0.235 0.002 m18
#box: 0.072 0.196 0.000 0.082 0.229 0.002 m7
#box: 0.998 0.221 0.000 1.002 0.245 0.002 m3
#box: 0.275 0.123 0.000 0.310 0.161 0.002 m11
#box: 0.176 0.141 0.000 0.182 0.179 0.002 m14
#box: 0.777 0.202 0.000 0.808 0.232 0.002 m18
#box: 0.160 0.122 0.000 0.194 0.166 0.002 m5
#box: 0.256 0.136 0.000 0.283 0.159 0.002 m12
#box: 1.009 0.198 0.000 1.045 0.224 0.002 m2
#box: 1.046 0.109 0.000 1.082 0.154 0.002 m14
#box: 0.452 0.172 0.000 0.470 0.218 0.002 m15
#box: 0.114 0.140 0.000 0.121 0.179 0.002 m4
#box: 0.534 0.175 0.000 0.566 0.198 0.002 m7
#box: 0.679 0.161 0.000 0.719 0.201 0.002 m7
#box: 0.807 0.124 0.000 0.832 0.157 0.002 m7
#box: 0.689 0.168 0.000 0.713 0.193 0.002 m19
#box: 0.547 0.214 0.000 0.561 0.246 0.002 m15
#box: 0.657 0.193 0.000 0.688 0.227 0.002 m12
#box: 0.962 0.154 0.000 0.978 0.198 0.002 m7
#box: 0.060 0.123 0.000 0.094 0.152 0.002 m2
