testingplz 
#domain: 1.200 0.300 0.002 
#dx_dy_dz: 0.002 0.002 0.002 
#time_window: 5.000000e-09 

#excitation_file: mala_source_modified.txt 
#hertzian_dipole: z 0.080 0.250 0 mala_source 
#rx: 0.120 0.250 0.000 
#src_steps: 0.002 0.000 0.000 
#rx_steps: 0.002 0.000 0.000 

#material: 5.000 0.220 1.000 0.000 concrete
#material: 1.000 0.000 1.000 0.000 air
#material: 80.000 0.500 1.000 0.000 water

#material: 1.000 0.000 1.000 0.000 m1
#material: 2.000 0.000 1.000 0.000 m2
#material: 3.000 0.000 1.000 0.000 m3
#material: 4.000 0.000 1.000 0.000 m4
#material: 5.000 0.000 1.000 0.000 m5
#material: 6.000 0.000 1.000 0.000 m6
#material: 7.000 0.000 1.000 0.000 m7
#material: 8.000 0.000 1.000 0.000 m8
#material: 9.000 0.000 1.000 0.000 m9
#material: 10.000 0.000 1.000 0.000 m10
#material: 11.000 0.000 1.000 0.000 m11
#material: 12.000 0.000 1.000 0.000 m12
#material: 13.000 0.000 1.000 0.000 m13
#material: 14.000 0.000 1.000 0.000 m14
#material: 15.000 0.000 1.000 0.000 m15
#material: 16.000 0.000 1.000 0.000 m16
#material: 17.000 0.000 1.000 0.000 m17
#material: 18.000 0.000 1.000 0.000 m18
#material: 19.000 0.000 1.000 0.000 m19
#material: 20.000 0.000 1.000 0.000 m20

#box: 0.000 0.000 0.000 1.200 0.250 0.002 concrete

#box: 0.714 0.183 0.000 0.721 0.233 0.002 m13
#box: 0.383 0.144 0.000 0.414 0.185 0.002 m6
#box: 0.814 0.183 0.000 0.853 0.215 0.002 m13
#box: 0.239 0.196 0.000 0.269 0.232 0.002 m7
#box: 0.557 0.170 0.000 0.591 0.217 0.002 m18
#box: 0.659 0.191 0.000 0.694 0.228 0.002 m8
#box: 0.984 0.209 0.000 0.989 0.248 0.002 m16
#box: 0.605 0.136 0.000 0.618 0.170 0.002 m6
#box: 0.618 0.109 0.000 0.652 0.152 0.002 m5
#box: 0.835 0.174 0.000 0.865 0.208 0.002 m1
#box: 0.437 0.188 0.000 0.456 0.222 0.002 m8
#box: 0.696 0.150 0.000 0.720 0.185 0.002 m10
#box: 1.063 0.125 0.000 1.074 0.152 0.002 m2
#box: 1.036 0.111 0.000 1.063 0.160 0.002 m4
#box: 0.202 0.141 0.000 0.242 0.181 0.002 m16
#box: 0.782 0.166 0.000 0.787 0.201 0.002 m9
#box: 0.315 0.126 0.000 0.325 0.157 0.002 m7
#box: 0.623 0.180 0.000 0.636 0.223 0.002 m13
#box: 1.042 0.218 0.000 1.070 0.248 0.002 m13
#box: 0.810 0.177 0.000 0.846 0.207 0.002 m8
#box: 0.337 0.179 0.000 0.363 0.209 0.002 m10
#box: 0.960 0.158 0.000 0.970 0.185 0.002 m11
#box: 0.007 0.221 0.000 0.035 0.244 0.002 m1
#box: 0.606 0.187 0.000 0.635 0.214 0.002 m6
#box: 0.680 0.203 0.000 0.707 0.239 0.002 m17
#box: 0.215 0.191 0.000 0.243 0.234 0.002 m2
#box: 0.269 0.186 0.000 0.304 0.227 0.002 m8
#box: 0.240 0.159 0.000 0.257 0.191 0.002 m3
#box: 0.426 0.135 0.000 0.455 0.167 0.002 m10
#box: 1.044 0.119 0.000 1.051 0.159 0.002 m11
#box: 0.157 0.177 0.000 0.177 0.221 0.002 m10
#box: 0.521 0.142 0.000 0.558 0.186 0.002 m18
#box: 0.357 0.117 0.000 0.361 0.165 0.002 m5
#box: 0.211 0.207 0.000 0.227 0.234 0.002 m1
#box: 0.600 0.187 0.000 0.639 0.230 0.002 m5
#box: 0.567 0.173 0.000 0.588 0.211 0.002 m19
#box: 0.579 0.152 0.000 0.602 0.195 0.002 m8
#box: 0.062 0.172 0.000 0.073 0.208 0.002 m3
#box: 0.903 0.185 0.000 0.940 0.222 0.002 m5
#box: 0.917 0.156 0.000 0.927 0.200 0.002 m6
#box: 0.505 0.195 0.000 0.538 0.227 0.002 m3
#box: 0.862 0.150 0.000 0.878 0.174 0.002 m5
#box: 0.199 0.153 0.000 0.207 0.177 0.002 m17
#box: 0.132 0.138 0.000 0.162 0.168 0.002 m18
#box: 0.991 0.181 0.000 1.014 0.228 0.002 m12
#box: 0.026 0.154 0.000 0.039 0.186 0.002 m6
#box: 0.275 0.191 0.000 0.298 0.211 0.002 m18
#box: 0.690 0.163 0.000 0.697 0.211 0.002 m17
#box: 0.943 0.120 0.000 0.956 0.152 0.002 m17
#box: 0.927 0.126 0.000 0.953 0.168 0.002 m12
#box: 0.202 0.210 0.000 0.211 0.236 0.002 m16
#box: 0.617 0.146 0.000 0.628 0.171 0.002 m5
#box: 0.605 0.181 0.000 0.616 0.223 0.002 m8
#box: 0.961 0.190 0.000 0.982 0.235 0.002 m3
#box: 1.047 0.200 0.000 1.081 0.239 0.002 m11
#box: 0.355 0.165 0.000 0.373 0.195 0.002 m11
#box: 0.298 0.175 0.000 0.313 0.212 0.002 m16
#box: 0.386 0.209 0.000 0.402 0.233 0.002 m8
#box: 0.219 0.218 0.000 0.250 0.248 0.002 m7
#box: 1.074 0.190 0.000 1.097 0.223 0.002 m9
#box: 1.082 0.135 0.000 1.100 0.178 0.002 m19
#box: 0.912 0.125 0.000 0.923 0.155 0.002 m18
#box: 0.231 0.150 0.000 0.259 0.175 0.002 m7
#box: 0.552 0.169 0.000 0.556 0.195 0.002 m5
#box: 0.957 0.172 0.000 0.994 0.210 0.002 m2
#box: 0.403 0.170 0.000 0.434 0.212 0.002 m5
#box: 0.797 0.140 0.000 0.803 0.161 0.002 m17
#box: 0.353 0.166 0.000 0.359 0.196 0.002 m17
#box: 0.927 0.190 0.000 0.960 0.226 0.002 m8
#box: 0.334 0.143 0.000 0.351 0.183 0.002 m16
#box: 0.209 0.214 0.000 0.217 0.242 0.002 m5
#box: 0.107 0.222 0.000 0.114 0.245 0.002 m6
#box: 0.382 0.165 0.000 0.406 0.197 0.002 m6
#box: 0.693 0.119 0.000 0.717 0.168 0.002 m13
#box: 0.598 0.173 0.000 0.618 0.204 0.002 m9
#box: 0.367 0.154 0.000 0.398 0.190 0.002 m5
#box: 0.512 0.141 0.000 0.538 0.170 0.002 m9
#box: 0.149 0.215 0.000 0.155 0.238 0.002 m15
#box: 0.588 0.151 0.000 0.592 0.178 0.002 m9
#box: 0.822 0.197 0.000 0.847 0.242 0.002 m16
#box: 0.711 0.153 0.000 0.749 0.179 0.002 m19
#box: 0.153 0.146 0.000 0.157 0.182 0.002 m10
#box: 0.556 0.138 0.000 0.596 0.163 0.002 m16
#box: 0.186 0.179 0.000 0.217 0.217 0.002 m7
#box: 0.321 0.168 0.000 0.356 0.209 0.002 m7
#box: 0.922 0.202 0.000 0.938 0.245 0.002 m9
#box: 0.607 0.118 0.000 0.615 0.153 0.002 m13
#box: 1.071 0.139 0.000 1.094 0.165 0.002 m14
#box: 0.328 0.151 0.000 0.337 0.180 0.002 m13
#box: 0.965 0.224 0.000 0.970 0.244 0.002 m1
#box: 0.614 0.157 0.000 0.653 0.180 0.002 m12
#box: 0.390 0.145 0.000 0.426 0.192 0.002 m13
#box: 0.257 0.161 0.000 0.292 0.194 0.002 m8
#box: 0.260 0.151 0.000 0.286 0.187 0.002 m11
#box: 0.496 0.174 0.000 0.529 0.219 0.002 m3
#box: 0.653 0.214 0.000 0.670 0.243 0.002 m12
#box: 0.006 0.183 0.000 0.046 0.217 0.002 m13
#box: 0.791 0.131 0.000 0.806 0.170 0.002 m20
#box: 0.118 0.135 0.000 0.137 0.172 0.002 m3
#box: 0.002 0.161 0.000 0.039 0.210 0.002 m10
#box: 0.818 0.144 0.000 0.854 0.180 0.002 m11
#box: 0.548 0.171 0.000 0.567 0.217 0.002 m6
#box: 0.969 0.127 0.000 0.996 0.174 0.002 m15
#box: 0.949 0.190 0.000 0.961 0.236 0.002 m15
#box: 0.126 0.214 0.000 0.166 0.237 0.002 m18
#box: 0.850 0.124 0.000 0.879 0.160 0.002 m17
#box: 0.593 0.192 0.000 0.599 0.237 0.002 m11
#box: 0.441 0.125 0.000 0.481 0.175 0.002 m1
#box: 0.896 0.143 0.000 0.930 0.180 0.002 m19
#box: 0.354 0.137 0.000 0.383 0.180 0.002 m11
#box: 0.120 0.126 0.000 0.146 0.172 0.002 m3
#box: 0.010 0.223 0.000 0.039 0.244 0.002 m8
#box: 0.869 0.133 0.000 0.891 0.181 0.002 m11
#box: 0.157 0.174 0.000 0.177 0.208 0.002 m18
#box: 1.060 0.170 0.000 1.067 0.215 0.002 m20
#box: 0.244 0.212 0.000 0.262 0.248 0.002 m19
#box: 0.620 0.192 0.000 0.632 0.239 0.002 m3
#box: 0.956 0.183 0.000 0.994 0.215 0.002 m20
#box: 0.023 0.132 0.000 0.046 0.154 0.002 m5
#box: 0.641 0.191 0.000 0.672 0.228 0.002 m12
#box: 0.737 0.136 0.000 0.759 0.170 0.002 m12
#box: 0.561 0.168 0.000 0.579 0.210 0.002 m17
#box: 0.114 0.105 0.000 0.127 0.151 0.002 m1
#box: 0.482 0.199 0.000 0.499 0.246 0.002 m20
#box: 0.471 0.148 0.000 0.506 0.191 0.002 m9
#box: 0.591 0.123 0.000 0.623 0.169 0.002 m18
#box: 0.396 0.147 0.000 0.400 0.183 0.002 m6
#box: 0.643 0.182 0.000 0.669 0.224 0.002 m18
#box: 0.110 0.149 0.000 0.141 0.182 0.002 m12
#box: 0.078 0.178 0.000 0.116 0.226 0.002 m15
#box: 0.207 0.176 0.000 0.236 0.224 0.002 m6
#box: 0.463 0.198 0.000 0.497 0.241 0.002 m8
#box: 0.809 0.144 0.000 0.825 0.165 0.002 m6
#box: 0.081 0.166 0.000 0.108 0.209 0.002 m2
#box: 0.666 0.136 0.000 0.702 0.158 0.002 m7
#box: 0.715 0.193 0.000 0.742 0.219 0.002 m15
#box: 0.396 0.201 0.000 0.435 0.223 0.002 m20
#box: 0.488 0.189 0.000 0.526 0.211 0.002 m14
#box: 0.066 0.205 0.000 0.082 0.227 0.002 m17
#box: 0.837 0.138 0.000 0.846 0.164 0.002 m18
#box: 0.002 0.203 0.000 0.018 0.224 0.002 m4
#box: 0.536 0.117 0.000 0.575 0.154 0.002 m20
#box: 0.982 0.206 0.000 0.992 0.229 0.002 m14
#box: 0.839 0.137 0.000 0.848 0.168 0.002 m2
#box: 0.984 0.136 0.000 1.007 0.173 0.002 m12
#box: 0.925 0.208 0.000 0.953 0.249 0.002 m20
#box: 0.925 0.146 0.000 0.958 0.177 0.002 m6
#box: 0.283 0.167 0.000 0.322 0.205 0.002 m3
#box: 0.227 0.140 0.000 0.258 0.168 0.002 m11
#box: 0.273 0.143 0.000 0.300 0.193 0.002 m5
#box: 0.715 0.155 0.000 0.739 0.192 0.002 m11
#box: 0.873 0.142 0.000 0.895 0.165 0.002 m8
#box: 0.386 0.148 0.000 0.414 0.174 0.002 m16
#box: 0.901 0.152 0.000 0.921 0.189 0.002 m16
#box: 0.486 0.154 0.000 0.520 0.184 0.002 m5
#box: 1.023 0.196 0.000 1.041 0.240 0.002 m1
#box: 0.692 0.179 0.000 0.713 0.220 0.002 m3
#box: 0.516 0.145 0.000 0.543 0.180 0.002 m16
#box: 0.170 0.161 0.000 0.186 0.202 0.002 m18
#box: 0.462 0.163 0.000 0.495 0.200 0.002 m14
#box: 0.989 0.137 0.000 1.001 0.159 0.002 m1
#box: 1.007 0.213 0.000 1.016 0.244 0.002 m2
#box: 0.335 0.193 0.000 0.361 0.213 0.002 m14
#box: 0.026 0.117 0.000 0.037 0.160 0.002 m8
#box: 0.608 0.169 0.000 0.612 0.194 0.002 m14
#box: 0.500 0.180 0.000 0.537 0.202 0.002 m15
#box: 1.093 0.128 0.000 1.097 0.152 0.002 m5
#box: 0.313 0.123 0.000 0.346 0.159 0.002 m1
#box: 0.363 0.210 0.000 0.383 0.232 0.002 m17
#box: 0.232 0.199 0.000 0.269 0.226 0.002 m20
#box: 0.840 0.125 0.000 0.860 0.155 0.002 m4
#box: 1.017 0.206 0.000 1.023 0.230 0.002 m12
#box: 1.026 0.182 0.000 1.037 0.205 0.002 m15
#box: 0.846 0.122 0.000 0.877 0.171 0.002 m2
#box: 0.199 0.165 0.000 0.237 0.204 0.002 m1
#box: 0.964 0.153 0.000 1.003 0.199 0.002 m12
#box: 0.687 0.202 0.000 0.699 0.223 0.002 m8
#box: 0.693 0.200 0.000 0.720 0.243 0.002 m20
#box: 0.010 0.137 0.000 0.050 0.173 0.002 m14
#box: 1.023 0.153 0.000 1.056 0.176 0.002 m11
#box: 0.881 0.158 0.000 0.896 0.200 0.002 m5
#box: 1.006 0.176 0.000 1.017 0.203 0.002 m9
#box: 0.306 0.214 0.000 0.342 0.240 0.002 m18
#box: 0.401 0.229 0.000 0.417 0.250 0.002 m1
#box: 0.237 0.143 0.000 0.261 0.180 0.002 m3
#box: 0.426 0.221 0.000 0.455 0.241 0.002 m11
#box: 0.718 0.141 0.000 0.732 0.169 0.002 m16
#box: 0.121 0.180 0.000 0.155 0.208 0.002 m20
#box: 0.859 0.109 0.000 0.875 0.155 0.002 m13
#box: 0.616 0.180 0.000 0.627 0.212 0.002 m18
#box: 0.316 0.212 0.000 0.342 0.245 0.002 m8
#box: 0.628 0.180 0.000 0.638 0.223 0.002 m6
#box: 0.096 0.139 0.000 0.114 0.188 0.002 m8
#box: 0.121 0.159 0.000 0.158 0.180 0.002 m5
#box: 0.902 0.149 0.000 0.938 0.179 0.002 m11
#box: 0.058 0.205 0.000 0.069 0.249 0.002 m2
#box: 0.180 0.148 0.000 0.204 0.174 0.002 m6
#box: 0.366 0.208 0.000 0.397 0.228 0.002 m6
#box: 0.294 0.114 0.000 0.298 0.160 0.002 m17
#box: 0.380 0.202 0.000 0.393 0.233 0.002 m18
