testingplz 
#domain: 1.200 0.300 0.002 
#dx_dy_dz: 0.002 0.002 0.002 
#time_window: 5.000000e-09 

#excitation_file: mala_source_modified.txt 
#hertzian_dipole: z 0.080 0.250 0 mala_source 
#rx: 0.120 0.250 0.000 
#src_steps: 0.002 0.000 0.000 
#rx_steps: 0.002 0.000 0.000 

#material: 5.000 0.220 1.000 0.000 concrete
#material: 1.000 0.000 1.000 0.000 air
#material: 80.000 0.500 1.000 0.000 water

#material: 1.000 0.000 1.000 0.000 m1
#material: 2.000 0.000 1.000 0.000 m2
#material: 3.000 0.000 1.000 0.000 m3
#material: 4.000 0.000 1.000 0.000 m4
#material: 5.000 0.000 1.000 0.000 m5
#material: 6.000 0.000 1.000 0.000 m6
#material: 7.000 0.000 1.000 0.000 m7
#material: 8.000 0.000 1.000 0.000 m8
#material: 9.000 0.000 1.000 0.000 m9
#material: 10.000 0.000 1.000 0.000 m10
#material: 11.000 0.000 1.000 0.000 m11
#material: 12.000 0.000 1.000 0.000 m12
#material: 13.000 0.000 1.000 0.000 m13
#material: 14.000 0.000 1.000 0.000 m14
#material: 15.000 0.000 1.000 0.000 m15
#material: 16.000 0.000 1.000 0.000 m16
#material: 17.000 0.000 1.000 0.000 m17
#material: 18.000 0.000 1.000 0.000 m18
#material: 19.000 0.000 1.000 0.000 m19
#material: 20.000 0.000 1.000 0.000 m20

#box: 0.000 0.000 0.000 1.200 0.250 0.002 concrete

#box: 0.670 0.191 0.000 0.691 0.236 0.002 m2
#box: 0.500 0.125 0.000 0.504 0.170 0.002 m4
#box: 0.672 0.198 0.000 0.707 0.237 0.002 m15
#box: 0.778 0.156 0.000 0.783 0.177 0.002 m17
#box: 0.802 0.112 0.000 0.812 0.156 0.002 m16
#box: 0.840 0.120 0.000 0.846 0.151 0.002 m3
#box: 0.985 0.171 0.000 1.022 0.214 0.002 m3
#box: 0.976 0.148 0.000 0.991 0.177 0.002 m7
#box: 0.270 0.138 0.000 0.301 0.183 0.002 m10
#box: 0.272 0.131 0.000 0.277 0.151 0.002 m16
#box: 0.162 0.202 0.000 0.174 0.238 0.002 m13
#box: 0.477 0.147 0.000 0.499 0.179 0.002 m6
#box: 0.375 0.177 0.000 0.401 0.218 0.002 m17
#box: 0.122 0.151 0.000 0.150 0.182 0.002 m15
#box: 0.665 0.196 0.000 0.676 0.222 0.002 m1
#box: 0.006 0.156 0.000 0.014 0.178 0.002 m9
#box: 1.080 0.173 0.000 1.102 0.211 0.002 m2
#box: 0.817 0.162 0.000 0.839 0.200 0.002 m14
#box: 0.786 0.177 0.000 0.790 0.214 0.002 m13
#box: 0.516 0.171 0.000 0.529 0.210 0.002 m4
#box: 0.173 0.146 0.000 0.208 0.172 0.002 m9
#box: 0.288 0.109 0.000 0.294 0.151 0.002 m12
#box: 0.860 0.212 0.000 0.875 0.244 0.002 m14
#box: 0.200 0.169 0.000 0.237 0.191 0.002 m19
#box: 0.689 0.136 0.000 0.729 0.166 0.002 m7
#box: 0.329 0.155 0.000 0.354 0.194 0.002 m3
#box: 0.861 0.140 0.000 0.880 0.175 0.002 m17
#box: 0.945 0.145 0.000 0.981 0.186 0.002 m20
#box: 0.067 0.210 0.000 0.092 0.248 0.002 m2
#box: 0.715 0.178 0.000 0.720 0.225 0.002 m11
#box: 0.326 0.131 0.000 0.352 0.173 0.002 m2
#box: 0.005 0.144 0.000 0.016 0.180 0.002 m3
#box: 0.202 0.168 0.000 0.230 0.208 0.002 m11
#box: 0.512 0.152 0.000 0.540 0.197 0.002 m10
#box: 1.099 0.200 0.000 1.118 0.228 0.002 m12
#box: 0.771 0.180 0.000 0.779 0.207 0.002 m11
#box: 0.588 0.177 0.000 0.596 0.217 0.002 m1
#box: 0.185 0.168 0.000 0.193 0.207 0.002 m3
#box: 0.256 0.187 0.000 0.287 0.210 0.002 m19
#box: 0.202 0.201 0.000 0.230 0.246 0.002 m5
#box: 0.840 0.182 0.000 0.861 0.221 0.002 m2
#box: 0.523 0.122 0.000 0.527 0.164 0.002 m12
#box: 0.509 0.131 0.000 0.525 0.168 0.002 m17
#box: 0.161 0.153 0.000 0.171 0.185 0.002 m6
#box: 0.879 0.114 0.000 0.892 0.157 0.002 m16
#box: 0.479 0.124 0.000 0.512 0.157 0.002 m11
#box: 0.794 0.127 0.000 0.825 0.164 0.002 m2
#box: 0.573 0.135 0.000 0.594 0.165 0.002 m2
#box: 0.676 0.198 0.000 0.688 0.223 0.002 m8
#box: 0.435 0.141 0.000 0.447 0.189 0.002 m11
#box: 0.618 0.125 0.000 0.656 0.157 0.002 m14
#box: 0.899 0.146 0.000 0.909 0.187 0.002 m18
#box: 0.817 0.141 0.000 0.827 0.162 0.002 m10
#box: 0.287 0.146 0.000 0.309 0.174 0.002 m20
#box: 0.066 0.177 0.000 0.072 0.227 0.002 m3
#box: 0.886 0.180 0.000 0.916 0.203 0.002 m19
#box: 0.888 0.197 0.000 0.926 0.221 0.002 m17
#box: 0.769 0.168 0.000 0.808 0.199 0.002 m8
#box: 0.352 0.126 0.000 0.373 0.159 0.002 m17
#box: 0.229 0.192 0.000 0.262 0.221 0.002 m1
#box: 0.956 0.131 0.000 0.983 0.175 0.002 m5
#box: 0.486 0.165 0.000 0.518 0.190 0.002 m9
#box: 0.960 0.207 0.000 0.985 0.228 0.002 m16
#box: 0.695 0.224 0.000 0.731 0.249 0.002 m17
#box: 0.342 0.125 0.000 0.380 0.156 0.002 m14
#box: 0.665 0.122 0.000 0.702 0.168 0.002 m4
#box: 0.002 0.156 0.000 0.021 0.197 0.002 m15
#box: 0.916 0.148 0.000 0.952 0.196 0.002 m11
#box: 0.821 0.209 0.000 0.839 0.232 0.002 m12
#box: 0.797 0.117 0.000 0.834 0.150 0.002 m2
#box: 0.265 0.205 0.000 0.300 0.242 0.002 m20
#box: 0.760 0.195 0.000 0.791 0.229 0.002 m20
#box: 0.426 0.192 0.000 0.452 0.235 0.002 m1
#box: 0.783 0.164 0.000 0.799 0.201 0.002 m12
#box: 0.561 0.148 0.000 0.576 0.173 0.002 m20
#box: 0.616 0.141 0.000 0.626 0.177 0.002 m19
#box: 0.967 0.217 0.000 0.986 0.242 0.002 m10
#box: 0.957 0.132 0.000 0.976 0.157 0.002 m10
#box: 0.592 0.163 0.000 0.619 0.210 0.002 m12
#box: 1.042 0.209 0.000 1.077 0.232 0.002 m4
#box: 0.511 0.216 0.000 0.533 0.249 0.002 m11
#box: 0.600 0.155 0.000 0.617 0.200 0.002 m1
#box: 0.271 0.193 0.000 0.279 0.218 0.002 m8
#box: 0.192 0.136 0.000 0.210 0.159 0.002 m3
#box: 0.942 0.167 0.000 0.947 0.209 0.002 m19
#box: 1.098 0.220 0.000 1.121 0.245 0.002 m6
#box: 0.935 0.155 0.000 0.943 0.198 0.002 m9
#box: 0.429 0.159 0.000 0.438 0.206 0.002 m3
#box: 0.861 0.203 0.000 0.891 0.244 0.002 m5
#box: 0.504 0.166 0.000 0.508 0.204 0.002 m9
#box: 0.218 0.164 0.000 0.256 0.192 0.002 m8
#box: 1.038 0.172 0.000 1.063 0.199 0.002 m11
#box: 0.325 0.211 0.000 0.342 0.240 0.002 m12
#box: 0.601 0.209 0.000 0.616 0.242 0.002 m18
#box: 0.758 0.122 0.000 0.769 0.160 0.002 m1
#box: 0.250 0.152 0.000 0.281 0.198 0.002 m17
#box: 0.154 0.184 0.000 0.172 0.210 0.002 m6
#box: 0.090 0.121 0.000 0.098 0.170 0.002 m11
#box: 0.264 0.127 0.000 0.280 0.153 0.002 m2
#box: 0.071 0.143 0.000 0.088 0.192 0.002 m15
#box: 1.019 0.204 0.000 1.038 0.230 0.002 m10
#box: 0.917 0.178 0.000 0.950 0.207 0.002 m12
#box: 1.005 0.141 0.000 1.030 0.183 0.002 m19
#box: 0.759 0.117 0.000 0.779 0.156 0.002 m11
#box: 0.912 0.168 0.000 0.949 0.192 0.002 m15
#box: 0.448 0.169 0.000 0.462 0.205 0.002 m12
#box: 1.091 0.208 0.000 1.099 0.246 0.002 m14
#box: 0.189 0.105 0.000 0.226 0.153 0.002 m6
#box: 0.554 0.113 0.000 0.585 0.158 0.002 m11
#box: 0.796 0.189 0.000 0.807 0.232 0.002 m18
#box: 0.335 0.195 0.000 0.373 0.232 0.002 m3
#box: 0.883 0.216 0.000 0.891 0.242 0.002 m11
#box: 0.245 0.194 0.000 0.271 0.234 0.002 m19
#box: 0.604 0.225 0.000 0.624 0.247 0.002 m1
#box: 0.678 0.130 0.000 0.691 0.159 0.002 m8
#box: 0.002 0.170 0.000 0.039 0.203 0.002 m13
#box: 0.664 0.151 0.000 0.678 0.177 0.002 m10
#box: 0.508 0.220 0.000 0.538 0.248 0.002 m20
#box: 0.220 0.137 0.000 0.249 0.161 0.002 m9
#box: 0.982 0.210 0.000 1.000 0.242 0.002 m13
#box: 0.983 0.206 0.000 1.021 0.246 0.002 m8
#box: 0.915 0.163 0.000 0.943 0.189 0.002 m17
#box: 0.220 0.199 0.000 0.241 0.224 0.002 m18
#box: 0.153 0.197 0.000 0.172 0.221 0.002 m2
#box: 0.696 0.168 0.000 0.727 0.214 0.002 m5
#box: 0.410 0.190 0.000 0.449 0.215 0.002 m1
#box: 0.245 0.126 0.000 0.253 0.170 0.002 m16
#box: 0.350 0.192 0.000 0.366 0.230 0.002 m12
#box: 0.648 0.203 0.000 0.684 0.245 0.002 m3
#box: 0.316 0.143 0.000 0.351 0.182 0.002 m10
#box: 0.992 0.174 0.000 1.005 0.213 0.002 m16
#box: 0.927 0.162 0.000 0.966 0.211 0.002 m8
#box: 0.919 0.154 0.000 0.926 0.184 0.002 m2
#box: 0.917 0.179 0.000 0.955 0.214 0.002 m14
#box: 1.037 0.213 0.000 1.053 0.245 0.002 m1
#box: 0.924 0.132 0.000 0.934 0.154 0.002 m3
#box: 0.270 0.148 0.000 0.281 0.177 0.002 m2
#box: 0.428 0.193 0.000 0.436 0.235 0.002 m15
#box: 0.590 0.177 0.000 0.607 0.199 0.002 m9
#box: 0.545 0.202 0.000 0.560 0.223 0.002 m2
#box: 0.387 0.176 0.000 0.394 0.221 0.002 m1
#box: 0.655 0.161 0.000 0.683 0.203 0.002 m19
#box: 0.672 0.195 0.000 0.683 0.223 0.002 m8
#box: 0.484 0.169 0.000 0.507 0.213 0.002 m6
#box: 1.078 0.173 0.000 1.092 0.197 0.002 m11
#box: 1.082 0.108 0.000 1.090 0.156 0.002 m14
#box: 0.426 0.147 0.000 0.443 0.197 0.002 m17
#box: 1.056 0.171 0.000 1.064 0.210 0.002 m19
#box: 0.696 0.201 0.000 0.720 0.221 0.002 m11
#box: 0.833 0.140 0.000 0.851 0.161 0.002 m4
#box: 0.947 0.187 0.000 0.958 0.220 0.002 m16
#box: 0.717 0.144 0.000 0.741 0.183 0.002 m3
#box: 0.683 0.173 0.000 0.716 0.209 0.002 m13
#box: 0.443 0.173 0.000 0.467 0.220 0.002 m20
#box: 0.846 0.155 0.000 0.869 0.179 0.002 m6
#box: 0.972 0.165 0.000 0.995 0.191 0.002 m5
#box: 0.038 0.127 0.000 0.063 0.174 0.002 m17
#box: 0.865 0.167 0.000 0.870 0.202 0.002 m16
#box: 0.562 0.181 0.000 0.601 0.229 0.002 m8
#box: 0.367 0.168 0.000 0.375 0.211 0.002 m20
#box: 0.142 0.114 0.000 0.182 0.157 0.002 m16
#box: 0.390 0.204 0.000 0.407 0.237 0.002 m10
#box: 0.775 0.149 0.000 0.809 0.186 0.002 m4
#box: 0.790 0.152 0.000 0.817 0.189 0.002 m20
#box: 0.363 0.151 0.000 0.380 0.193 0.002 m19
#box: 0.887 0.183 0.000 0.915 0.203 0.002 m20
#box: 0.032 0.197 0.000 0.060 0.218 0.002 m16
#box: 0.406 0.145 0.000 0.442 0.166 0.002 m15
#box: 0.470 0.131 0.000 0.474 0.159 0.002 m20
#box: 0.047 0.167 0.000 0.053 0.210 0.002 m10
#box: 0.521 0.151 0.000 0.548 0.171 0.002 m9
#box: 1.014 0.203 0.000 1.021 0.234 0.002 m11
#box: 1.005 0.129 0.000 1.030 0.153 0.002 m14
#box: 0.517 0.168 0.000 0.533 0.204 0.002 m7
#box: 0.769 0.111 0.000 0.798 0.153 0.002 m3
#box: 0.201 0.173 0.000 0.215 0.212 0.002 m2
#box: 0.421 0.205 0.000 0.432 0.232 0.002 m11
#box: 0.861 0.159 0.000 0.900 0.183 0.002 m14
#box: 0.355 0.191 0.000 0.362 0.228 0.002 m13
#box: 0.360 0.220 0.000 0.390 0.247 0.002 m7
#box: 0.131 0.136 0.000 0.157 0.169 0.002 m2
#box: 0.008 0.159 0.000 0.038 0.202 0.002 m4
#box: 0.721 0.132 0.000 0.754 0.166 0.002 m11
#box: 0.671 0.180 0.000 0.705 0.225 0.002 m5
#box: 0.551 0.166 0.000 0.578 0.214 0.002 m10
#box: 0.969 0.114 0.000 0.986 0.154 0.002 m8
#box: 0.868 0.128 0.000 0.882 0.175 0.002 m17
#box: 0.566 0.176 0.000 0.605 0.210 0.002 m13
#box: 0.896 0.145 0.000 0.925 0.193 0.002 m13
#box: 0.229 0.131 0.000 0.255 0.173 0.002 m1
#box: 0.889 0.180 0.000 0.907 0.212 0.002 m9
#box: 0.778 0.190 0.000 0.807 0.225 0.002 m9
#box: 0.141 0.169 0.000 0.174 0.209 0.002 m13
#box: 0.310 0.213 0.000 0.315 0.249 0.002 m9
#box: 0.002 0.117 0.000 0.035 0.158 0.002 m2
#box: 0.823 0.206 0.000 0.832 0.246 0.002 m18
#box: 0.576 0.185 0.000 0.604 0.223 0.002 m15
#box: 0.866 0.115 0.000 0.893 0.157 0.002 m18
#box: 0.474 0.172 0.000 0.479 0.215 0.002 m9
#box: 0.474 0.132 0.000 0.510 0.164 0.002 m14
