testingplz 
#domain: 1.200 0.300 0.002 
#dx_dy_dz: 0.002 0.002 0.002 
#time_window: 5.000000e-09 

#excitation_file: mala_source_modified.txt 
#hertzian_dipole: z 0.080 0.250 0 mala_source 
#rx: 0.120 0.250 0.000 
#src_steps: 0.002 0.000 0.000 
#rx_steps: 0.002 0.000 0.000 

#material: 5.000 0.220 1.000 0.000 concrete
#material: 1.000 0.000 1.000 0.000 air
#material: 80.000 0.500 1.000 0.000 water

#material: 1.000 0.000 1.000 0.000 m1
#material: 2.000 0.000 1.000 0.000 m2
#material: 3.000 0.000 1.000 0.000 m3
#material: 4.000 0.000 1.000 0.000 m4
#material: 5.000 0.000 1.000 0.000 m5
#material: 6.000 0.000 1.000 0.000 m6
#material: 7.000 0.000 1.000 0.000 m7
#material: 8.000 0.000 1.000 0.000 m8
#material: 9.000 0.000 1.000 0.000 m9
#material: 10.000 0.000 1.000 0.000 m10
#material: 11.000 0.000 1.000 0.000 m11
#material: 12.000 0.000 1.000 0.000 m12
#material: 13.000 0.000 1.000 0.000 m13
#material: 14.000 0.000 1.000 0.000 m14
#material: 15.000 0.000 1.000 0.000 m15
#material: 16.000 0.000 1.000 0.000 m16
#material: 17.000 0.000 1.000 0.000 m17
#material: 18.000 0.000 1.000 0.000 m18
#material: 19.000 0.000 1.000 0.000 m19
#material: 20.000 0.000 1.000 0.000 m20

#box: 0.000 0.000 0.000 1.200 0.250 0.002 concrete

#box: 0.821 0.154 0.000 0.860 0.188 0.002 m5
#box: 0.510 0.162 0.000 0.542 0.189 0.002 m16
#box: 0.136 0.195 0.000 0.146 0.222 0.002 m13
#box: 0.216 0.143 0.000 0.238 0.168 0.002 m17
#box: 0.420 0.156 0.000 0.456 0.182 0.002 m10
#box: 1.050 0.109 0.000 1.067 0.150 0.002 m9
#box: 0.103 0.166 0.000 0.143 0.204 0.002 m13
#box: 0.206 0.147 0.000 0.216 0.191 0.002 m12
#box: 0.581 0.229 0.000 0.601 0.249 0.002 m1
#box: 0.971 0.132 0.000 0.992 0.174 0.002 m15
#box: 0.402 0.113 0.000 0.413 0.153 0.002 m4
#box: 0.331 0.154 0.000 0.353 0.180 0.002 m4
#box: 0.744 0.127 0.000 0.756 0.169 0.002 m10
#box: 0.504 0.160 0.000 0.509 0.210 0.002 m7
#box: 0.228 0.203 0.000 0.235 0.230 0.002 m18
#box: 0.975 0.198 0.000 0.997 0.232 0.002 m13
#box: 0.049 0.119 0.000 0.059 0.153 0.002 m14
#box: 1.044 0.212 0.000 1.084 0.244 0.002 m3
#box: 0.871 0.135 0.000 0.876 0.183 0.002 m1
#box: 0.682 0.182 0.000 0.709 0.213 0.002 m3
#box: 0.562 0.125 0.000 0.583 0.171 0.002 m10
#box: 1.089 0.179 0.000 1.104 0.218 0.002 m2
#box: 1.073 0.168 0.000 1.112 0.198 0.002 m6
#box: 0.661 0.127 0.000 0.685 0.163 0.002 m8
#box: 1.023 0.144 0.000 1.060 0.187 0.002 m13
#box: 0.672 0.187 0.000 0.693 0.213 0.002 m1
#box: 0.927 0.134 0.000 0.947 0.168 0.002 m6
#box: 1.047 0.153 0.000 1.071 0.184 0.002 m17
#box: 0.309 0.220 0.000 0.314 0.240 0.002 m16
#box: 0.687 0.196 0.000 0.726 0.216 0.002 m17
#box: 0.150 0.136 0.000 0.163 0.185 0.002 m19
#box: 1.059 0.148 0.000 1.065 0.174 0.002 m15
#box: 0.030 0.147 0.000 0.041 0.183 0.002 m8
#box: 1.025 0.192 0.000 1.043 0.233 0.002 m9
#box: 0.344 0.207 0.000 0.348 0.245 0.002 m19
#box: 0.017 0.138 0.000 0.040 0.170 0.002 m20
#box: 0.959 0.137 0.000 0.970 0.158 0.002 m12
#box: 1.012 0.151 0.000 1.045 0.192 0.002 m20
#box: 0.990 0.129 0.000 1.009 0.153 0.002 m2
#box: 0.523 0.146 0.000 0.527 0.194 0.002 m8
#box: 0.662 0.158 0.000 0.688 0.201 0.002 m6
#box: 1.007 0.128 0.000 1.036 0.162 0.002 m5
#box: 0.304 0.118 0.000 0.339 0.159 0.002 m12
#box: 0.371 0.169 0.000 0.400 0.190 0.002 m20
#box: 0.498 0.152 0.000 0.534 0.177 0.002 m12
#box: 0.547 0.124 0.000 0.586 0.158 0.002 m6
#box: 0.058 0.140 0.000 0.065 0.169 0.002 m3
#box: 0.839 0.124 0.000 0.873 0.174 0.002 m4
#box: 0.456 0.130 0.000 0.474 0.166 0.002 m8
#box: 0.336 0.155 0.000 0.374 0.184 0.002 m15
#box: 0.810 0.209 0.000 0.844 0.233 0.002 m15
#box: 0.476 0.123 0.000 0.508 0.158 0.002 m10
#box: 0.595 0.193 0.000 0.631 0.239 0.002 m2
#box: 0.374 0.158 0.000 0.402 0.186 0.002 m19
#box: 0.306 0.107 0.000 0.332 0.152 0.002 m16
#box: 0.280 0.151 0.000 0.286 0.199 0.002 m14
#box: 0.109 0.172 0.000 0.120 0.196 0.002 m16
#box: 1.095 0.126 0.000 1.134 0.159 0.002 m12
#box: 0.042 0.142 0.000 0.058 0.171 0.002 m10
#box: 0.235 0.155 0.000 0.257 0.185 0.002 m5
#box: 0.527 0.207 0.000 0.548 0.241 0.002 m20
#box: 0.755 0.151 0.000 0.767 0.199 0.002 m9
#box: 1.048 0.175 0.000 1.065 0.199 0.002 m19
#box: 0.585 0.195 0.000 0.599 0.219 0.002 m3
#box: 1.030 0.165 0.000 1.055 0.191 0.002 m16
#box: 0.453 0.147 0.000 0.489 0.183 0.002 m14
#box: 0.392 0.186 0.000 0.411 0.235 0.002 m5
#box: 0.356 0.160 0.000 0.367 0.207 0.002 m11
#box: 0.903 0.164 0.000 0.939 0.207 0.002 m13
#box: 0.988 0.212 0.000 1.015 0.246 0.002 m13
#box: 0.945 0.215 0.000 0.984 0.242 0.002 m5
#box: 0.191 0.125 0.000 0.216 0.170 0.002 m13
#box: 0.912 0.173 0.000 0.927 0.199 0.002 m1
#box: 0.172 0.146 0.000 0.190 0.170 0.002 m14
#box: 0.062 0.167 0.000 0.094 0.202 0.002 m7
#box: 0.373 0.207 0.000 0.397 0.231 0.002 m9
#box: 0.120 0.144 0.000 0.126 0.167 0.002 m6
#box: 0.707 0.109 0.000 0.725 0.156 0.002 m2
#box: 0.768 0.194 0.000 0.808 0.221 0.002 m20
#box: 0.755 0.130 0.000 0.767 0.158 0.002 m13
#box: 0.877 0.182 0.000 0.905 0.216 0.002 m12
#box: 0.664 0.190 0.000 0.674 0.215 0.002 m20
#box: 0.377 0.128 0.000 0.388 0.158 0.002 m8
#box: 0.294 0.155 0.000 0.319 0.188 0.002 m7
#box: 0.152 0.140 0.000 0.181 0.176 0.002 m3
#box: 0.135 0.170 0.000 0.164 0.207 0.002 m15
#box: 0.406 0.155 0.000 0.438 0.204 0.002 m5
#box: 0.472 0.134 0.000 0.481 0.170 0.002 m18
#box: 0.805 0.164 0.000 0.844 0.192 0.002 m10
#box: 1.014 0.182 0.000 1.053 0.213 0.002 m13
#box: 1.004 0.158 0.000 1.010 0.202 0.002 m5
#box: 1.058 0.124 0.000 1.073 0.150 0.002 m8
#box: 0.419 0.132 0.000 0.430 0.170 0.002 m8
#box: 0.585 0.190 0.000 0.625 0.218 0.002 m20
#box: 0.923 0.142 0.000 0.942 0.175 0.002 m3
#box: 0.367 0.198 0.000 0.376 0.227 0.002 m19
#box: 0.549 0.213 0.000 0.583 0.250 0.002 m1
#box: 0.071 0.163 0.000 0.092 0.192 0.002 m1
#box: 0.340 0.199 0.000 0.370 0.234 0.002 m15
#box: 0.608 0.136 0.000 0.638 0.165 0.002 m3
#box: 0.800 0.209 0.000 0.806 0.246 0.002 m4
#box: 0.226 0.127 0.000 0.232 0.159 0.002 m17
#box: 1.014 0.130 0.000 1.021 0.170 0.002 m4
#box: 0.003 0.172 0.000 0.011 0.220 0.002 m19
#box: 0.772 0.188 0.000 0.782 0.222 0.002 m19
#box: 0.609 0.157 0.000 0.620 0.199 0.002 m9
#box: 0.643 0.124 0.000 0.649 0.160 0.002 m15
#box: 0.997 0.157 0.000 1.013 0.188 0.002 m16
#box: 0.329 0.166 0.000 0.362 0.189 0.002 m2
#box: 0.016 0.211 0.000 0.028 0.242 0.002 m17
#box: 1.060 0.128 0.000 1.073 0.152 0.002 m8
#box: 1.048 0.120 0.000 1.056 0.155 0.002 m19
#box: 0.237 0.213 0.000 0.268 0.250 0.002 m14
#box: 0.500 0.127 0.000 0.532 0.158 0.002 m20
#box: 0.500 0.185 0.000 0.505 0.215 0.002 m4
#box: 0.166 0.123 0.000 0.184 0.173 0.002 m12
#box: 0.554 0.185 0.000 0.564 0.228 0.002 m5
#box: 0.743 0.198 0.000 0.774 0.233 0.002 m10
#box: 0.363 0.181 0.000 0.402 0.229 0.002 m4
#box: 1.049 0.193 0.000 1.060 0.229 0.002 m14
#box: 0.585 0.139 0.000 0.604 0.166 0.002 m5
#box: 0.693 0.174 0.000 0.732 0.205 0.002 m7
#box: 0.739 0.167 0.000 0.771 0.195 0.002 m5
#box: 0.770 0.127 0.000 0.775 0.175 0.002 m2
#box: 0.618 0.178 0.000 0.636 0.200 0.002 m7
#box: 1.038 0.159 0.000 1.057 0.179 0.002 m8
#box: 0.121 0.160 0.000 0.152 0.182 0.002 m17
#box: 0.699 0.115 0.000 0.727 0.159 0.002 m20
#box: 0.110 0.148 0.000 0.136 0.194 0.002 m4
#box: 0.479 0.141 0.000 0.513 0.169 0.002 m20
#box: 0.091 0.193 0.000 0.127 0.217 0.002 m13
#box: 0.315 0.124 0.000 0.337 0.151 0.002 m12
#box: 1.058 0.198 0.000 1.064 0.234 0.002 m15
#box: 0.012 0.189 0.000 0.030 0.228 0.002 m2
#box: 0.952 0.171 0.000 0.982 0.197 0.002 m4
#box: 0.093 0.173 0.000 0.100 0.196 0.002 m19
#box: 0.208 0.199 0.000 0.215 0.233 0.002 m6
#box: 1.019 0.221 0.000 1.030 0.249 0.002 m17
#box: 0.643 0.124 0.000 0.675 0.168 0.002 m2
#box: 0.840 0.198 0.000 0.863 0.222 0.002 m1
#box: 0.634 0.115 0.000 0.646 0.161 0.002 m7
#box: 0.219 0.186 0.000 0.225 0.228 0.002 m14
#box: 0.604 0.228 0.000 0.633 0.248 0.002 m13
#box: 1.053 0.166 0.000 1.068 0.207 0.002 m13
#box: 0.168 0.113 0.000 0.203 0.163 0.002 m13
#box: 0.348 0.206 0.000 0.377 0.228 0.002 m1
#box: 0.415 0.126 0.000 0.449 0.166 0.002 m5
#box: 0.450 0.188 0.000 0.488 0.220 0.002 m15
#box: 0.861 0.139 0.000 0.887 0.171 0.002 m5
#box: 0.201 0.116 0.000 0.226 0.153 0.002 m16
#box: 0.789 0.159 0.000 0.793 0.207 0.002 m9
#box: 0.975 0.126 0.000 1.010 0.162 0.002 m14
#box: 0.087 0.122 0.000 0.108 0.168 0.002 m18
#box: 0.039 0.113 0.000 0.053 0.155 0.002 m5
#box: 0.473 0.147 0.000 0.491 0.189 0.002 m14
#box: 0.810 0.133 0.000 0.847 0.155 0.002 m19
#box: 0.692 0.150 0.000 0.703 0.177 0.002 m16
#box: 0.913 0.218 0.000 0.935 0.243 0.002 m1
#box: 1.007 0.204 0.000 1.023 0.237 0.002 m3
#box: 0.169 0.174 0.000 0.196 0.202 0.002 m11
#box: 0.491 0.136 0.000 0.497 0.179 0.002 m10
#box: 0.419 0.155 0.000 0.457 0.185 0.002 m1
#box: 0.333 0.178 0.000 0.342 0.214 0.002 m20
#box: 0.187 0.189 0.000 0.217 0.221 0.002 m19
#box: 0.552 0.151 0.000 0.585 0.188 0.002 m18
#box: 0.084 0.187 0.000 0.114 0.224 0.002 m15
#box: 0.711 0.178 0.000 0.722 0.225 0.002 m16
#box: 0.751 0.193 0.000 0.773 0.220 0.002 m7
#box: 0.202 0.195 0.000 0.220 0.233 0.002 m13
#box: 0.596 0.194 0.000 0.617 0.243 0.002 m6
#box: 0.194 0.144 0.000 0.222 0.188 0.002 m13
#box: 0.781 0.183 0.000 0.817 0.219 0.002 m2
#box: 0.743 0.165 0.000 0.779 0.204 0.002 m16
#box: 0.665 0.195 0.000 0.669 0.217 0.002 m2
#box: 0.212 0.220 0.000 0.235 0.248 0.002 m9
#box: 0.469 0.166 0.000 0.485 0.205 0.002 m18
#box: 0.368 0.216 0.000 0.400 0.238 0.002 m8
#box: 0.967 0.108 0.000 0.982 0.157 0.002 m8
#box: 0.395 0.156 0.000 0.431 0.197 0.002 m19
#box: 0.644 0.133 0.000 0.650 0.155 0.002 m4
#box: 0.918 0.170 0.000 0.941 0.206 0.002 m15
#box: 0.793 0.214 0.000 0.804 0.238 0.002 m9
#box: 0.374 0.146 0.000 0.384 0.190 0.002 m12
#box: 0.036 0.152 0.000 0.070 0.180 0.002 m13
#box: 1.053 0.119 0.000 1.069 0.162 0.002 m6
#box: 0.232 0.150 0.000 0.270 0.200 0.002 m20
#box: 0.756 0.120 0.000 0.793 0.165 0.002 m20
#box: 0.027 0.130 0.000 0.060 0.165 0.002 m2
#box: 1.040 0.183 0.000 1.072 0.206 0.002 m12
#box: 0.293 0.174 0.000 0.305 0.219 0.002 m18
#box: 0.380 0.172 0.000 0.397 0.216 0.002 m5
#box: 0.641 0.185 0.000 0.664 0.212 0.002 m13
#box: 0.944 0.188 0.000 0.956 0.224 0.002 m11
#box: 0.189 0.131 0.000 0.195 0.157 0.002 m12
#box: 0.551 0.171 0.000 0.564 0.218 0.002 m15
#box: 0.153 0.186 0.000 0.166 0.214 0.002 m1
#box: 0.134 0.203 0.000 0.143 0.248 0.002 m17
#box: 0.290 0.114 0.000 0.310 0.164 0.002 m14
#box: 0.939 0.195 0.000 0.964 0.238 0.002 m17
#box: 0.604 0.137 0.000 0.624 0.163 0.002 m13
