testingplz 
#domain: 1.200 0.300 0.002 
#dx_dy_dz: 0.002 0.002 0.002 
#time_window: 5.000000e-09 

#excitation_file: mala_source_modified.txt 
#hertzian_dipole: z 0.080 0.250 0 mala_source 
#rx: 0.120 0.250 0.000 
#src_steps: 0.002 0.000 0.000 
#rx_steps: 0.002 0.000 0.000 

#material: 5.000 0.220 1.000 0.000 concrete
#material: 1.000 0.000 1.000 0.000 air
#material: 80.000 0.500 1.000 0.000 water

#material: 1.000 0.000 1.000 0.000 m1
#material: 2.000 0.000 1.000 0.000 m2
#material: 3.000 0.000 1.000 0.000 m3
#material: 4.000 0.000 1.000 0.000 m4
#material: 5.000 0.000 1.000 0.000 m5
#material: 6.000 0.000 1.000 0.000 m6
#material: 7.000 0.000 1.000 0.000 m7
#material: 8.000 0.000 1.000 0.000 m8
#material: 9.000 0.000 1.000 0.000 m9
#material: 10.000 0.000 1.000 0.000 m10
#material: 11.000 0.000 1.000 0.000 m11
#material: 12.000 0.000 1.000 0.000 m12
#material: 13.000 0.000 1.000 0.000 m13
#material: 14.000 0.000 1.000 0.000 m14
#material: 15.000 0.000 1.000 0.000 m15
#material: 16.000 0.000 1.000 0.000 m16
#material: 17.000 0.000 1.000 0.000 m17
#material: 18.000 0.000 1.000 0.000 m18
#material: 19.000 0.000 1.000 0.000 m19
#material: 20.000 0.000 1.000 0.000 m20

#box: 0.000 0.000 0.000 1.200 0.250 0.002 concrete

#box: 0.697 0.176 0.000 0.729 0.222 0.002 m8
#box: 0.071 0.128 0.000 0.076 0.168 0.002 m11
#box: 0.558 0.153 0.000 0.581 0.202 0.002 m19
#box: 0.048 0.149 0.000 0.054 0.195 0.002 m18
#box: 0.485 0.208 0.000 0.504 0.232 0.002 m2
#box: 0.011 0.130 0.000 0.048 0.158 0.002 m8
#box: 0.913 0.163 0.000 0.923 0.187 0.002 m12
#box: 0.607 0.175 0.000 0.618 0.202 0.002 m4
#box: 0.875 0.132 0.000 0.915 0.180 0.002 m4
#box: 0.241 0.125 0.000 0.259 0.160 0.002 m14
#box: 0.042 0.194 0.000 0.080 0.222 0.002 m11
#box: 0.107 0.214 0.000 0.140 0.250 0.002 m8
#box: 0.536 0.219 0.000 0.567 0.241 0.002 m4
#box: 0.837 0.175 0.000 0.873 0.197 0.002 m7
#box: 0.616 0.140 0.000 0.631 0.176 0.002 m18
#box: 0.643 0.124 0.000 0.677 0.152 0.002 m14
#box: 1.015 0.190 0.000 1.030 0.219 0.002 m7
#box: 0.729 0.162 0.000 0.745 0.203 0.002 m19
#box: 0.798 0.192 0.000 0.823 0.221 0.002 m10
#box: 0.441 0.199 0.000 0.471 0.222 0.002 m18
#box: 0.571 0.128 0.000 0.584 0.155 0.002 m1
#box: 0.906 0.135 0.000 0.923 0.160 0.002 m18
#box: 0.201 0.138 0.000 0.223 0.159 0.002 m10
#box: 0.992 0.106 0.000 1.013 0.153 0.002 m4
#box: 0.616 0.180 0.000 0.648 0.207 0.002 m4
#box: 0.713 0.159 0.000 0.733 0.207 0.002 m13
#box: 1.094 0.147 0.000 1.124 0.185 0.002 m19
#box: 0.985 0.205 0.000 1.022 0.232 0.002 m20
#box: 0.922 0.120 0.000 0.948 0.158 0.002 m19
#box: 0.945 0.115 0.000 0.951 0.152 0.002 m8
#box: 0.200 0.206 0.000 0.207 0.231 0.002 m10
#box: 0.295 0.159 0.000 0.326 0.205 0.002 m6
#box: 0.835 0.156 0.000 0.863 0.200 0.002 m1
#box: 0.452 0.157 0.000 0.465 0.195 0.002 m10
#box: 0.463 0.181 0.000 0.477 0.220 0.002 m19
#box: 0.829 0.197 0.000 0.851 0.226 0.002 m10
#box: 0.186 0.169 0.000 0.197 0.197 0.002 m7
#box: 0.100 0.177 0.000 0.138 0.200 0.002 m16
#box: 0.581 0.170 0.000 0.615 0.213 0.002 m18
#box: 0.754 0.195 0.000 0.770 0.242 0.002 m15
#box: 0.209 0.186 0.000 0.237 0.221 0.002 m20
#box: 0.020 0.220 0.000 0.034 0.247 0.002 m5
#box: 0.459 0.198 0.000 0.463 0.221 0.002 m12
#box: 0.763 0.164 0.000 0.803 0.211 0.002 m20
#box: 1.067 0.187 0.000 1.072 0.230 0.002 m19
#box: 0.762 0.217 0.000 0.770 0.237 0.002 m12
#box: 0.742 0.177 0.000 0.750 0.206 0.002 m10
#box: 0.596 0.169 0.000 0.620 0.200 0.002 m17
#box: 0.093 0.167 0.000 0.099 0.202 0.002 m20
#box: 0.442 0.170 0.000 0.466 0.191 0.002 m3
#box: 0.101 0.189 0.000 0.122 0.220 0.002 m11
#box: 0.599 0.187 0.000 0.618 0.236 0.002 m6
#box: 0.448 0.207 0.000 0.486 0.229 0.002 m2
#box: 0.119 0.116 0.000 0.127 0.159 0.002 m17
#box: 0.320 0.167 0.000 0.335 0.212 0.002 m1
#box: 0.847 0.189 0.000 0.881 0.235 0.002 m7
#box: 0.833 0.152 0.000 0.860 0.189 0.002 m10
#box: 0.048 0.194 0.000 0.079 0.230 0.002 m2
#box: 0.082 0.139 0.000 0.112 0.186 0.002 m4
#box: 0.509 0.183 0.000 0.537 0.203 0.002 m2
#box: 0.290 0.154 0.000 0.322 0.177 0.002 m4
#box: 0.128 0.156 0.000 0.164 0.202 0.002 m4
#box: 0.331 0.194 0.000 0.354 0.233 0.002 m12
#box: 0.848 0.134 0.000 0.854 0.154 0.002 m12
#box: 0.114 0.115 0.000 0.120 0.151 0.002 m18
#box: 0.801 0.172 0.000 0.835 0.221 0.002 m3
#box: 0.427 0.137 0.000 0.461 0.163 0.002 m7
#box: 0.514 0.165 0.000 0.544 0.214 0.002 m11
#box: 0.540 0.190 0.000 0.560 0.230 0.002 m16
#box: 0.741 0.199 0.000 0.776 0.231 0.002 m10
#box: 0.883 0.220 0.000 0.888 0.242 0.002 m16
#box: 0.622 0.143 0.000 0.657 0.184 0.002 m7
#box: 0.783 0.136 0.000 0.792 0.172 0.002 m4
#box: 1.013 0.169 0.000 1.027 0.196 0.002 m20
#box: 0.692 0.175 0.000 0.703 0.211 0.002 m17
#box: 0.977 0.113 0.000 0.982 0.161 0.002 m19
#box: 0.662 0.158 0.000 0.691 0.184 0.002 m12
#box: 0.927 0.135 0.000 0.967 0.183 0.002 m20
#box: 0.684 0.164 0.000 0.703 0.189 0.002 m9
#box: 1.059 0.139 0.000 1.075 0.164 0.002 m9
#box: 0.924 0.217 0.000 0.939 0.250 0.002 m1
#box: 0.899 0.143 0.000 0.917 0.165 0.002 m5
#box: 0.017 0.173 0.000 0.022 0.200 0.002 m6
#box: 0.039 0.119 0.000 0.073 0.165 0.002 m3
#box: 0.166 0.228 0.000 0.181 0.249 0.002 m12
#box: 0.882 0.212 0.000 0.895 0.250 0.002 m16
#box: 0.784 0.174 0.000 0.788 0.205 0.002 m2
#box: 0.562 0.184 0.000 0.578 0.210 0.002 m3
#box: 0.808 0.150 0.000 0.822 0.180 0.002 m8
#box: 0.006 0.152 0.000 0.032 0.198 0.002 m20
#box: 0.494 0.162 0.000 0.519 0.207 0.002 m1
#box: 0.788 0.206 0.000 0.828 0.246 0.002 m12
#box: 0.856 0.162 0.000 0.893 0.191 0.002 m2
#box: 0.669 0.218 0.000 0.693 0.244 0.002 m17
#box: 0.263 0.143 0.000 0.297 0.169 0.002 m14
#box: 0.618 0.166 0.000 0.645 0.203 0.002 m20
#box: 0.074 0.175 0.000 0.114 0.195 0.002 m1
#box: 0.941 0.135 0.000 0.977 0.159 0.002 m2
#box: 0.199 0.144 0.000 0.232 0.177 0.002 m9
#box: 0.476 0.121 0.000 0.489 0.154 0.002 m4
#box: 0.196 0.137 0.000 0.230 0.185 0.002 m15
#box: 0.662 0.173 0.000 0.676 0.201 0.002 m8
#box: 0.964 0.193 0.000 0.993 0.235 0.002 m16
#box: 0.760 0.123 0.000 0.774 0.165 0.002 m19
#box: 0.626 0.148 0.000 0.640 0.184 0.002 m17
#box: 0.580 0.124 0.000 0.585 0.161 0.002 m17
#box: 0.118 0.185 0.000 0.138 0.208 0.002 m7
#box: 0.027 0.203 0.000 0.057 0.242 0.002 m18
#box: 0.480 0.163 0.000 0.513 0.184 0.002 m12
#box: 0.394 0.122 0.000 0.407 0.162 0.002 m12
#box: 0.725 0.155 0.000 0.764 0.175 0.002 m15
#box: 1.069 0.191 0.000 1.107 0.238 0.002 m13
#box: 0.316 0.160 0.000 0.338 0.205 0.002 m18
#box: 0.551 0.158 0.000 0.579 0.207 0.002 m5
#box: 0.057 0.146 0.000 0.095 0.193 0.002 m20
#box: 0.550 0.122 0.000 0.572 0.152 0.002 m9
#box: 0.583 0.188 0.000 0.597 0.221 0.002 m6
#box: 0.831 0.124 0.000 0.855 0.174 0.002 m13
#box: 0.912 0.157 0.000 0.919 0.202 0.002 m5
#box: 0.494 0.176 0.000 0.508 0.223 0.002 m11
#box: 0.019 0.179 0.000 0.051 0.220 0.002 m7
#box: 0.444 0.173 0.000 0.471 0.223 0.002 m17
#box: 0.924 0.121 0.000 0.955 0.165 0.002 m4
#box: 0.079 0.147 0.000 0.084 0.176 0.002 m20
#box: 1.029 0.114 0.000 1.066 0.163 0.002 m2
#box: 0.422 0.172 0.000 0.440 0.193 0.002 m20
#box: 0.190 0.178 0.000 0.218 0.221 0.002 m7
#box: 0.924 0.127 0.000 0.943 0.151 0.002 m12
#box: 0.682 0.161 0.000 0.688 0.190 0.002 m14
#box: 0.106 0.131 0.000 0.140 0.173 0.002 m2
#box: 0.881 0.118 0.000 0.899 0.154 0.002 m6
#box: 0.809 0.201 0.000 0.817 0.229 0.002 m7
#box: 0.157 0.210 0.000 0.172 0.240 0.002 m6
#box: 0.769 0.203 0.000 0.779 0.229 0.002 m8
#box: 0.913 0.168 0.000 0.944 0.201 0.002 m8
#box: 0.452 0.182 0.000 0.486 0.205 0.002 m9
#box: 0.283 0.142 0.000 0.306 0.190 0.002 m2
#box: 0.959 0.135 0.000 0.982 0.162 0.002 m17
#box: 0.641 0.159 0.000 0.674 0.206 0.002 m5
#box: 0.097 0.143 0.000 0.115 0.183 0.002 m12
#box: 0.070 0.139 0.000 0.100 0.161 0.002 m7
#box: 0.198 0.133 0.000 0.208 0.162 0.002 m9
#box: 0.231 0.136 0.000 0.268 0.176 0.002 m18
#box: 0.829 0.110 0.000 0.849 0.152 0.002 m17
#box: 0.669 0.198 0.000 0.709 0.243 0.002 m9
#box: 0.450 0.165 0.000 0.481 0.196 0.002 m15
#box: 0.005 0.178 0.000 0.020 0.202 0.002 m6
#box: 1.053 0.217 0.000 1.091 0.249 0.002 m13
#box: 0.895 0.221 0.000 0.912 0.243 0.002 m10
#box: 0.934 0.180 0.000 0.971 0.205 0.002 m1
#box: 0.019 0.198 0.000 0.027 0.240 0.002 m5
#box: 0.005 0.212 0.000 0.034 0.246 0.002 m3
#box: 0.911 0.139 0.000 0.936 0.188 0.002 m14
#box: 0.680 0.114 0.000 0.711 0.153 0.002 m14
#box: 0.892 0.130 0.000 0.925 0.162 0.002 m15
#box: 0.560 0.148 0.000 0.594 0.174 0.002 m9
#box: 0.960 0.158 0.000 0.991 0.188 0.002 m10
#box: 0.069 0.167 0.000 0.083 0.210 0.002 m20
#box: 1.006 0.163 0.000 1.042 0.199 0.002 m19
#box: 0.478 0.140 0.000 0.488 0.174 0.002 m15
#box: 0.095 0.152 0.000 0.133 0.189 0.002 m10
#box: 0.251 0.159 0.000 0.276 0.201 0.002 m19
#box: 0.807 0.174 0.000 0.841 0.220 0.002 m13
#box: 0.455 0.132 0.000 0.480 0.156 0.002 m11
#box: 1.054 0.143 0.000 1.061 0.190 0.002 m9
#box: 0.477 0.203 0.000 0.501 0.240 0.002 m2
#box: 0.087 0.197 0.000 0.126 0.245 0.002 m18
#box: 0.766 0.137 0.000 0.776 0.185 0.002 m16
#box: 1.069 0.204 0.000 1.088 0.240 0.002 m9
#box: 0.252 0.194 0.000 0.256 0.214 0.002 m17
#box: 0.753 0.142 0.000 0.761 0.188 0.002 m3
#box: 0.190 0.194 0.000 0.218 0.236 0.002 m6
#box: 0.309 0.163 0.000 0.341 0.194 0.002 m4
#box: 0.722 0.204 0.000 0.742 0.235 0.002 m19
#box: 0.851 0.155 0.000 0.889 0.202 0.002 m8
#box: 0.007 0.169 0.000 0.020 0.195 0.002 m12
#box: 0.836 0.199 0.000 0.862 0.242 0.002 m19
#box: 0.219 0.116 0.000 0.240 0.159 0.002 m17
#box: 0.925 0.129 0.000 0.964 0.163 0.002 m8
#box: 0.758 0.149 0.000 0.774 0.169 0.002 m7
#box: 0.327 0.122 0.000 0.363 0.172 0.002 m8
#box: 0.603 0.129 0.000 0.636 0.152 0.002 m15
#box: 0.829 0.134 0.000 0.834 0.172 0.002 m15
#box: 0.311 0.146 0.000 0.327 0.181 0.002 m3
#box: 0.714 0.207 0.000 0.752 0.229 0.002 m6
#box: 0.499 0.203 0.000 0.525 0.231 0.002 m14
#box: 0.995 0.183 0.000 1.000 0.228 0.002 m14
#box: 0.124 0.197 0.000 0.158 0.237 0.002 m9
#box: 0.998 0.186 0.000 1.002 0.235 0.002 m14
#box: 0.274 0.210 0.000 0.280 0.238 0.002 m6
#box: 0.922 0.144 0.000 0.954 0.181 0.002 m12
#box: 0.935 0.161 0.000 0.957 0.211 0.002 m16
#box: 0.956 0.173 0.000 0.990 0.200 0.002 m18
#box: 0.621 0.142 0.000 0.659 0.162 0.002 m18
#box: 0.559 0.183 0.000 0.577 0.220 0.002 m10
#box: 0.004 0.160 0.000 0.033 0.193 0.002 m3
#box: 0.408 0.117 0.000 0.415 0.152 0.002 m8
#box: 1.019 0.162 0.000 1.049 0.210 0.002 m12
#box: 0.817 0.149 0.000 0.830 0.181 0.002 m15
#box: 0.224 0.133 0.000 0.228 0.166 0.002 m2
