testingplz 
#domain: 1.200 0.300 0.002 
#dx_dy_dz: 0.002 0.002 0.002 
#time_window: 5.000000e-09 

#excitation_file: mala_source_modified.txt 
#hertzian_dipole: z 0.080 0.250 0 mala_source 
#rx: 0.120 0.250 0.000 
#src_steps: 0.002 0.000 0.000 
#rx_steps: 0.002 0.000 0.000 

#material: 5.000 0.220 1.000 0.000 concrete
#material: 1.000 0.000 1.000 0.000 air
#material: 80.000 0.500 1.000 0.000 water

#material: 1.000 0.000 1.000 0.000 m1
#material: 2.000 0.000 1.000 0.000 m2
#material: 3.000 0.000 1.000 0.000 m3
#material: 4.000 0.000 1.000 0.000 m4
#material: 5.000 0.000 1.000 0.000 m5
#material: 6.000 0.000 1.000 0.000 m6
#material: 7.000 0.000 1.000 0.000 m7
#material: 8.000 0.000 1.000 0.000 m8
#material: 9.000 0.000 1.000 0.000 m9
#material: 10.000 0.000 1.000 0.000 m10
#material: 11.000 0.000 1.000 0.000 m11
#material: 12.000 0.000 1.000 0.000 m12
#material: 13.000 0.000 1.000 0.000 m13
#material: 14.000 0.000 1.000 0.000 m14
#material: 15.000 0.000 1.000 0.000 m15
#material: 16.000 0.000 1.000 0.000 m16
#material: 17.000 0.000 1.000 0.000 m17
#material: 18.000 0.000 1.000 0.000 m18
#material: 19.000 0.000 1.000 0.000 m19
#material: 20.000 0.000 1.000 0.000 m20

#box: 0.000 0.000 0.000 1.200 0.250 0.002 concrete

#box: 0.635 0.146 0.000 0.647 0.195 0.002 m17
#box: 0.282 0.142 0.000 0.309 0.176 0.002 m7
#box: 0.104 0.159 0.000 0.140 0.208 0.002 m13
#box: 0.503 0.220 0.000 0.527 0.250 0.002 m8
#box: 1.045 0.178 0.000 1.056 0.216 0.002 m18
#box: 0.134 0.133 0.000 0.143 0.172 0.002 m16
#box: 0.668 0.167 0.000 0.692 0.204 0.002 m17
#box: 1.002 0.158 0.000 1.026 0.188 0.002 m3
#box: 0.850 0.152 0.000 0.875 0.192 0.002 m3
#box: 0.830 0.149 0.000 0.867 0.176 0.002 m17
#box: 0.386 0.146 0.000 0.415 0.169 0.002 m15
#box: 0.218 0.135 0.000 0.224 0.157 0.002 m7
#box: 0.376 0.199 0.000 0.396 0.226 0.002 m13
#box: 1.032 0.149 0.000 1.060 0.199 0.002 m18
#box: 0.813 0.208 0.000 0.836 0.231 0.002 m12
#box: 0.153 0.184 0.000 0.185 0.214 0.002 m7
#box: 0.628 0.177 0.000 0.656 0.206 0.002 m3
#box: 0.837 0.120 0.000 0.849 0.154 0.002 m16
#box: 0.799 0.145 0.000 0.810 0.186 0.002 m11
#box: 0.848 0.217 0.000 0.888 0.250 0.002 m10
#box: 1.027 0.116 0.000 1.058 0.151 0.002 m7
#box: 1.003 0.204 0.000 1.034 0.237 0.002 m10
#box: 0.991 0.135 0.000 1.021 0.167 0.002 m11
#box: 0.424 0.130 0.000 0.459 0.174 0.002 m13
#box: 0.327 0.174 0.000 0.359 0.221 0.002 m7
#box: 0.322 0.170 0.000 0.355 0.213 0.002 m20
#box: 0.159 0.224 0.000 0.198 0.248 0.002 m5
#box: 0.224 0.220 0.000 0.248 0.240 0.002 m1
#box: 0.967 0.167 0.000 0.997 0.209 0.002 m17
#box: 0.804 0.124 0.000 0.819 0.161 0.002 m2
#box: 0.153 0.190 0.000 0.180 0.233 0.002 m16
#box: 0.783 0.198 0.000 0.815 0.231 0.002 m2
#box: 0.561 0.135 0.000 0.596 0.165 0.002 m9
#box: 0.442 0.140 0.000 0.474 0.169 0.002 m18
#box: 0.201 0.133 0.000 0.208 0.179 0.002 m12
#box: 0.457 0.201 0.000 0.484 0.240 0.002 m19
#box: 0.146 0.131 0.000 0.155 0.170 0.002 m13
#box: 0.103 0.159 0.000 0.111 0.198 0.002 m6
#box: 0.236 0.162 0.000 0.261 0.196 0.002 m20
#box: 0.755 0.154 0.000 0.778 0.181 0.002 m19
#box: 0.671 0.188 0.000 0.710 0.234 0.002 m8
#box: 0.479 0.160 0.000 0.485 0.208 0.002 m14
#box: 0.200 0.194 0.000 0.217 0.235 0.002 m2
#box: 0.901 0.201 0.000 0.927 0.229 0.002 m1
#box: 0.865 0.165 0.000 0.903 0.200 0.002 m7
#box: 0.118 0.130 0.000 0.131 0.161 0.002 m7
#box: 0.221 0.201 0.000 0.225 0.242 0.002 m1
#box: 0.843 0.196 0.000 0.850 0.231 0.002 m14
#box: 0.549 0.196 0.000 0.569 0.226 0.002 m5
#box: 0.781 0.194 0.000 0.785 0.227 0.002 m5
#box: 0.019 0.201 0.000 0.049 0.240 0.002 m13
#box: 0.111 0.184 0.000 0.122 0.213 0.002 m6
#box: 0.592 0.214 0.000 0.612 0.249 0.002 m14
#box: 0.929 0.203 0.000 0.951 0.238 0.002 m2
#box: 0.639 0.191 0.000 0.650 0.237 0.002 m7
#box: 0.123 0.110 0.000 0.154 0.159 0.002 m5
#box: 0.437 0.135 0.000 0.444 0.176 0.002 m15
#box: 0.500 0.157 0.000 0.523 0.189 0.002 m19
#box: 0.418 0.118 0.000 0.425 0.157 0.002 m5
#box: 0.700 0.160 0.000 0.716 0.183 0.002 m11
#box: 0.157 0.126 0.000 0.177 0.176 0.002 m17
#box: 0.509 0.195 0.000 0.548 0.229 0.002 m4
#box: 0.082 0.177 0.000 0.104 0.223 0.002 m8
#box: 1.068 0.107 0.000 1.076 0.157 0.002 m11
#box: 0.132 0.173 0.000 0.162 0.193 0.002 m1
#box: 0.622 0.194 0.000 0.657 0.216 0.002 m4
#box: 0.889 0.134 0.000 0.898 0.182 0.002 m5
#box: 0.815 0.189 0.000 0.843 0.229 0.002 m20
#box: 1.090 0.171 0.000 1.114 0.198 0.002 m13
#box: 0.392 0.128 0.000 0.419 0.152 0.002 m18
#box: 0.151 0.134 0.000 0.166 0.176 0.002 m3
#box: 0.820 0.108 0.000 0.844 0.151 0.002 m4
#box: 0.182 0.147 0.000 0.204 0.173 0.002 m14
#box: 0.381 0.130 0.000 0.387 0.178 0.002 m20
#box: 0.022 0.190 0.000 0.062 0.218 0.002 m10
#box: 0.458 0.125 0.000 0.497 0.155 0.002 m10
#box: 0.796 0.134 0.000 0.810 0.170 0.002 m10
#box: 0.874 0.193 0.000 0.882 0.233 0.002 m20
#box: 0.824 0.116 0.000 0.830 0.165 0.002 m5
#box: 0.137 0.134 0.000 0.148 0.165 0.002 m13
#box: 0.461 0.191 0.000 0.466 0.213 0.002 m3
#box: 0.039 0.169 0.000 0.053 0.210 0.002 m3
#box: 0.416 0.207 0.000 0.442 0.233 0.002 m12
#box: 0.258 0.199 0.000 0.292 0.233 0.002 m18
#box: 0.538 0.135 0.000 0.543 0.172 0.002 m9
#box: 0.532 0.122 0.000 0.563 0.169 0.002 m1
#box: 1.014 0.167 0.000 1.045 0.205 0.002 m2
#box: 0.209 0.114 0.000 0.238 0.157 0.002 m5
#box: 0.269 0.217 0.000 0.283 0.238 0.002 m20
#box: 0.202 0.147 0.000 0.239 0.171 0.002 m3
#box: 0.080 0.166 0.000 0.093 0.196 0.002 m7
#box: 0.826 0.225 0.000 0.845 0.247 0.002 m11
#box: 0.271 0.196 0.000 0.292 0.235 0.002 m10
#box: 0.777 0.201 0.000 0.783 0.239 0.002 m5
#box: 0.062 0.153 0.000 0.076 0.197 0.002 m8
#box: 0.985 0.194 0.000 1.024 0.220 0.002 m2
#box: 0.909 0.227 0.000 0.922 0.248 0.002 m13
#box: 0.034 0.180 0.000 0.045 0.227 0.002 m4
#box: 0.002 0.130 0.000 0.010 0.169 0.002 m10
#box: 0.398 0.127 0.000 0.416 0.156 0.002 m7
#box: 0.326 0.110 0.000 0.351 0.156 0.002 m2
#box: 0.029 0.123 0.000 0.050 0.158 0.002 m4
#box: 0.782 0.178 0.000 0.794 0.210 0.002 m16
#box: 0.358 0.118 0.000 0.393 0.166 0.002 m14
#box: 0.908 0.184 0.000 0.912 0.211 0.002 m15
#box: 0.618 0.176 0.000 0.622 0.220 0.002 m3
#box: 0.940 0.138 0.000 0.965 0.183 0.002 m17
#box: 0.505 0.187 0.000 0.515 0.221 0.002 m11
#box: 0.089 0.200 0.000 0.104 0.226 0.002 m7
#box: 0.040 0.187 0.000 0.055 0.233 0.002 m8
#box: 0.971 0.213 0.000 0.981 0.242 0.002 m13
#box: 0.135 0.111 0.000 0.173 0.160 0.002 m1
#box: 0.354 0.149 0.000 0.376 0.178 0.002 m10
#box: 0.524 0.169 0.000 0.539 0.219 0.002 m20
#box: 0.162 0.186 0.000 0.187 0.233 0.002 m11
#box: 0.530 0.126 0.000 0.570 0.156 0.002 m20
#box: 0.432 0.120 0.000 0.444 0.164 0.002 m1
#box: 0.334 0.134 0.000 0.349 0.182 0.002 m4
#box: 0.579 0.120 0.000 0.607 0.157 0.002 m15
#box: 0.180 0.176 0.000 0.187 0.203 0.002 m13
#box: 0.629 0.179 0.000 0.661 0.210 0.002 m15
#box: 0.495 0.128 0.000 0.500 0.165 0.002 m5
#box: 0.651 0.193 0.000 0.686 0.215 0.002 m18
#box: 0.352 0.176 0.000 0.359 0.222 0.002 m13
#box: 1.002 0.182 0.000 1.030 0.225 0.002 m5
#box: 0.172 0.109 0.000 0.202 0.158 0.002 m7
#box: 0.883 0.158 0.000 0.902 0.183 0.002 m16
#box: 1.050 0.141 0.000 1.083 0.185 0.002 m12
#box: 0.928 0.177 0.000 0.961 0.211 0.002 m9
#box: 0.299 0.192 0.000 0.315 0.241 0.002 m11
#box: 0.424 0.114 0.000 0.454 0.158 0.002 m20
#box: 0.362 0.181 0.000 0.402 0.227 0.002 m3
#box: 0.559 0.211 0.000 0.598 0.244 0.002 m8
#box: 0.618 0.162 0.000 0.624 0.185 0.002 m18
#box: 0.741 0.138 0.000 0.774 0.188 0.002 m13
#box: 1.097 0.166 0.000 1.128 0.187 0.002 m19
#box: 0.869 0.160 0.000 0.892 0.202 0.002 m20
#box: 0.187 0.103 0.000 0.218 0.151 0.002 m8
#box: 0.218 0.196 0.000 0.222 0.220 0.002 m15
#box: 0.869 0.169 0.000 0.898 0.208 0.002 m3
#box: 0.741 0.196 0.000 0.747 0.239 0.002 m13
#box: 1.028 0.157 0.000 1.059 0.194 0.002 m5
#box: 0.590 0.134 0.000 0.606 0.178 0.002 m11
#box: 0.239 0.180 0.000 0.250 0.226 0.002 m13
#box: 0.578 0.136 0.000 0.615 0.156 0.002 m11
#box: 0.224 0.183 0.000 0.230 0.226 0.002 m7
#box: 0.210 0.123 0.000 0.232 0.170 0.002 m18
#box: 0.330 0.135 0.000 0.344 0.182 0.002 m16
#box: 0.257 0.198 0.000 0.276 0.241 0.002 m10
#box: 0.404 0.185 0.000 0.420 0.219 0.002 m12
#box: 0.697 0.174 0.000 0.731 0.218 0.002 m5
#box: 0.663 0.162 0.000 0.677 0.188 0.002 m18
#box: 0.269 0.182 0.000 0.299 0.209 0.002 m10
#box: 0.614 0.193 0.000 0.635 0.217 0.002 m18
#box: 0.228 0.157 0.000 0.234 0.186 0.002 m3
#box: 0.322 0.158 0.000 0.332 0.179 0.002 m13
#box: 0.810 0.156 0.000 0.847 0.192 0.002 m4
#box: 0.568 0.118 0.000 0.593 0.167 0.002 m14
#box: 0.673 0.193 0.000 0.690 0.242 0.002 m10
#box: 0.024 0.165 0.000 0.061 0.214 0.002 m9
#box: 0.106 0.202 0.000 0.130 0.246 0.002 m4
#box: 0.224 0.136 0.000 0.261 0.162 0.002 m6
#box: 0.713 0.184 0.000 0.748 0.228 0.002 m4
#box: 0.718 0.196 0.000 0.755 0.217 0.002 m7
#box: 0.193 0.171 0.000 0.200 0.220 0.002 m2
#box: 0.123 0.162 0.000 0.133 0.191 0.002 m10
#box: 0.977 0.118 0.000 1.000 0.153 0.002 m8
#box: 0.127 0.195 0.000 0.139 0.221 0.002 m16
#box: 0.436 0.123 0.000 0.461 0.173 0.002 m3
#box: 0.546 0.191 0.000 0.562 0.211 0.002 m12
#box: 0.813 0.177 0.000 0.834 0.226 0.002 m4
#box: 0.297 0.206 0.000 0.316 0.227 0.002 m13
#box: 0.077 0.105 0.000 0.110 0.155 0.002 m15
#box: 0.328 0.178 0.000 0.363 0.217 0.002 m19
#box: 0.320 0.172 0.000 0.347 0.197 0.002 m12
#box: 0.435 0.174 0.000 0.471 0.223 0.002 m10
#box: 1.026 0.155 0.000 1.030 0.191 0.002 m1
#box: 0.766 0.158 0.000 0.803 0.178 0.002 m8
#box: 0.906 0.169 0.000 0.943 0.202 0.002 m16
#box: 0.871 0.207 0.000 0.893 0.249 0.002 m20
#box: 0.099 0.182 0.000 0.126 0.217 0.002 m18
#box: 0.654 0.188 0.000 0.684 0.232 0.002 m16
#box: 0.020 0.197 0.000 0.024 0.230 0.002 m4
#box: 0.723 0.210 0.000 0.747 0.244 0.002 m17
#box: 0.311 0.204 0.000 0.333 0.232 0.002 m9
#box: 0.757 0.201 0.000 0.763 0.238 0.002 m9
#box: 0.453 0.203 0.000 0.460 0.236 0.002 m20
#box: 0.646 0.123 0.000 0.659 0.155 0.002 m1
#box: 0.814 0.200 0.000 0.847 0.245 0.002 m4
#box: 0.531 0.156 0.000 0.560 0.190 0.002 m11
#box: 0.017 0.120 0.000 0.053 0.158 0.002 m19
#box: 0.403 0.128 0.000 0.442 0.160 0.002 m15
#box: 0.337 0.213 0.000 0.350 0.240 0.002 m3
#box: 0.243 0.187 0.000 0.279 0.234 0.002 m9
#box: 0.674 0.158 0.000 0.708 0.196 0.002 m19
#box: 1.076 0.195 0.000 1.086 0.236 0.002 m4
#box: 0.154 0.200 0.000 0.161 0.233 0.002 m15
#box: 0.834 0.216 0.000 0.855 0.237 0.002 m4
#box: 0.587 0.121 0.000 0.603 0.157 0.002 m2
#box: 0.110 0.167 0.000 0.118 0.209 0.002 m19
