testingplz 
#domain: 1.200 0.300 0.002 
#dx_dy_dz: 0.002 0.002 0.002 
#time_window: 5.000000e-09 

#excitation_file: mala_source_modified.txt 
#hertzian_dipole: z 0.080 0.250 0 mala_source 
#rx: 0.120 0.250 0.000 
#src_steps: 0.002 0.000 0.000 
#rx_steps: 0.002 0.000 0.000 

#material: 5.000 0.220 1.000 0.000 concrete
#material: 1.000 0.000 1.000 0.000 air
#material: 80.000 0.500 1.000 0.000 water

#material: 1.000 0.000 1.000 0.000 m1
#material: 2.000 0.000 1.000 0.000 m2
#material: 3.000 0.000 1.000 0.000 m3
#material: 4.000 0.000 1.000 0.000 m4
#material: 5.000 0.000 1.000 0.000 m5
#material: 6.000 0.000 1.000 0.000 m6
#material: 7.000 0.000 1.000 0.000 m7
#material: 8.000 0.000 1.000 0.000 m8
#material: 9.000 0.000 1.000 0.000 m9
#material: 10.000 0.000 1.000 0.000 m10
#material: 11.000 0.000 1.000 0.000 m11
#material: 12.000 0.000 1.000 0.000 m12
#material: 13.000 0.000 1.000 0.000 m13
#material: 14.000 0.000 1.000 0.000 m14
#material: 15.000 0.000 1.000 0.000 m15
#material: 16.000 0.000 1.000 0.000 m16
#material: 17.000 0.000 1.000 0.000 m17
#material: 18.000 0.000 1.000 0.000 m18
#material: 19.000 0.000 1.000 0.000 m19
#material: 20.000 0.000 1.000 0.000 m20

#box: 0.000 0.000 0.000 1.200 0.250 0.002 concrete

#box: 0.762 0.160 0.000 0.785 0.206 0.002 m11
#box: 0.820 0.218 0.000 0.854 0.242 0.002 m7
#box: 0.928 0.143 0.000 0.941 0.168 0.002 m18
#box: 0.337 0.185 0.000 0.352 0.215 0.002 m6
#box: 0.275 0.121 0.000 0.315 0.160 0.002 m15
#box: 0.770 0.214 0.000 0.779 0.250 0.002 m6
#box: 0.770 0.163 0.000 0.803 0.201 0.002 m17
#box: 0.572 0.124 0.000 0.584 0.150 0.002 m6
#box: 0.249 0.165 0.000 0.284 0.212 0.002 m13
#box: 0.615 0.110 0.000 0.619 0.157 0.002 m20
#box: 0.367 0.134 0.000 0.399 0.160 0.002 m2
#box: 0.990 0.146 0.000 1.003 0.170 0.002 m15
#box: 0.751 0.128 0.000 0.765 0.164 0.002 m16
#box: 0.991 0.181 0.000 1.008 0.207 0.002 m14
#box: 0.881 0.211 0.000 0.920 0.247 0.002 m15
#box: 0.506 0.190 0.000 0.526 0.225 0.002 m9
#box: 0.328 0.115 0.000 0.337 0.151 0.002 m10
#box: 1.048 0.153 0.000 1.079 0.201 0.002 m5
#box: 0.162 0.223 0.000 0.169 0.243 0.002 m9
#box: 0.786 0.157 0.000 0.812 0.189 0.002 m12
#box: 0.436 0.213 0.000 0.440 0.243 0.002 m3
#box: 0.456 0.119 0.000 0.469 0.159 0.002 m3
#box: 0.428 0.214 0.000 0.438 0.238 0.002 m19
#box: 1.015 0.135 0.000 1.036 0.185 0.002 m2
#box: 0.713 0.163 0.000 0.742 0.183 0.002 m10
#box: 0.146 0.202 0.000 0.184 0.224 0.002 m14
#box: 0.781 0.136 0.000 0.815 0.158 0.002 m8
#box: 1.052 0.204 0.000 1.084 0.240 0.002 m16
#box: 1.082 0.158 0.000 1.100 0.182 0.002 m13
#box: 0.318 0.119 0.000 0.345 0.153 0.002 m19
#box: 1.008 0.163 0.000 1.016 0.199 0.002 m8
#box: 0.934 0.120 0.000 0.944 0.159 0.002 m17
#box: 0.050 0.176 0.000 0.059 0.212 0.002 m12
#box: 0.754 0.141 0.000 0.785 0.166 0.002 m19
#box: 1.006 0.224 0.000 1.028 0.247 0.002 m13
#box: 0.291 0.162 0.000 0.309 0.190 0.002 m20
#box: 0.564 0.140 0.000 0.570 0.190 0.002 m9
#box: 0.845 0.142 0.000 0.861 0.180 0.002 m10
#box: 1.080 0.189 0.000 1.119 0.220 0.002 m5
#box: 0.284 0.107 0.000 0.314 0.157 0.002 m3
#box: 0.944 0.105 0.000 0.963 0.152 0.002 m20
#box: 0.850 0.204 0.000 0.859 0.247 0.002 m1
#box: 0.355 0.152 0.000 0.378 0.184 0.002 m16
#box: 0.868 0.214 0.000 0.874 0.246 0.002 m6
#box: 0.514 0.137 0.000 0.554 0.157 0.002 m14
#box: 0.058 0.191 0.000 0.085 0.240 0.002 m9
#box: 1.057 0.143 0.000 1.085 0.166 0.002 m7
#box: 0.923 0.141 0.000 0.948 0.175 0.002 m18
#box: 0.688 0.128 0.000 0.692 0.170 0.002 m12
#box: 0.861 0.166 0.000 0.867 0.202 0.002 m13
#box: 0.475 0.111 0.000 0.493 0.151 0.002 m8
#box: 0.362 0.190 0.000 0.376 0.235 0.002 m16
#box: 0.069 0.163 0.000 0.102 0.194 0.002 m2
#box: 0.259 0.137 0.000 0.276 0.174 0.002 m12
#box: 0.474 0.143 0.000 0.510 0.181 0.002 m12
#box: 0.526 0.184 0.000 0.548 0.211 0.002 m14
#box: 0.258 0.156 0.000 0.286 0.191 0.002 m17
#box: 0.000 0.191 0.000 0.009 0.216 0.002 m7
#box: 1.063 0.189 0.000 1.097 0.214 0.002 m17
#box: 0.159 0.180 0.000 0.167 0.206 0.002 m20
#box: 0.729 0.217 0.000 0.738 0.239 0.002 m11
#box: 0.311 0.215 0.000 0.342 0.246 0.002 m13
#box: 0.052 0.190 0.000 0.082 0.231 0.002 m20
#box: 1.002 0.222 0.000 1.039 0.247 0.002 m5
#box: 0.278 0.154 0.000 0.315 0.184 0.002 m11
#box: 1.020 0.112 0.000 1.037 0.153 0.002 m7
#box: 0.052 0.197 0.000 0.077 0.232 0.002 m15
#box: 0.169 0.131 0.000 0.207 0.180 0.002 m12
#box: 0.467 0.125 0.000 0.502 0.173 0.002 m17
#box: 0.304 0.150 0.000 0.316 0.190 0.002 m18
#box: 0.415 0.185 0.000 0.419 0.233 0.002 m10
#box: 1.091 0.127 0.000 1.122 0.154 0.002 m17
#box: 0.071 0.116 0.000 0.093 0.152 0.002 m14
#box: 0.800 0.197 0.000 0.824 0.235 0.002 m4
#box: 0.597 0.191 0.000 0.611 0.214 0.002 m4
#box: 1.027 0.135 0.000 1.048 0.162 0.002 m13
#box: 0.038 0.128 0.000 0.051 0.166 0.002 m15
#box: 0.577 0.186 0.000 0.610 0.227 0.002 m11
#box: 0.099 0.181 0.000 0.128 0.218 0.002 m19
#box: 0.309 0.151 0.000 0.325 0.187 0.002 m18
#box: 0.453 0.194 0.000 0.468 0.239 0.002 m11
#box: 1.063 0.191 0.000 1.070 0.226 0.002 m13
#box: 0.291 0.163 0.000 0.308 0.203 0.002 m16
#box: 0.262 0.146 0.000 0.282 0.171 0.002 m10
#box: 0.381 0.133 0.000 0.417 0.169 0.002 m7
#box: 0.363 0.131 0.000 0.371 0.168 0.002 m18
#box: 0.625 0.198 0.000 0.643 0.245 0.002 m8
#box: 0.361 0.158 0.000 0.385 0.186 0.002 m18
#box: 0.462 0.184 0.000 0.496 0.226 0.002 m2
#box: 0.967 0.130 0.000 0.976 0.169 0.002 m15
#box: 0.857 0.141 0.000 0.866 0.173 0.002 m11
#box: 0.558 0.140 0.000 0.562 0.174 0.002 m15
#box: 0.540 0.147 0.000 0.552 0.182 0.002 m18
#box: 0.120 0.200 0.000 0.132 0.224 0.002 m6
#box: 0.234 0.144 0.000 0.273 0.184 0.002 m4
#box: 0.035 0.114 0.000 0.075 0.150 0.002 m2
#box: 0.288 0.170 0.000 0.293 0.215 0.002 m13
#box: 0.605 0.119 0.000 0.609 0.158 0.002 m20
#box: 0.701 0.158 0.000 0.708 0.202 0.002 m10
#box: 0.543 0.133 0.000 0.570 0.179 0.002 m6
#box: 0.960 0.216 0.000 0.970 0.246 0.002 m7
#box: 1.078 0.206 0.000 1.103 0.230 0.002 m13
#box: 0.878 0.139 0.000 0.883 0.179 0.002 m10
#box: 0.369 0.196 0.000 0.405 0.229 0.002 m6
#box: 0.751 0.201 0.000 0.786 0.243 0.002 m15
#box: 0.893 0.141 0.000 0.912 0.179 0.002 m3
#box: 0.039 0.187 0.000 0.047 0.237 0.002 m14
#box: 0.283 0.121 0.000 0.318 0.152 0.002 m17
#box: 0.526 0.182 0.000 0.549 0.221 0.002 m13
#box: 0.002 0.197 0.000 0.016 0.228 0.002 m8
#box: 1.000 0.174 0.000 1.034 0.203 0.002 m18
#box: 0.698 0.101 0.000 0.726 0.150 0.002 m2
#box: 0.782 0.199 0.000 0.804 0.239 0.002 m14
#box: 0.868 0.194 0.000 0.894 0.229 0.002 m17
#box: 0.513 0.133 0.000 0.520 0.156 0.002 m19
#box: 1.089 0.146 0.000 1.096 0.180 0.002 m11
#box: 0.234 0.129 0.000 0.253 0.166 0.002 m14
#box: 0.449 0.178 0.000 0.485 0.211 0.002 m17
#box: 0.108 0.158 0.000 0.123 0.194 0.002 m7
#box: 0.897 0.167 0.000 0.911 0.192 0.002 m8
#box: 0.245 0.172 0.000 0.254 0.192 0.002 m4
#box: 0.811 0.136 0.000 0.846 0.158 0.002 m8
#box: 0.365 0.151 0.000 0.381 0.177 0.002 m10
#box: 0.554 0.191 0.000 0.574 0.226 0.002 m20
#box: 0.843 0.107 0.000 0.877 0.154 0.002 m1
#box: 0.617 0.215 0.000 0.641 0.244 0.002 m18
#box: 0.295 0.200 0.000 0.306 0.238 0.002 m1
#box: 0.144 0.111 0.000 0.163 0.151 0.002 m15
#box: 0.115 0.131 0.000 0.139 0.179 0.002 m18
#box: 0.736 0.163 0.000 0.772 0.199 0.002 m14
#box: 0.490 0.166 0.000 0.525 0.214 0.002 m14
#box: 0.209 0.194 0.000 0.243 0.217 0.002 m19
#box: 0.818 0.145 0.000 0.852 0.175 0.002 m9
#box: 1.018 0.149 0.000 1.035 0.178 0.002 m4
#box: 0.454 0.223 0.000 0.458 0.244 0.002 m14
#box: 0.909 0.144 0.000 0.926 0.165 0.002 m10
#box: 1.013 0.200 0.000 1.025 0.243 0.002 m1
#box: 0.458 0.145 0.000 0.488 0.170 0.002 m10
#box: 0.954 0.136 0.000 0.959 0.172 0.002 m8
#box: 1.009 0.145 0.000 1.013 0.180 0.002 m13
#box: 1.061 0.149 0.000 1.073 0.171 0.002 m14
#box: 0.452 0.144 0.000 0.475 0.178 0.002 m6
#box: 0.345 0.210 0.000 0.367 0.239 0.002 m1
#box: 0.597 0.199 0.000 0.607 0.235 0.002 m9
#box: 0.983 0.132 0.000 0.995 0.171 0.002 m3
#box: 0.211 0.179 0.000 0.239 0.228 0.002 m5
#box: 0.927 0.125 0.000 0.955 0.173 0.002 m5
#box: 0.762 0.156 0.000 0.794 0.184 0.002 m3
#box: 0.461 0.192 0.000 0.498 0.231 0.002 m16
#box: 0.923 0.209 0.000 0.953 0.248 0.002 m16
#box: 0.328 0.175 0.000 0.346 0.204 0.002 m7
#box: 0.506 0.201 0.000 0.518 0.234 0.002 m15
#box: 1.094 0.185 0.000 1.120 0.217 0.002 m17
#box: 1.075 0.196 0.000 1.084 0.225 0.002 m7
#box: 0.211 0.211 0.000 0.215 0.249 0.002 m12
#box: 0.046 0.150 0.000 0.078 0.192 0.002 m17
#box: 0.629 0.137 0.000 0.667 0.163 0.002 m5
#box: 0.714 0.177 0.000 0.747 0.223 0.002 m20
#box: 0.467 0.152 0.000 0.496 0.189 0.002 m5
#box: 0.653 0.147 0.000 0.660 0.183 0.002 m2
#box: 0.089 0.194 0.000 0.105 0.224 0.002 m8
#box: 0.794 0.133 0.000 0.818 0.164 0.002 m20
#box: 0.649 0.105 0.000 0.673 0.150 0.002 m7
#box: 0.539 0.175 0.000 0.561 0.195 0.002 m12
#box: 0.192 0.162 0.000 0.230 0.196 0.002 m4
#box: 0.135 0.141 0.000 0.144 0.161 0.002 m15
#box: 0.509 0.132 0.000 0.520 0.179 0.002 m16
#box: 0.242 0.141 0.000 0.255 0.185 0.002 m10
#box: 0.144 0.202 0.000 0.165 0.246 0.002 m16
#box: 0.586 0.141 0.000 0.609 0.164 0.002 m4
#box: 0.706 0.172 0.000 0.729 0.201 0.002 m9
#box: 0.577 0.198 0.000 0.615 0.246 0.002 m18
#box: 1.034 0.202 0.000 1.041 0.227 0.002 m6
#box: 0.558 0.149 0.000 0.579 0.192 0.002 m2
#box: 0.324 0.184 0.000 0.330 0.224 0.002 m12
#box: 1.060 0.184 0.000 1.070 0.214 0.002 m18
#box: 0.391 0.150 0.000 0.429 0.193 0.002 m3
#box: 0.194 0.140 0.000 0.215 0.177 0.002 m5
#box: 0.506 0.118 0.000 0.541 0.153 0.002 m4
#box: 0.985 0.177 0.000 0.996 0.223 0.002 m4
#box: 0.140 0.201 0.000 0.163 0.229 0.002 m5
#box: 1.042 0.172 0.000 1.080 0.203 0.002 m14
#box: 0.622 0.213 0.000 0.637 0.238 0.002 m5
#box: 0.475 0.113 0.000 0.498 0.160 0.002 m15
#box: 0.543 0.197 0.000 0.578 0.239 0.002 m5
#box: 0.060 0.212 0.000 0.065 0.244 0.002 m8
#box: 0.895 0.128 0.000 0.933 0.174 0.002 m9
#box: 0.646 0.150 0.000 0.679 0.199 0.002 m7
#box: 0.037 0.127 0.000 0.057 0.164 0.002 m18
#box: 0.479 0.192 0.000 0.500 0.242 0.002 m18
#box: 0.902 0.211 0.000 0.912 0.240 0.002 m16
#box: 0.370 0.171 0.000 0.377 0.201 0.002 m13
#box: 0.621 0.133 0.000 0.626 0.174 0.002 m6
#box: 0.708 0.158 0.000 0.735 0.198 0.002 m16
#box: 0.741 0.169 0.000 0.771 0.205 0.002 m11
#box: 0.920 0.163 0.000 0.960 0.199 0.002 m11
#box: 1.013 0.117 0.000 1.050 0.163 0.002 m10
#box: 0.408 0.198 0.000 0.432 0.230 0.002 m11
#box: 0.021 0.118 0.000 0.044 0.166 0.002 m13
#box: 0.876 0.183 0.000 0.900 0.206 0.002 m8
