testingplz 
#domain: 1.200 0.300 0.002 
#dx_dy_dz: 0.002 0.002 0.002 
#time_window: 5.000000e-09 

#excitation_file: mala_source_modified.txt 
#hertzian_dipole: z 0.080 0.250 0 mala_source 
#rx: 0.120 0.250 0.000 
#src_steps: 0.002 0.000 0.000 
#rx_steps: 0.002 0.000 0.000 

#material: 5.000 0.220 1.000 0.000 concrete
#material: 1.000 0.000 1.000 0.000 air
#material: 80.000 0.500 1.000 0.000 water

#material: 1.000 0.000 1.000 0.000 m1
#material: 2.000 0.000 1.000 0.000 m2
#material: 3.000 0.000 1.000 0.000 m3
#material: 4.000 0.000 1.000 0.000 m4
#material: 5.000 0.000 1.000 0.000 m5
#material: 6.000 0.000 1.000 0.000 m6
#material: 7.000 0.000 1.000 0.000 m7
#material: 8.000 0.000 1.000 0.000 m8
#material: 9.000 0.000 1.000 0.000 m9
#material: 10.000 0.000 1.000 0.000 m10
#material: 11.000 0.000 1.000 0.000 m11
#material: 12.000 0.000 1.000 0.000 m12
#material: 13.000 0.000 1.000 0.000 m13
#material: 14.000 0.000 1.000 0.000 m14
#material: 15.000 0.000 1.000 0.000 m15
#material: 16.000 0.000 1.000 0.000 m16
#material: 17.000 0.000 1.000 0.000 m17
#material: 18.000 0.000 1.000 0.000 m18
#material: 19.000 0.000 1.000 0.000 m19
#material: 20.000 0.000 1.000 0.000 m20

#box: 0.000 0.000 0.000 1.200 0.250 0.002 concrete

#box: 0.619 0.139 0.000 0.634 0.186 0.002 m14
#box: 0.696 0.171 0.000 0.728 0.206 0.002 m17
#box: 0.150 0.173 0.000 0.175 0.219 0.002 m15
#box: 0.674 0.154 0.000 0.703 0.184 0.002 m4
#box: 0.231 0.146 0.000 0.268 0.183 0.002 m3
#box: 0.196 0.210 0.000 0.217 0.240 0.002 m9
#box: 1.048 0.117 0.000 1.066 0.153 0.002 m19
#box: 0.819 0.184 0.000 0.831 0.222 0.002 m7
#box: 0.579 0.153 0.000 0.598 0.200 0.002 m5
#box: 0.218 0.206 0.000 0.250 0.246 0.002 m19
#box: 0.582 0.162 0.000 0.621 0.191 0.002 m5
#box: 1.058 0.157 0.000 1.087 0.185 0.002 m3
#box: 0.043 0.135 0.000 0.055 0.159 0.002 m7
#box: 0.093 0.219 0.000 0.123 0.249 0.002 m3
#box: 0.434 0.184 0.000 0.468 0.234 0.002 m16
#box: 0.837 0.228 0.000 0.852 0.250 0.002 m9
#box: 0.013 0.182 0.000 0.047 0.208 0.002 m7
#box: 0.571 0.166 0.000 0.587 0.187 0.002 m2
#box: 0.396 0.136 0.000 0.403 0.180 0.002 m5
#box: 0.308 0.178 0.000 0.327 0.199 0.002 m5
#box: 0.505 0.143 0.000 0.526 0.176 0.002 m2
#box: 0.492 0.225 0.000 0.525 0.245 0.002 m2
#box: 1.046 0.192 0.000 1.061 0.214 0.002 m10
#box: 0.054 0.146 0.000 0.084 0.168 0.002 m4
#box: 0.783 0.203 0.000 0.800 0.227 0.002 m8
#box: 0.389 0.137 0.000 0.399 0.159 0.002 m8
#box: 0.997 0.135 0.000 1.028 0.156 0.002 m2
#box: 0.982 0.139 0.000 1.010 0.175 0.002 m18
#box: 0.595 0.152 0.000 0.630 0.182 0.002 m16
#box: 0.696 0.166 0.000 0.717 0.206 0.002 m9
#box: 1.043 0.164 0.000 1.076 0.193 0.002 m16
#box: 0.842 0.189 0.000 0.877 0.211 0.002 m9
#box: 0.560 0.168 0.000 0.569 0.207 0.002 m16
#box: 0.184 0.175 0.000 0.191 0.198 0.002 m14
#box: 0.269 0.147 0.000 0.293 0.169 0.002 m18
#box: 0.708 0.119 0.000 0.744 0.154 0.002 m5
#box: 0.995 0.149 0.000 1.013 0.176 0.002 m17
#box: 0.854 0.169 0.000 0.889 0.207 0.002 m8
#box: 0.958 0.158 0.000 0.982 0.192 0.002 m20
#box: 0.215 0.188 0.000 0.231 0.237 0.002 m2
#box: 0.445 0.183 0.000 0.485 0.213 0.002 m7
#box: 0.766 0.118 0.000 0.778 0.152 0.002 m19
#box: 0.332 0.149 0.000 0.372 0.175 0.002 m4
#box: 0.682 0.164 0.000 0.702 0.201 0.002 m2
#box: 0.020 0.175 0.000 0.026 0.216 0.002 m11
#box: 0.491 0.126 0.000 0.520 0.166 0.002 m19
#box: 0.216 0.166 0.000 0.250 0.211 0.002 m1
#box: 0.116 0.201 0.000 0.125 0.227 0.002 m7
#box: 0.034 0.120 0.000 0.067 0.158 0.002 m19
#box: 0.317 0.145 0.000 0.328 0.180 0.002 m17
#box: 0.241 0.144 0.000 0.260 0.189 0.002 m12
#box: 0.087 0.177 0.000 0.106 0.207 0.002 m6
#box: 0.826 0.140 0.000 0.847 0.175 0.002 m10
#box: 0.223 0.136 0.000 0.227 0.174 0.002 m15
#box: 0.763 0.155 0.000 0.791 0.204 0.002 m17
#box: 0.316 0.145 0.000 0.351 0.177 0.002 m7
#box: 0.152 0.131 0.000 0.191 0.167 0.002 m7
#box: 0.860 0.210 0.000 0.888 0.244 0.002 m4
#box: 0.576 0.159 0.000 0.595 0.199 0.002 m20
#box: 0.196 0.170 0.000 0.236 0.220 0.002 m8
#box: 0.314 0.158 0.000 0.340 0.180 0.002 m14
#box: 0.913 0.159 0.000 0.941 0.206 0.002 m3
#box: 0.451 0.127 0.000 0.480 0.158 0.002 m13
#box: 0.274 0.180 0.000 0.280 0.224 0.002 m9
#box: 1.012 0.140 0.000 1.016 0.182 0.002 m16
#box: 0.087 0.134 0.000 0.114 0.181 0.002 m1
#box: 0.803 0.206 0.000 0.822 0.241 0.002 m12
#box: 0.607 0.213 0.000 0.624 0.239 0.002 m8
#box: 0.499 0.147 0.000 0.527 0.186 0.002 m4
#box: 0.506 0.136 0.000 0.526 0.158 0.002 m20
#box: 0.163 0.159 0.000 0.194 0.184 0.002 m13
#box: 0.012 0.136 0.000 0.022 0.178 0.002 m12
#box: 0.811 0.160 0.000 0.842 0.182 0.002 m18
#box: 0.648 0.161 0.000 0.674 0.196 0.002 m11
#box: 0.055 0.141 0.000 0.071 0.180 0.002 m10
#box: 0.657 0.200 0.000 0.686 0.240 0.002 m10
#box: 0.028 0.172 0.000 0.037 0.208 0.002 m7
#box: 0.387 0.158 0.000 0.423 0.191 0.002 m14
#box: 0.739 0.161 0.000 0.779 0.209 0.002 m11
#box: 0.217 0.140 0.000 0.224 0.178 0.002 m2
#box: 0.220 0.113 0.000 0.250 0.152 0.002 m8
#box: 0.549 0.117 0.000 0.562 0.160 0.002 m4
#box: 0.862 0.133 0.000 0.898 0.174 0.002 m11
#box: 0.136 0.172 0.000 0.153 0.211 0.002 m14
#box: 0.841 0.187 0.000 0.871 0.222 0.002 m19
#box: 0.553 0.149 0.000 0.567 0.184 0.002 m11
#box: 0.708 0.183 0.000 0.727 0.220 0.002 m20
#box: 0.383 0.150 0.000 0.418 0.175 0.002 m17
#box: 0.722 0.159 0.000 0.743 0.204 0.002 m17
#box: 0.929 0.167 0.000 0.946 0.215 0.002 m1
#box: 0.932 0.134 0.000 0.963 0.167 0.002 m10
#box: 0.049 0.198 0.000 0.053 0.238 0.002 m14
#box: 0.836 0.114 0.000 0.856 0.159 0.002 m12
#box: 0.956 0.205 0.000 0.966 0.242 0.002 m5
#box: 0.357 0.127 0.000 0.373 0.164 0.002 m14
#box: 0.742 0.137 0.000 0.747 0.169 0.002 m12
#box: 0.645 0.130 0.000 0.662 0.151 0.002 m18
#box: 0.644 0.146 0.000 0.671 0.196 0.002 m8
#box: 0.865 0.198 0.000 0.889 0.222 0.002 m6
#box: 0.033 0.143 0.000 0.041 0.171 0.002 m8
#box: 0.005 0.205 0.000 0.022 0.240 0.002 m15
#box: 0.755 0.135 0.000 0.792 0.175 0.002 m18
#box: 0.748 0.196 0.000 0.770 0.222 0.002 m16
#box: 0.094 0.181 0.000 0.126 0.222 0.002 m11
#box: 0.357 0.205 0.000 0.384 0.230 0.002 m5
#box: 0.288 0.154 0.000 0.314 0.177 0.002 m10
#box: 1.096 0.133 0.000 1.134 0.163 0.002 m2
#box: 1.091 0.160 0.000 1.101 0.198 0.002 m5
#box: 0.701 0.186 0.000 0.741 0.235 0.002 m4
#box: 0.814 0.203 0.000 0.829 0.249 0.002 m20
#box: 0.253 0.169 0.000 0.266 0.210 0.002 m13
#box: 1.100 0.147 0.000 1.138 0.168 0.002 m2
#box: 0.719 0.216 0.000 0.743 0.243 0.002 m7
#box: 0.857 0.185 0.000 0.881 0.205 0.002 m11
#box: 0.964 0.183 0.000 0.973 0.207 0.002 m4
#box: 0.837 0.136 0.000 0.850 0.173 0.002 m9
#box: 0.780 0.165 0.000 0.809 0.198 0.002 m3
#box: 0.045 0.124 0.000 0.069 0.169 0.002 m19
#box: 0.765 0.129 0.000 0.783 0.172 0.002 m8
#box: 0.076 0.136 0.000 0.104 0.180 0.002 m6
#box: 0.456 0.197 0.000 0.468 0.219 0.002 m17
#box: 0.757 0.181 0.000 0.780 0.221 0.002 m2
#box: 0.805 0.167 0.000 0.836 0.202 0.002 m5
#box: 0.955 0.135 0.000 0.983 0.160 0.002 m17
#box: 0.837 0.170 0.000 0.862 0.204 0.002 m16
#box: 0.168 0.126 0.000 0.195 0.172 0.002 m4
#box: 0.443 0.134 0.000 0.451 0.154 0.002 m17
#box: 0.439 0.145 0.000 0.467 0.178 0.002 m9
#box: 0.784 0.134 0.000 0.792 0.175 0.002 m16
#box: 0.526 0.126 0.000 0.550 0.159 0.002 m16
#box: 0.959 0.193 0.000 0.993 0.218 0.002 m6
#box: 0.605 0.112 0.000 0.614 0.158 0.002 m16
#box: 0.874 0.183 0.000 0.912 0.215 0.002 m6
#box: 0.489 0.165 0.000 0.509 0.193 0.002 m19
#box: 0.642 0.179 0.000 0.647 0.203 0.002 m2
#box: 0.376 0.169 0.000 0.395 0.199 0.002 m17
#box: 0.556 0.129 0.000 0.586 0.167 0.002 m5
#box: 0.883 0.179 0.000 0.911 0.217 0.002 m1
#box: 0.207 0.191 0.000 0.241 0.237 0.002 m8
#box: 0.589 0.190 0.000 0.614 0.216 0.002 m12
#box: 0.856 0.208 0.000 0.871 0.248 0.002 m10
#box: 0.543 0.213 0.000 0.583 0.233 0.002 m10
#box: 0.604 0.159 0.000 0.631 0.184 0.002 m16
#box: 0.943 0.159 0.000 0.975 0.187 0.002 m4
#box: 0.224 0.138 0.000 0.246 0.161 0.002 m17
#box: 0.788 0.163 0.000 0.816 0.198 0.002 m9
#box: 0.255 0.149 0.000 0.268 0.180 0.002 m11
#box: 0.127 0.192 0.000 0.149 0.239 0.002 m8
#box: 0.849 0.190 0.000 0.857 0.226 0.002 m4
#box: 0.223 0.189 0.000 0.234 0.210 0.002 m19
#box: 0.386 0.206 0.000 0.426 0.246 0.002 m19
#box: 0.481 0.116 0.000 0.491 0.154 0.002 m7
#box: 1.021 0.204 0.000 1.032 0.226 0.002 m9
#box: 0.678 0.191 0.000 0.689 0.218 0.002 m7
#box: 0.749 0.174 0.000 0.781 0.210 0.002 m9
#box: 0.314 0.180 0.000 0.331 0.230 0.002 m4
#box: 1.077 0.174 0.000 1.110 0.205 0.002 m10
#box: 0.073 0.153 0.000 0.108 0.199 0.002 m16
#box: 0.241 0.189 0.000 0.254 0.231 0.002 m13
#box: 0.011 0.170 0.000 0.047 0.202 0.002 m17
#box: 0.369 0.194 0.000 0.404 0.234 0.002 m20
#box: 1.039 0.206 0.000 1.058 0.241 0.002 m16
#box: 0.472 0.130 0.000 0.495 0.155 0.002 m5
#box: 0.317 0.197 0.000 0.355 0.225 0.002 m13
#box: 0.408 0.205 0.000 0.424 0.235 0.002 m1
#box: 0.097 0.138 0.000 0.133 0.175 0.002 m16
#box: 0.775 0.147 0.000 0.796 0.185 0.002 m14
#box: 0.244 0.161 0.000 0.276 0.185 0.002 m16
#box: 0.651 0.143 0.000 0.669 0.188 0.002 m10
#box: 0.858 0.129 0.000 0.890 0.176 0.002 m7
#box: 0.001 0.213 0.000 0.020 0.233 0.002 m4
#box: 0.277 0.201 0.000 0.304 0.230 0.002 m8
#box: 1.081 0.131 0.000 1.120 0.174 0.002 m11
#box: 1.032 0.152 0.000 1.045 0.191 0.002 m14
#box: 0.705 0.146 0.000 0.738 0.176 0.002 m4
#box: 1.018 0.128 0.000 1.026 0.169 0.002 m10
#box: 0.546 0.185 0.000 0.569 0.211 0.002 m5
#box: 0.864 0.197 0.000 0.881 0.237 0.002 m15
#box: 0.898 0.169 0.000 0.915 0.218 0.002 m16
#box: 0.682 0.194 0.000 0.720 0.216 0.002 m13
#box: 0.776 0.193 0.000 0.782 0.236 0.002 m18
#box: 0.645 0.127 0.000 0.653 0.160 0.002 m11
#box: 0.017 0.167 0.000 0.037 0.214 0.002 m10
#box: 0.414 0.188 0.000 0.453 0.228 0.002 m5
#box: 0.561 0.162 0.000 0.594 0.192 0.002 m12
#box: 0.950 0.141 0.000 0.985 0.162 0.002 m17
#box: 0.622 0.126 0.000 0.638 0.158 0.002 m13
#box: 0.322 0.158 0.000 0.340 0.205 0.002 m18
#box: 0.137 0.181 0.000 0.147 0.205 0.002 m8
#box: 0.546 0.216 0.000 0.569 0.241 0.002 m15
#box: 0.174 0.123 0.000 0.184 0.171 0.002 m20
#box: 0.695 0.146 0.000 0.719 0.171 0.002 m11
#box: 0.756 0.209 0.000 0.771 0.238 0.002 m5
#box: 0.760 0.226 0.000 0.797 0.246 0.002 m20
#box: 0.911 0.192 0.000 0.918 0.229 0.002 m16
#box: 0.246 0.182 0.000 0.261 0.222 0.002 m18
#box: 0.438 0.112 0.000 0.459 0.151 0.002 m16
#box: 0.177 0.152 0.000 0.195 0.196 0.002 m8
#box: 0.525 0.172 0.000 0.553 0.214 0.002 m10
#box: 0.879 0.164 0.000 0.885 0.189 0.002 m3
