testingplz 
#domain: 1.200 0.300 0.002 
#dx_dy_dz: 0.002 0.002 0.002 
#time_window: 5.000000e-09 

#excitation_file: mala_source_modified.txt 
#hertzian_dipole: z 0.080 0.250 0 mala_source 
#rx: 0.120 0.250 0.000 
#src_steps: 0.002 0.000 0.000 
#rx_steps: 0.002 0.000 0.000 

#material: 5.000 0.220 1.000 0.000 concrete
#material: 1.000 0.000 1.000 0.000 air
#material: 80.000 0.500 1.000 0.000 water

#material: 1.000 0.000 1.000 0.000 m1
#material: 2.000 0.000 1.000 0.000 m2
#material: 3.000 0.000 1.000 0.000 m3
#material: 4.000 0.000 1.000 0.000 m4
#material: 5.000 0.000 1.000 0.000 m5
#material: 6.000 0.000 1.000 0.000 m6
#material: 7.000 0.000 1.000 0.000 m7
#material: 8.000 0.000 1.000 0.000 m8
#material: 9.000 0.000 1.000 0.000 m9
#material: 10.000 0.000 1.000 0.000 m10
#material: 11.000 0.000 1.000 0.000 m11
#material: 12.000 0.000 1.000 0.000 m12
#material: 13.000 0.000 1.000 0.000 m13
#material: 14.000 0.000 1.000 0.000 m14
#material: 15.000 0.000 1.000 0.000 m15
#material: 16.000 0.000 1.000 0.000 m16
#material: 17.000 0.000 1.000 0.000 m17
#material: 18.000 0.000 1.000 0.000 m18
#material: 19.000 0.000 1.000 0.000 m19
#material: 20.000 0.000 1.000 0.000 m20

#box: 0.000 0.000 0.000 1.200 0.250 0.002 concrete

#box: 0.667 0.184 0.000 0.702 0.211 0.002 m6
#box: 0.027 0.140 0.000 0.066 0.186 0.002 m5
#box: 0.206 0.215 0.000 0.242 0.239 0.002 m9
#box: 0.138 0.115 0.000 0.168 0.155 0.002 m12
#box: 0.071 0.188 0.000 0.079 0.233 0.002 m7
#box: 0.408 0.143 0.000 0.424 0.171 0.002 m20
#box: 1.019 0.128 0.000 1.042 0.165 0.002 m14
#box: 0.820 0.189 0.000 0.853 0.238 0.002 m6
#box: 0.300 0.174 0.000 0.340 0.208 0.002 m8
#box: 0.500 0.169 0.000 0.505 0.217 0.002 m16
#box: 0.572 0.215 0.000 0.593 0.240 0.002 m13
#box: 0.196 0.197 0.000 0.206 0.240 0.002 m20
#box: 0.561 0.196 0.000 0.598 0.226 0.002 m1
#box: 1.092 0.172 0.000 1.120 0.202 0.002 m7
#box: 1.034 0.186 0.000 1.038 0.230 0.002 m20
#box: 0.175 0.179 0.000 0.179 0.199 0.002 m14
#box: 1.077 0.120 0.000 1.096 0.164 0.002 m9
#box: 0.458 0.219 0.000 0.469 0.244 0.002 m18
#box: 0.513 0.188 0.000 0.547 0.211 0.002 m6
#box: 0.070 0.207 0.000 0.095 0.240 0.002 m3
#box: 0.521 0.114 0.000 0.533 0.155 0.002 m10
#box: 0.765 0.129 0.000 0.805 0.175 0.002 m8
#box: 1.019 0.124 0.000 1.029 0.156 0.002 m10
#box: 1.091 0.206 0.000 1.101 0.244 0.002 m6
#box: 0.658 0.137 0.000 0.672 0.160 0.002 m11
#box: 0.394 0.204 0.000 0.416 0.230 0.002 m13
#box: 0.438 0.177 0.000 0.470 0.211 0.002 m9
#box: 0.213 0.117 0.000 0.246 0.167 0.002 m14
#box: 0.806 0.164 0.000 0.821 0.209 0.002 m1
#box: 0.334 0.170 0.000 0.361 0.213 0.002 m9
#box: 0.116 0.169 0.000 0.129 0.209 0.002 m19
#box: 0.965 0.147 0.000 0.974 0.184 0.002 m9
#box: 0.729 0.184 0.000 0.751 0.214 0.002 m20
#box: 0.420 0.186 0.000 0.440 0.214 0.002 m4
#box: 0.050 0.133 0.000 0.081 0.166 0.002 m17
#box: 0.510 0.140 0.000 0.524 0.167 0.002 m5
#box: 0.178 0.124 0.000 0.194 0.154 0.002 m11
#box: 0.744 0.136 0.000 0.775 0.174 0.002 m17
#box: 0.720 0.174 0.000 0.730 0.195 0.002 m7
#box: 0.407 0.217 0.000 0.439 0.245 0.002 m4
#box: 0.350 0.120 0.000 0.388 0.162 0.002 m6
#box: 0.343 0.109 0.000 0.347 0.152 0.002 m11
#box: 0.529 0.163 0.000 0.540 0.206 0.002 m9
#box: 0.238 0.148 0.000 0.257 0.174 0.002 m11
#box: 0.716 0.211 0.000 0.733 0.234 0.002 m12
#box: 0.566 0.177 0.000 0.588 0.217 0.002 m1
#box: 1.041 0.146 0.000 1.077 0.185 0.002 m3
#box: 0.888 0.176 0.000 0.909 0.197 0.002 m15
#box: 0.651 0.171 0.000 0.667 0.208 0.002 m18
#box: 0.323 0.216 0.000 0.345 0.240 0.002 m17
#box: 0.640 0.131 0.000 0.655 0.162 0.002 m1
#box: 0.557 0.199 0.000 0.566 0.219 0.002 m4
#box: 0.183 0.195 0.000 0.208 0.222 0.002 m8
#box: 0.055 0.197 0.000 0.059 0.217 0.002 m18
#box: 0.946 0.120 0.000 0.968 0.167 0.002 m5
#box: 0.722 0.159 0.000 0.758 0.201 0.002 m12
#box: 0.846 0.165 0.000 0.885 0.213 0.002 m15
#box: 0.955 0.214 0.000 0.991 0.249 0.002 m13
#box: 0.095 0.123 0.000 0.129 0.159 0.002 m7
#box: 0.990 0.222 0.000 1.014 0.245 0.002 m9
#box: 0.749 0.140 0.000 0.779 0.160 0.002 m7
#box: 0.246 0.202 0.000 0.285 0.222 0.002 m8
#box: 0.035 0.167 0.000 0.049 0.200 0.002 m11
#box: 0.562 0.203 0.000 0.575 0.235 0.002 m2
#box: 0.445 0.107 0.000 0.472 0.151 0.002 m16
#box: 0.930 0.148 0.000 0.934 0.175 0.002 m10
#box: 0.189 0.184 0.000 0.202 0.212 0.002 m9
#box: 1.041 0.141 0.000 1.062 0.169 0.002 m12
#box: 0.032 0.211 0.000 0.070 0.232 0.002 m11
#box: 0.887 0.133 0.000 0.927 0.183 0.002 m7
#box: 0.047 0.109 0.000 0.077 0.150 0.002 m3
#box: 0.158 0.201 0.000 0.181 0.242 0.002 m1
#box: 0.029 0.129 0.000 0.034 0.174 0.002 m13
#box: 0.473 0.163 0.000 0.508 0.196 0.002 m12
#box: 0.323 0.151 0.000 0.353 0.178 0.002 m1
#box: 1.091 0.150 0.000 1.122 0.180 0.002 m19
#box: 0.071 0.148 0.000 0.110 0.194 0.002 m17
#box: 0.067 0.195 0.000 0.072 0.227 0.002 m18
#box: 0.550 0.167 0.000 0.579 0.193 0.002 m1
#box: 0.734 0.203 0.000 0.745 0.239 0.002 m10
#box: 0.096 0.108 0.000 0.103 0.158 0.002 m18
#box: 0.930 0.171 0.000 0.941 0.219 0.002 m6
#box: 0.895 0.175 0.000 0.908 0.203 0.002 m12
#box: 0.871 0.142 0.000 0.888 0.171 0.002 m16
#box: 0.518 0.139 0.000 0.536 0.162 0.002 m1
#box: 0.515 0.201 0.000 0.545 0.241 0.002 m1
#box: 0.778 0.149 0.000 0.785 0.195 0.002 m20
#box: 0.434 0.227 0.000 0.460 0.249 0.002 m5
#box: 0.699 0.147 0.000 0.711 0.187 0.002 m9
#box: 0.380 0.139 0.000 0.399 0.175 0.002 m4
#box: 0.369 0.119 0.000 0.392 0.164 0.002 m5
#box: 0.331 0.192 0.000 0.340 0.228 0.002 m9
#box: 0.733 0.157 0.000 0.760 0.183 0.002 m13
#box: 0.120 0.138 0.000 0.138 0.182 0.002 m10
#box: 0.312 0.191 0.000 0.324 0.222 0.002 m4
#box: 0.768 0.119 0.000 0.795 0.160 0.002 m20
#box: 0.256 0.214 0.000 0.287 0.248 0.002 m4
#box: 0.705 0.194 0.000 0.724 0.241 0.002 m12
#box: 0.582 0.156 0.000 0.616 0.200 0.002 m5
#box: 0.691 0.183 0.000 0.728 0.231 0.002 m15
#box: 0.446 0.179 0.000 0.475 0.211 0.002 m2
#box: 0.640 0.207 0.000 0.670 0.230 0.002 m3
#box: 0.158 0.215 0.000 0.175 0.235 0.002 m14
#box: 0.716 0.206 0.000 0.732 0.250 0.002 m12
#box: 0.691 0.194 0.000 0.728 0.214 0.002 m19
#box: 0.676 0.171 0.000 0.695 0.200 0.002 m20
#box: 0.854 0.181 0.000 0.862 0.227 0.002 m16
#box: 0.626 0.132 0.000 0.640 0.174 0.002 m20
#box: 0.571 0.119 0.000 0.589 0.152 0.002 m1
#box: 0.440 0.157 0.000 0.470 0.196 0.002 m18
#box: 0.104 0.140 0.000 0.143 0.189 0.002 m4
#box: 0.895 0.201 0.000 0.901 0.242 0.002 m14
#box: 0.720 0.200 0.000 0.736 0.231 0.002 m16
#box: 1.094 0.160 0.000 1.098 0.205 0.002 m4
#box: 0.618 0.118 0.000 0.628 0.161 0.002 m10
#box: 0.789 0.198 0.000 0.800 0.239 0.002 m3
#box: 0.604 0.157 0.000 0.643 0.179 0.002 m13
#box: 0.929 0.208 0.000 0.938 0.247 0.002 m15
#box: 0.828 0.190 0.000 0.854 0.229 0.002 m17
#box: 0.415 0.182 0.000 0.430 0.211 0.002 m11
#box: 0.757 0.192 0.000 0.795 0.233 0.002 m16
#box: 0.537 0.207 0.000 0.561 0.248 0.002 m16
#box: 0.107 0.203 0.000 0.125 0.233 0.002 m8
#box: 1.023 0.127 0.000 1.043 0.151 0.002 m10
#box: 0.487 0.151 0.000 0.506 0.196 0.002 m17
#box: 0.419 0.217 0.000 0.427 0.250 0.002 m12
#box: 0.558 0.141 0.000 0.583 0.167 0.002 m12
#box: 0.216 0.127 0.000 0.230 0.175 0.002 m13
#box: 0.701 0.194 0.000 0.739 0.235 0.002 m10
#box: 0.858 0.195 0.000 0.862 0.241 0.002 m20
#box: 0.813 0.154 0.000 0.829 0.175 0.002 m2
#box: 1.045 0.171 0.000 1.052 0.199 0.002 m14
#box: 0.877 0.185 0.000 0.911 0.217 0.002 m7
#box: 0.861 0.167 0.000 0.869 0.191 0.002 m4
#box: 0.428 0.193 0.000 0.446 0.217 0.002 m14
#box: 0.769 0.194 0.000 0.775 0.236 0.002 m19
#box: 0.563 0.191 0.000 0.575 0.227 0.002 m11
#box: 0.274 0.201 0.000 0.303 0.244 0.002 m17
#box: 0.716 0.218 0.000 0.738 0.243 0.002 m4
#box: 0.286 0.158 0.000 0.319 0.206 0.002 m17
#box: 0.940 0.143 0.000 0.973 0.165 0.002 m1
#box: 0.541 0.153 0.000 0.560 0.188 0.002 m13
#box: 0.434 0.178 0.000 0.473 0.223 0.002 m19
#box: 0.452 0.131 0.000 0.492 0.168 0.002 m8
#box: 1.063 0.113 0.000 1.085 0.162 0.002 m2
#box: 0.380 0.126 0.000 0.392 0.175 0.002 m12
#box: 0.008 0.147 0.000 0.019 0.179 0.002 m5
#box: 0.480 0.179 0.000 0.502 0.221 0.002 m19
#box: 0.904 0.181 0.000 0.912 0.201 0.002 m12
#box: 0.770 0.217 0.000 0.779 0.246 0.002 m8
#box: 0.877 0.168 0.000 0.892 0.190 0.002 m7
#box: 0.135 0.153 0.000 0.148 0.188 0.002 m8
#box: 0.862 0.141 0.000 0.874 0.191 0.002 m5
#box: 0.992 0.178 0.000 1.006 0.217 0.002 m14
#box: 0.936 0.176 0.000 0.962 0.225 0.002 m9
#box: 0.778 0.190 0.000 0.788 0.212 0.002 m17
#box: 0.664 0.179 0.000 0.675 0.216 0.002 m3
#box: 0.909 0.159 0.000 0.915 0.194 0.002 m17
#box: 0.585 0.126 0.000 0.618 0.154 0.002 m5
#box: 0.770 0.159 0.000 0.804 0.189 0.002 m9
#box: 0.102 0.172 0.000 0.127 0.208 0.002 m17
#box: 0.156 0.153 0.000 0.172 0.186 0.002 m1
#box: 0.451 0.214 0.000 0.463 0.239 0.002 m4
#box: 0.532 0.165 0.000 0.549 0.211 0.002 m4
#box: 1.069 0.143 0.000 1.101 0.171 0.002 m3
#box: 0.298 0.158 0.000 0.326 0.198 0.002 m18
#box: 0.270 0.156 0.000 0.292 0.190 0.002 m18
#box: 0.492 0.218 0.000 0.509 0.246 0.002 m17
#box: 0.736 0.201 0.000 0.773 0.223 0.002 m6
#box: 0.510 0.113 0.000 0.532 0.152 0.002 m6
#box: 1.002 0.165 0.000 1.019 0.193 0.002 m7
#box: 0.636 0.212 0.000 0.642 0.248 0.002 m20
#box: 0.295 0.208 0.000 0.306 0.242 0.002 m9
#box: 0.563 0.161 0.000 0.598 0.198 0.002 m12
#box: 0.467 0.172 0.000 0.480 0.213 0.002 m16
#box: 0.992 0.139 0.000 1.003 0.160 0.002 m16
#box: 0.869 0.163 0.000 0.900 0.204 0.002 m15
#box: 1.100 0.196 0.000 1.131 0.226 0.002 m14
#box: 0.644 0.108 0.000 0.669 0.150 0.002 m18
#box: 0.674 0.139 0.000 0.683 0.161 0.002 m12
#box: 0.737 0.102 0.000 0.775 0.150 0.002 m18
#box: 0.728 0.140 0.000 0.758 0.170 0.002 m10
#box: 0.859 0.179 0.000 0.887 0.210 0.002 m10
#box: 0.346 0.192 0.000 0.369 0.216 0.002 m9
#box: 0.272 0.184 0.000 0.306 0.213 0.002 m20
#box: 0.975 0.207 0.000 0.983 0.238 0.002 m4
#box: 0.745 0.200 0.000 0.774 0.244 0.002 m12
#box: 0.550 0.168 0.000 0.586 0.214 0.002 m2
#box: 0.605 0.160 0.000 0.621 0.197 0.002 m15
#box: 0.263 0.174 0.000 0.287 0.216 0.002 m19
#box: 0.981 0.135 0.000 1.005 0.165 0.002 m10
#box: 0.857 0.133 0.000 0.887 0.169 0.002 m9
#box: 0.230 0.152 0.000 0.254 0.195 0.002 m12
#box: 0.113 0.183 0.000 0.131 0.220 0.002 m17
#box: 0.419 0.211 0.000 0.442 0.239 0.002 m13
#box: 0.516 0.169 0.000 0.546 0.191 0.002 m19
#box: 0.544 0.176 0.000 0.584 0.219 0.002 m5
#box: 0.183 0.110 0.000 0.206 0.151 0.002 m8
#box: 0.589 0.127 0.000 0.611 0.169 0.002 m13
#box: 0.518 0.221 0.000 0.554 0.245 0.002 m2
