testingplz 
#domain: 1.200 0.300 0.002 
#dx_dy_dz: 0.002 0.002 0.002 
#time_window: 5.000000e-09 

#excitation_file: mala_source_modified.txt 
#hertzian_dipole: z 0.080 0.250 0 mala_source 
#rx: 0.120 0.250 0.000 
#src_steps: 0.002 0.000 0.000 
#rx_steps: 0.002 0.000 0.000 

#material: 5.000 0.220 1.000 0.000 concrete
#material: 1.000 0.000 1.000 0.000 air
#material: 80.000 0.500 1.000 0.000 water

#material: 1.000 0.000 1.000 0.000 m1
#material: 2.000 0.000 1.000 0.000 m2
#material: 3.000 0.000 1.000 0.000 m3
#material: 4.000 0.000 1.000 0.000 m4
#material: 5.000 0.000 1.000 0.000 m5
#material: 6.000 0.000 1.000 0.000 m6
#material: 7.000 0.000 1.000 0.000 m7
#material: 8.000 0.000 1.000 0.000 m8
#material: 9.000 0.000 1.000 0.000 m9
#material: 10.000 0.000 1.000 0.000 m10
#material: 11.000 0.000 1.000 0.000 m11
#material: 12.000 0.000 1.000 0.000 m12
#material: 13.000 0.000 1.000 0.000 m13
#material: 14.000 0.000 1.000 0.000 m14
#material: 15.000 0.000 1.000 0.000 m15
#material: 16.000 0.000 1.000 0.000 m16
#material: 17.000 0.000 1.000 0.000 m17
#material: 18.000 0.000 1.000 0.000 m18
#material: 19.000 0.000 1.000 0.000 m19
#material: 20.000 0.000 1.000 0.000 m20

#box: 0.000 0.000 0.000 1.200 0.250 0.002 concrete

#cylinder: 0.011 0.130 0.000 0.011 0.130 0.002 0.003 m15
#cylinder: 0.814 0.213 0.000 0.814 0.213 0.002 0.009 m2
#cylinder: 0.909 0.194 0.000 0.909 0.194 0.002 0.009 m9
#cylinder: 0.310 0.160 0.000 0.310 0.160 0.002 0.007 m6
#cylinder: 0.930 0.147 0.000 0.930 0.147 0.002 0.009 m17
#cylinder: 0.555 0.105 0.000 0.555 0.105 0.002 0.007 m13
#cylinder: 0.058 0.175 0.000 0.058 0.175 0.002 0.007 m10
#cylinder: 0.008 0.107 0.000 0.008 0.107 0.002 0.006 m13
#cylinder: 0.688 0.158 0.000 0.688 0.158 0.002 0.007 m16
#cylinder: 0.501 0.148 0.000 0.501 0.148 0.002 0.002 m2
#cylinder: 0.870 0.201 0.000 0.870 0.201 0.002 0.004 m12
#cylinder: 0.460 0.128 0.000 0.460 0.128 0.002 0.004 m16
#cylinder: 0.212 0.132 0.000 0.212 0.132 0.002 0.006 m13
#cylinder: 0.540 0.121 0.000 0.540 0.121 0.002 0.009 m15
#cylinder: 0.934 0.212 0.000 0.934 0.212 0.002 0.009 m15
#cylinder: 0.100 0.161 0.000 0.100 0.161 0.002 0.003 m6
#cylinder: 0.636 0.210 0.000 0.636 0.210 0.002 0.009 m20
#cylinder: 0.272 0.166 0.000 0.272 0.166 0.002 0.003 m12
#cylinder: 1.077 0.155 0.000 1.077 0.155 0.002 0.009 m20
#cylinder: 0.392 0.136 0.000 0.392 0.136 0.002 0.004 m9
#cylinder: 0.587 0.115 0.000 0.587 0.115 0.002 0.010 m20
#cylinder: 0.731 0.110 0.000 0.731 0.110 0.002 0.008 m16
#cylinder: 0.057 0.166 0.000 0.057 0.166 0.002 0.004 m1
#cylinder: 1.005 0.182 0.000 1.005 0.182 0.002 0.008 m14
#cylinder: 0.555 0.143 0.000 0.555 0.143 0.002 0.010 m3
#cylinder: 0.954 0.181 0.000 0.954 0.181 0.002 0.007 m7
#cylinder: 1.081 0.177 0.000 1.081 0.177 0.002 0.008 m9
#cylinder: 0.072 0.107 0.000 0.072 0.107 0.002 0.009 m18
#cylinder: 0.398 0.201 0.000 0.398 0.201 0.002 0.004 m14
#cylinder: 0.979 0.105 0.000 0.979 0.105 0.002 0.004 m4
#cylinder: 0.118 0.180 0.000 0.118 0.180 0.002 0.010 m6
#cylinder: 0.994 0.219 0.000 0.994 0.219 0.002 0.005 m6
#cylinder: 0.957 0.209 0.000 0.957 0.209 0.002 0.005 m17
#cylinder: 0.691 0.106 0.000 0.691 0.106 0.002 0.004 m6
#cylinder: 0.503 0.118 0.000 0.503 0.118 0.002 0.006 m10
#cylinder: 0.899 0.125 0.000 0.899 0.125 0.002 0.007 m17
#cylinder: 0.135 0.102 0.000 0.135 0.102 0.002 0.004 m1
#cylinder: 0.445 0.156 0.000 0.445 0.156 0.002 0.004 m14
#cylinder: 0.688 0.122 0.000 0.688 0.122 0.002 0.009 m1
#cylinder: 0.263 0.125 0.000 0.263 0.125 0.002 0.007 m19
#cylinder: 0.722 0.218 0.000 0.722 0.218 0.002 0.007 m8
#cylinder: 1.049 0.202 0.000 1.049 0.202 0.002 0.006 m10
#cylinder: 0.793 0.154 0.000 0.793 0.154 0.002 0.006 m15
#cylinder: 0.711 0.149 0.000 0.711 0.149 0.002 0.004 m11
#cylinder: 0.138 0.112 0.000 0.138 0.112 0.002 0.005 m17
#cylinder: 0.217 0.103 0.000 0.217 0.103 0.002 0.005 m14
#cylinder: 0.554 0.115 0.000 0.554 0.115 0.002 0.009 m20
#cylinder: 0.502 0.197 0.000 0.502 0.197 0.002 0.003 m5
#cylinder: 0.211 0.118 0.000 0.211 0.118 0.002 0.006 m14
#cylinder: 0.976 0.187 0.000 0.976 0.187 0.002 0.006 m19
#cylinder: 0.810 0.175 0.000 0.810 0.175 0.002 0.005 m3
#cylinder: 0.656 0.121 0.000 0.656 0.121 0.002 0.009 m17
#cylinder: 0.753 0.177 0.000 0.753 0.177 0.002 0.005 m9
#cylinder: 0.058 0.151 0.000 0.058 0.151 0.002 0.006 m6
#cylinder: 0.615 0.147 0.000 0.615 0.147 0.002 0.002 m7
#cylinder: 0.120 0.100 0.000 0.120 0.100 0.002 0.004 m18
#cylinder: 1.071 0.132 0.000 1.071 0.132 0.002 0.009 m15
#cylinder: 0.204 0.188 0.000 0.204 0.188 0.002 0.004 m9
#cylinder: 0.996 0.111 0.000 0.996 0.111 0.002 0.009 m12
#cylinder: 0.418 0.132 0.000 0.418 0.132 0.002 0.002 m6
#cylinder: 0.966 0.211 0.000 0.966 0.211 0.002 0.004 m7
#cylinder: 0.879 0.102 0.000 0.879 0.102 0.002 0.007 m17
#cylinder: 0.200 0.124 0.000 0.200 0.124 0.002 0.010 m15
#cylinder: 1.017 0.108 0.000 1.017 0.108 0.002 0.010 m20
#cylinder: 0.577 0.189 0.000 0.577 0.189 0.002 0.006 m4
#cylinder: 0.146 0.128 0.000 0.146 0.128 0.002 0.002 m17
#cylinder: 0.608 0.142 0.000 0.608 0.142 0.002 0.006 m14
#cylinder: 0.284 0.151 0.000 0.284 0.151 0.002 0.005 m19
#cylinder: 1.060 0.184 0.000 1.060 0.184 0.002 0.004 m10
#cylinder: 0.007 0.118 0.000 0.007 0.118 0.002 0.006 m10
#cylinder: 0.670 0.203 0.000 0.670 0.203 0.002 0.005 m18
#cylinder: 0.101 0.206 0.000 0.101 0.206 0.002 0.008 m7
#cylinder: 0.644 0.135 0.000 0.644 0.135 0.002 0.003 m7
#cylinder: 1.091 0.175 0.000 1.091 0.175 0.002 0.003 m5
#cylinder: 1.035 0.169 0.000 1.035 0.169 0.002 0.002 m10
#cylinder: 0.187 0.216 0.000 0.187 0.216 0.002 0.004 m2
#cylinder: 0.836 0.105 0.000 0.836 0.105 0.002 0.005 m8
#cylinder: 1.095 0.136 0.000 1.095 0.136 0.002 0.003 m17
#cylinder: 0.902 0.158 0.000 0.902 0.158 0.002 0.005 m5
#cylinder: 0.750 0.104 0.000 0.750 0.104 0.002 0.009 m17
#cylinder: 0.903 0.219 0.000 0.903 0.219 0.002 0.004 m6
#cylinder: 0.614 0.219 0.000 0.614 0.219 0.002 0.010 m20
#cylinder: 0.349 0.144 0.000 0.349 0.144 0.002 0.002 m12
#cylinder: 0.246 0.218 0.000 0.246 0.218 0.002 0.009 m4
#cylinder: 0.893 0.214 0.000 0.893 0.214 0.002 0.002 m12
#cylinder: 0.604 0.197 0.000 0.604 0.197 0.002 0.002 m12
#cylinder: 0.911 0.162 0.000 0.911 0.162 0.002 0.008 m7
#cylinder: 0.595 0.148 0.000 0.595 0.148 0.002 0.007 m20
#cylinder: 0.427 0.100 0.000 0.427 0.100 0.002 0.009 m20
#cylinder: 0.107 0.112 0.000 0.107 0.112 0.002 0.009 m9
#cylinder: 0.386 0.214 0.000 0.386 0.214 0.002 0.004 m2
#cylinder: 0.207 0.158 0.000 0.207 0.158 0.002 0.005 m12
#cylinder: 0.129 0.171 0.000 0.129 0.171 0.002 0.009 m10
#cylinder: 0.225 0.168 0.000 0.225 0.168 0.002 0.007 m1
#cylinder: 0.004 0.214 0.000 0.004 0.214 0.002 0.007 m15
#cylinder: 1.081 0.150 0.000 1.081 0.150 0.002 0.004 m20
#cylinder: 0.335 0.177 0.000 0.335 0.177 0.002 0.007 m10
#cylinder: 1.052 0.117 0.000 1.052 0.117 0.002 0.007 m20
#cylinder: 0.034 0.205 0.000 0.034 0.205 0.002 0.005 m6
#cylinder: 0.375 0.142 0.000 0.375 0.142 0.002 0.006 m11
#cylinder: 0.214 0.174 0.000 0.214 0.174 0.002 0.006 m20
#cylinder: 0.396 0.164 0.000 0.396 0.164 0.002 0.004 m18
#cylinder: 0.753 0.209 0.000 0.753 0.209 0.002 0.003 m19
#cylinder: 0.304 0.107 0.000 0.304 0.107 0.002 0.005 m7
#cylinder: 0.534 0.186 0.000 0.534 0.186 0.002 0.005 m13
#cylinder: 0.288 0.111 0.000 0.288 0.111 0.002 0.004 m15
#cylinder: 1.091 0.202 0.000 1.091 0.202 0.002 0.004 m19
#cylinder: 1.049 0.202 0.000 1.049 0.202 0.002 0.010 m10
#cylinder: 0.456 0.181 0.000 0.456 0.181 0.002 0.003 m13
#cylinder: 0.940 0.115 0.000 0.940 0.115 0.002 0.006 m1
#cylinder: 0.129 0.215 0.000 0.129 0.215 0.002 0.004 m19
#cylinder: 0.820 0.115 0.000 0.820 0.115 0.002 0.002 m14
#cylinder: 0.217 0.206 0.000 0.217 0.206 0.002 0.007 m18
#cylinder: 0.084 0.199 0.000 0.084 0.199 0.002 0.007 m14
#cylinder: 0.153 0.212 0.000 0.153 0.212 0.002 0.004 m8
#cylinder: 0.292 0.137 0.000 0.292 0.137 0.002 0.009 m3
#cylinder: 0.462 0.200 0.000 0.462 0.200 0.002 0.009 m14
#cylinder: 0.921 0.130 0.000 0.921 0.130 0.002 0.005 m2
#cylinder: 0.402 0.111 0.000 0.402 0.111 0.002 0.009 m11
#cylinder: 0.231 0.107 0.000 0.231 0.107 0.002 0.010 m15
#cylinder: 0.072 0.216 0.000 0.072 0.216 0.002 0.009 m7
#cylinder: 0.074 0.208 0.000 0.074 0.208 0.002 0.003 m11
#cylinder: 0.397 0.178 0.000 0.397 0.178 0.002 0.003 m16
#cylinder: 1.006 0.139 0.000 1.006 0.139 0.002 0.010 m17
#cylinder: 0.612 0.181 0.000 0.612 0.181 0.002 0.004 m15
#cylinder: 0.807 0.159 0.000 0.807 0.159 0.002 0.007 m18
#cylinder: 0.713 0.102 0.000 0.713 0.102 0.002 0.002 m12
#cylinder: 0.261 0.153 0.000 0.261 0.153 0.002 0.006 m7
#cylinder: 0.279 0.182 0.000 0.279 0.182 0.002 0.005 m16
#cylinder: 0.436 0.142 0.000 0.436 0.142 0.002 0.009 m11
#cylinder: 1.047 0.190 0.000 1.047 0.190 0.002 0.006 m9
#cylinder: 0.259 0.169 0.000 0.259 0.169 0.002 0.006 m18
#cylinder: 0.270 0.196 0.000 0.270 0.196 0.002 0.005 m19
#cylinder: 0.829 0.201 0.000 0.829 0.201 0.002 0.005 m20
#cylinder: 0.553 0.194 0.000 0.553 0.194 0.002 0.006 m17
#cylinder: 0.451 0.172 0.000 0.451 0.172 0.002 0.004 m13
#cylinder: 0.798 0.129 0.000 0.798 0.129 0.002 0.009 m15
#cylinder: 0.897 0.110 0.000 0.897 0.110 0.002 0.009 m15
#cylinder: 0.458 0.113 0.000 0.458 0.113 0.002 0.007 m12
#cylinder: 0.372 0.109 0.000 0.372 0.109 0.002 0.006 m8
#cylinder: 0.497 0.100 0.000 0.497 0.100 0.002 0.006 m16
#cylinder: 0.313 0.170 0.000 0.313 0.170 0.002 0.009 m3
#cylinder: 0.883 0.138 0.000 0.883 0.138 0.002 0.008 m10
#cylinder: 0.536 0.212 0.000 0.536 0.212 0.002 0.006 m16
#cylinder: 0.578 0.121 0.000 0.578 0.121 0.002 0.004 m15
#cylinder: 0.407 0.200 0.000 0.407 0.200 0.002 0.004 m4
#cylinder: 0.181 0.213 0.000 0.181 0.213 0.002 0.005 m5
#cylinder: 0.403 0.115 0.000 0.403 0.115 0.002 0.003 m11
#cylinder: 0.400 0.211 0.000 0.400 0.211 0.002 0.005 m20
#cylinder: 0.892 0.121 0.000 0.892 0.121 0.002 0.009 m4
#cylinder: 0.666 0.155 0.000 0.666 0.155 0.002 0.007 m2
#cylinder: 0.159 0.201 0.000 0.159 0.201 0.002 0.006 m9
#cylinder: 0.654 0.105 0.000 0.654 0.105 0.002 0.007 m19
#cylinder: 0.137 0.193 0.000 0.137 0.193 0.002 0.004 m2
#cylinder: 0.561 0.195 0.000 0.561 0.195 0.002 0.006 m13
#cylinder: 0.176 0.106 0.000 0.176 0.106 0.002 0.010 m20
#cylinder: 0.150 0.152 0.000 0.150 0.152 0.002 0.004 m15
#cylinder: 0.316 0.118 0.000 0.316 0.118 0.002 0.005 m13
#cylinder: 0.239 0.187 0.000 0.239 0.187 0.002 0.008 m14
#cylinder: 0.076 0.203 0.000 0.076 0.203 0.002 0.006 m9
#cylinder: 0.209 0.194 0.000 0.209 0.194 0.002 0.007 m18
#cylinder: 0.331 0.190 0.000 0.331 0.190 0.002 0.005 m20
#cylinder: 0.579 0.163 0.000 0.579 0.163 0.002 0.007 m18
#cylinder: 0.910 0.149 0.000 0.910 0.149 0.002 0.004 m18
#cylinder: 0.601 0.207 0.000 0.601 0.207 0.002 0.005 m4
#cylinder: 0.053 0.153 0.000 0.053 0.153 0.002 0.003 m11
#cylinder: 0.930 0.120 0.000 0.930 0.120 0.002 0.005 m1
#cylinder: 0.360 0.202 0.000 0.360 0.202 0.002 0.003 m15
#cylinder: 0.236 0.135 0.000 0.236 0.135 0.002 0.007 m11
#cylinder: 0.658 0.209 0.000 0.658 0.209 0.002 0.007 m10
#cylinder: 0.080 0.138 0.000 0.080 0.138 0.002 0.007 m11
#cylinder: 0.254 0.107 0.000 0.254 0.107 0.002 0.008 m3
#cylinder: 0.821 0.133 0.000 0.821 0.133 0.002 0.004 m15
#cylinder: 0.080 0.171 0.000 0.080 0.171 0.002 0.005 m11
#cylinder: 0.724 0.100 0.000 0.724 0.100 0.002 0.005 m2
#cylinder: 0.345 0.211 0.000 0.345 0.211 0.002 0.006 m1
#cylinder: 0.951 0.147 0.000 0.951 0.147 0.002 0.004 m11
#cylinder: 0.223 0.209 0.000 0.223 0.209 0.002 0.009 m12
#cylinder: 0.486 0.150 0.000 0.486 0.150 0.002 0.008 m8
#cylinder: 0.587 0.173 0.000 0.587 0.173 0.002 0.002 m1
#cylinder: 0.663 0.120 0.000 0.663 0.120 0.002 0.009 m20
#cylinder: 0.768 0.194 0.000 0.768 0.194 0.002 0.009 m5
#cylinder: 0.131 0.209 0.000 0.131 0.209 0.002 0.009 m18
#cylinder: 0.315 0.212 0.000 0.315 0.212 0.002 0.002 m19
#cylinder: 0.696 0.107 0.000 0.696 0.107 0.002 0.003 m15
#cylinder: 0.790 0.154 0.000 0.790 0.154 0.002 0.005 m16
#cylinder: 0.651 0.213 0.000 0.651 0.213 0.002 0.009 m5
#cylinder: 1.076 0.206 0.000 1.076 0.206 0.002 0.004 m10
#cylinder: 0.926 0.169 0.000 0.926 0.169 0.002 0.006 m11
#cylinder: 0.485 0.172 0.000 0.485 0.172 0.002 0.003 m5
#cylinder: 0.504 0.147 0.000 0.504 0.147 0.002 0.005 m1
#cylinder: 0.335 0.109 0.000 0.335 0.109 0.002 0.007 m7
#cylinder: 0.493 0.137 0.000 0.493 0.137 0.002 0.005 m18
#cylinder: 1.005 0.105 0.000 1.005 0.105 0.002 0.009 m6
#cylinder: 0.586 0.139 0.000 0.586 0.139 0.002 0.010 m1
#cylinder: 0.225 0.171 0.000 0.225 0.171 0.002 0.005 m15
#cylinder: 0.301 0.180 0.000 0.301 0.180 0.002 0.007 m12
#cylinder: 0.244 0.150 0.000 0.244 0.150 0.002 0.008 m18
#cylinder: 0.045 0.134 0.000 0.045 0.134 0.002 0.009 m13
#cylinder: 0.558 0.184 0.000 0.558 0.184 0.002 0.009 m9
