testingplz 
#domain: 1.200 0.300 0.002 
#dx_dy_dz: 0.002 0.002 0.002 
#time_window: 5.000000e-09 

#excitation_file: mala_source_modified.txt 
#hertzian_dipole: z 0.080 0.250 0 mala_source 
#rx: 0.120 0.250 0.000 
#src_steps: 0.002 0.000 0.000 
#rx_steps: 0.002 0.000 0.000 

#material: 5.000 0.220 1.000 0.000 concrete
#material: 1.000 0.000 1.000 0.000 air
#material: 80.000 0.500 1.000 0.000 water

#material: 1.000 0.000 1.000 0.000 m1
#material: 2.000 0.000 1.000 0.000 m2
#material: 3.000 0.000 1.000 0.000 m3
#material: 4.000 0.000 1.000 0.000 m4
#material: 5.000 0.000 1.000 0.000 m5
#material: 6.000 0.000 1.000 0.000 m6
#material: 7.000 0.000 1.000 0.000 m7
#material: 8.000 0.000 1.000 0.000 m8
#material: 9.000 0.000 1.000 0.000 m9
#material: 10.000 0.000 1.000 0.000 m10
#material: 11.000 0.000 1.000 0.000 m11
#material: 12.000 0.000 1.000 0.000 m12
#material: 13.000 0.000 1.000 0.000 m13
#material: 14.000 0.000 1.000 0.000 m14
#material: 15.000 0.000 1.000 0.000 m15
#material: 16.000 0.000 1.000 0.000 m16
#material: 17.000 0.000 1.000 0.000 m17
#material: 18.000 0.000 1.000 0.000 m18
#material: 19.000 0.000 1.000 0.000 m19
#material: 20.000 0.000 1.000 0.000 m20

#box: 0.000 0.000 0.000 1.200 0.250 0.002 concrete

#box: 0.155 0.206 0.000 0.172 0.249 0.002 m1
#box: 0.612 0.124 0.000 0.630 0.160 0.002 m20
#box: 0.921 0.157 0.000 0.947 0.194 0.002 m6
#box: 1.031 0.189 0.000 1.059 0.235 0.002 m13
#box: 0.132 0.142 0.000 0.137 0.170 0.002 m16
#box: 0.577 0.174 0.000 0.584 0.203 0.002 m7
#box: 0.774 0.155 0.000 0.797 0.191 0.002 m14
#box: 0.544 0.210 0.000 0.561 0.247 0.002 m16
#box: 1.024 0.198 0.000 1.048 0.218 0.002 m6
#box: 0.272 0.150 0.000 0.297 0.171 0.002 m20
#box: 0.116 0.201 0.000 0.135 0.240 0.002 m14
#box: 0.789 0.153 0.000 0.801 0.180 0.002 m9
#box: 0.929 0.148 0.000 0.933 0.184 0.002 m17
#box: 0.936 0.145 0.000 0.947 0.190 0.002 m15
#box: 0.666 0.130 0.000 0.679 0.159 0.002 m3
#box: 1.075 0.164 0.000 1.092 0.214 0.002 m10
#box: 1.100 0.110 0.000 1.129 0.159 0.002 m5
#box: 0.286 0.138 0.000 0.309 0.170 0.002 m20
#box: 0.688 0.132 0.000 0.721 0.168 0.002 m19
#box: 0.116 0.205 0.000 0.146 0.248 0.002 m5
#box: 0.164 0.189 0.000 0.197 0.221 0.002 m17
#box: 0.753 0.128 0.000 0.773 0.154 0.002 m4
#box: 0.281 0.161 0.000 0.298 0.186 0.002 m15
#box: 0.727 0.121 0.000 0.737 0.167 0.002 m5
#box: 0.446 0.115 0.000 0.482 0.163 0.002 m20
#box: 1.038 0.164 0.000 1.045 0.202 0.002 m19
#box: 0.246 0.142 0.000 0.271 0.168 0.002 m19
#box: 0.132 0.222 0.000 0.168 0.248 0.002 m6
#box: 0.557 0.169 0.000 0.574 0.203 0.002 m15
#box: 0.364 0.188 0.000 0.386 0.225 0.002 m6
#box: 0.383 0.190 0.000 0.418 0.224 0.002 m17
#box: 0.793 0.167 0.000 0.804 0.198 0.002 m4
#box: 0.646 0.195 0.000 0.655 0.238 0.002 m16
#box: 0.991 0.181 0.000 1.023 0.223 0.002 m5
#box: 0.766 0.169 0.000 0.789 0.206 0.002 m19
#box: 0.402 0.145 0.000 0.425 0.189 0.002 m18
#box: 0.491 0.177 0.000 0.528 0.206 0.002 m12
#box: 0.673 0.194 0.000 0.677 0.234 0.002 m6
#box: 0.951 0.143 0.000 0.978 0.163 0.002 m17
#box: 0.711 0.228 0.000 0.748 0.250 0.002 m20
#box: 0.962 0.150 0.000 1.002 0.188 0.002 m9
#box: 0.244 0.129 0.000 0.267 0.176 0.002 m15
#box: 0.595 0.175 0.000 0.605 0.212 0.002 m13
#box: 0.949 0.118 0.000 0.988 0.159 0.002 m19
#box: 0.193 0.186 0.000 0.221 0.206 0.002 m11
#box: 1.013 0.209 0.000 1.021 0.233 0.002 m19
#box: 0.371 0.178 0.000 0.381 0.219 0.002 m4
#box: 0.835 0.177 0.000 0.847 0.211 0.002 m18
#box: 0.718 0.120 0.000 0.725 0.158 0.002 m5
#box: 0.523 0.172 0.000 0.554 0.221 0.002 m8
#box: 0.916 0.159 0.000 0.944 0.188 0.002 m8
#box: 0.932 0.135 0.000 0.945 0.174 0.002 m1
#box: 0.860 0.124 0.000 0.879 0.163 0.002 m1
#box: 0.810 0.230 0.000 0.835 0.250 0.002 m19
#box: 0.732 0.132 0.000 0.756 0.168 0.002 m16
#box: 0.021 0.155 0.000 0.028 0.205 0.002 m18
#box: 0.587 0.135 0.000 0.618 0.156 0.002 m18
#box: 0.134 0.120 0.000 0.160 0.157 0.002 m19
#box: 0.579 0.194 0.000 0.599 0.244 0.002 m16
#box: 0.156 0.179 0.000 0.191 0.211 0.002 m3
#box: 0.869 0.167 0.000 0.891 0.199 0.002 m6
#box: 0.899 0.224 0.000 0.921 0.247 0.002 m6
#box: 1.099 0.214 0.000 1.118 0.245 0.002 m15
#box: 0.123 0.196 0.000 0.157 0.230 0.002 m7
#box: 0.765 0.201 0.000 0.778 0.223 0.002 m1
#box: 0.737 0.210 0.000 0.754 0.247 0.002 m5
#box: 0.045 0.197 0.000 0.080 0.226 0.002 m12
#box: 0.919 0.150 0.000 0.948 0.191 0.002 m1
#box: 0.032 0.129 0.000 0.045 0.166 0.002 m2
#box: 0.664 0.212 0.000 0.700 0.241 0.002 m15
#box: 0.328 0.173 0.000 0.344 0.212 0.002 m18
#box: 0.803 0.170 0.000 0.843 0.201 0.002 m18
#box: 0.369 0.183 0.000 0.382 0.225 0.002 m7
#box: 0.209 0.110 0.000 0.242 0.159 0.002 m8
#box: 0.481 0.135 0.000 0.485 0.170 0.002 m12
#box: 1.051 0.184 0.000 1.057 0.226 0.002 m4
#box: 0.195 0.115 0.000 0.227 0.155 0.002 m19
#box: 0.714 0.167 0.000 0.723 0.203 0.002 m19
#box: 0.997 0.183 0.000 1.020 0.225 0.002 m15
#box: 0.399 0.144 0.000 0.409 0.181 0.002 m2
#box: 0.272 0.138 0.000 0.276 0.160 0.002 m17
#box: 1.090 0.147 0.000 1.107 0.176 0.002 m6
#box: 0.515 0.165 0.000 0.540 0.195 0.002 m18
#box: 0.053 0.147 0.000 0.071 0.194 0.002 m7
#box: 0.960 0.131 0.000 0.964 0.151 0.002 m18
#box: 0.311 0.185 0.000 0.342 0.205 0.002 m17
#box: 0.537 0.171 0.000 0.568 0.217 0.002 m1
#box: 0.888 0.116 0.000 0.912 0.156 0.002 m4
#box: 0.963 0.153 0.000 0.980 0.174 0.002 m7
#box: 1.029 0.143 0.000 1.058 0.189 0.002 m5
#box: 0.644 0.203 0.000 0.654 0.244 0.002 m17
#box: 0.731 0.215 0.000 0.755 0.246 0.002 m8
#box: 0.531 0.219 0.000 0.538 0.243 0.002 m16
#box: 0.042 0.185 0.000 0.048 0.226 0.002 m16
#box: 0.980 0.215 0.000 1.013 0.244 0.002 m16
#box: 0.365 0.128 0.000 0.373 0.173 0.002 m10
#box: 0.703 0.138 0.000 0.741 0.174 0.002 m9
#box: 0.105 0.119 0.000 0.141 0.161 0.002 m4
#box: 1.086 0.152 0.000 1.107 0.198 0.002 m20
#box: 0.153 0.135 0.000 0.191 0.163 0.002 m13
#box: 0.976 0.123 0.000 1.016 0.151 0.002 m3
#box: 0.442 0.121 0.000 0.465 0.156 0.002 m11
#box: 0.278 0.151 0.000 0.313 0.192 0.002 m4
#box: 0.121 0.162 0.000 0.143 0.200 0.002 m12
#box: 1.077 0.189 0.000 1.098 0.213 0.002 m5
#box: 0.432 0.168 0.000 0.461 0.210 0.002 m4
#box: 0.630 0.177 0.000 0.636 0.208 0.002 m10
#box: 0.330 0.137 0.000 0.346 0.182 0.002 m11
#box: 0.496 0.134 0.000 0.500 0.162 0.002 m4
#box: 0.161 0.129 0.000 0.167 0.166 0.002 m13
#box: 0.442 0.115 0.000 0.473 0.153 0.002 m6
#box: 0.775 0.178 0.000 0.779 0.222 0.002 m14
#box: 0.271 0.136 0.000 0.302 0.167 0.002 m13
#box: 0.342 0.141 0.000 0.374 0.175 0.002 m12
#box: 0.078 0.161 0.000 0.090 0.195 0.002 m2
#box: 0.497 0.175 0.000 0.529 0.208 0.002 m18
#box: 0.380 0.138 0.000 0.394 0.188 0.002 m11
#box: 0.773 0.112 0.000 0.799 0.155 0.002 m4
#box: 1.024 0.160 0.000 1.060 0.189 0.002 m4
#box: 0.634 0.194 0.000 0.643 0.232 0.002 m10
#box: 0.300 0.161 0.000 0.322 0.193 0.002 m7
#box: 0.980 0.215 0.000 0.995 0.249 0.002 m17
#box: 0.911 0.218 0.000 0.932 0.244 0.002 m8
#box: 0.493 0.183 0.000 0.497 0.224 0.002 m17
#box: 0.420 0.181 0.000 0.427 0.216 0.002 m9
#box: 0.435 0.150 0.000 0.444 0.176 0.002 m8
#box: 0.016 0.167 0.000 0.053 0.198 0.002 m13
#box: 1.025 0.118 0.000 1.029 0.162 0.002 m2
#box: 0.334 0.167 0.000 0.339 0.206 0.002 m13
#box: 1.087 0.164 0.000 1.120 0.196 0.002 m12
#box: 0.203 0.190 0.000 0.239 0.235 0.002 m7
#box: 0.181 0.122 0.000 0.189 0.156 0.002 m11
#box: 0.976 0.154 0.000 1.001 0.189 0.002 m20
#box: 0.908 0.184 0.000 0.913 0.231 0.002 m3
#box: 0.712 0.192 0.000 0.738 0.227 0.002 m20
#box: 0.738 0.187 0.000 0.753 0.220 0.002 m12
#box: 0.600 0.172 0.000 0.624 0.213 0.002 m17
#box: 0.127 0.192 0.000 0.132 0.225 0.002 m16
#box: 0.961 0.126 0.000 0.994 0.157 0.002 m14
#box: 0.880 0.193 0.000 0.911 0.221 0.002 m9
#box: 0.727 0.154 0.000 0.763 0.201 0.002 m4
#box: 0.001 0.161 0.000 0.020 0.186 0.002 m5
#box: 0.404 0.218 0.000 0.417 0.244 0.002 m18
#box: 0.563 0.199 0.000 0.581 0.228 0.002 m17
#box: 0.213 0.144 0.000 0.233 0.194 0.002 m19
#box: 0.632 0.174 0.000 0.642 0.201 0.002 m10
#box: 0.971 0.199 0.000 0.987 0.226 0.002 m17
#box: 0.641 0.143 0.000 0.655 0.182 0.002 m16
#box: 0.178 0.194 0.000 0.194 0.227 0.002 m16
#box: 0.552 0.132 0.000 0.558 0.160 0.002 m5
#box: 0.349 0.165 0.000 0.360 0.204 0.002 m14
#box: 0.800 0.205 0.000 0.823 0.227 0.002 m17
#box: 0.561 0.116 0.000 0.594 0.162 0.002 m16
#box: 0.485 0.202 0.000 0.501 0.245 0.002 m14
#box: 0.149 0.183 0.000 0.172 0.223 0.002 m19
#box: 0.953 0.196 0.000 0.959 0.225 0.002 m1
#box: 0.489 0.193 0.000 0.509 0.234 0.002 m16
#box: 0.489 0.136 0.000 0.520 0.172 0.002 m4
#box: 0.831 0.210 0.000 0.858 0.238 0.002 m4
#box: 0.739 0.172 0.000 0.770 0.193 0.002 m10
#box: 0.876 0.157 0.000 0.900 0.187 0.002 m16
#box: 0.258 0.133 0.000 0.294 0.155 0.002 m4
#box: 0.313 0.197 0.000 0.340 0.242 0.002 m7
#box: 0.655 0.193 0.000 0.665 0.242 0.002 m13
#box: 0.479 0.192 0.000 0.487 0.228 0.002 m13
#box: 0.291 0.190 0.000 0.326 0.216 0.002 m11
#box: 0.327 0.181 0.000 0.331 0.226 0.002 m1
#box: 0.405 0.196 0.000 0.421 0.216 0.002 m19
#box: 0.846 0.126 0.000 0.851 0.173 0.002 m14
#box: 0.059 0.139 0.000 0.097 0.181 0.002 m7
#box: 0.919 0.223 0.000 0.923 0.243 0.002 m19
#box: 0.765 0.142 0.000 0.774 0.180 0.002 m4
#box: 0.551 0.119 0.000 0.562 0.162 0.002 m20
#box: 0.798 0.178 0.000 0.837 0.208 0.002 m5
#box: 0.072 0.188 0.000 0.087 0.237 0.002 m19
#box: 0.665 0.150 0.000 0.695 0.197 0.002 m1
#box: 0.136 0.125 0.000 0.171 0.165 0.002 m4
#box: 0.419 0.167 0.000 0.436 0.208 0.002 m11
#box: 0.830 0.158 0.000 0.835 0.181 0.002 m14
#box: 0.320 0.132 0.000 0.341 0.152 0.002 m11
#box: 0.409 0.177 0.000 0.439 0.222 0.002 m11
#box: 0.771 0.224 0.000 0.790 0.248 0.002 m10
#box: 0.555 0.203 0.000 0.586 0.246 0.002 m19
#box: 0.169 0.202 0.000 0.195 0.230 0.002 m16
#box: 0.346 0.119 0.000 0.351 0.160 0.002 m6
#box: 0.792 0.210 0.000 0.796 0.237 0.002 m20
#box: 0.704 0.154 0.000 0.734 0.197 0.002 m19
#box: 0.568 0.127 0.000 0.602 0.150 0.002 m10
#box: 0.071 0.157 0.000 0.098 0.183 0.002 m11
#box: 0.885 0.138 0.000 0.899 0.185 0.002 m3
#box: 0.230 0.173 0.000 0.260 0.203 0.002 m17
#box: 0.872 0.191 0.000 0.890 0.237 0.002 m13
#box: 0.453 0.109 0.000 0.470 0.157 0.002 m20
#box: 0.215 0.180 0.000 0.243 0.212 0.002 m17
#box: 0.336 0.213 0.000 0.366 0.243 0.002 m14
#box: 0.050 0.168 0.000 0.058 0.206 0.002 m10
#box: 1.009 0.170 0.000 1.029 0.200 0.002 m20
#box: 0.345 0.169 0.000 0.383 0.201 0.002 m10
#box: 0.826 0.222 0.000 0.862 0.249 0.002 m11
#box: 0.327 0.173 0.000 0.331 0.199 0.002 m4
