testingplz 
#domain: 1.200 0.300 0.002 
#dx_dy_dz: 0.002 0.002 0.002 
#time_window: 5.000000e-09 

#excitation_file: mala_source_modified.txt 
#hertzian_dipole: z 0.080 0.250 0 mala_source 
#rx: 0.120 0.250 0.000 
#src_steps: 0.002 0.000 0.000 
#rx_steps: 0.002 0.000 0.000 

#material: 5.000 0.220 1.000 0.000 concrete
#material: 1.000 0.000 1.000 0.000 air
#material: 80.000 0.500 1.000 0.000 water

#material: 1.000 0.000 1.000 0.000 m1
#material: 2.000 0.000 1.000 0.000 m2
#material: 3.000 0.000 1.000 0.000 m3
#material: 4.000 0.000 1.000 0.000 m4
#material: 5.000 0.000 1.000 0.000 m5
#material: 6.000 0.000 1.000 0.000 m6
#material: 7.000 0.000 1.000 0.000 m7
#material: 8.000 0.000 1.000 0.000 m8
#material: 9.000 0.000 1.000 0.000 m9
#material: 10.000 0.000 1.000 0.000 m10
#material: 11.000 0.000 1.000 0.000 m11
#material: 12.000 0.000 1.000 0.000 m12
#material: 13.000 0.000 1.000 0.000 m13
#material: 14.000 0.000 1.000 0.000 m14
#material: 15.000 0.000 1.000 0.000 m15
#material: 16.000 0.000 1.000 0.000 m16
#material: 17.000 0.000 1.000 0.000 m17
#material: 18.000 0.000 1.000 0.000 m18
#material: 19.000 0.000 1.000 0.000 m19
#material: 20.000 0.000 1.000 0.000 m20

#box: 0.000 0.000 0.000 1.200 0.250 0.002 concrete

#cylinder: 0.718 0.155 0.000 0.718 0.155 0.002 0.004 m8
#cylinder: 0.045 0.191 0.000 0.045 0.191 0.002 0.003 m15
#cylinder: 0.274 0.198 0.000 0.274 0.198 0.002 0.009 m14
#cylinder: 0.754 0.207 0.000 0.754 0.207 0.002 0.005 m11
#cylinder: 0.594 0.115 0.000 0.594 0.115 0.002 0.009 m20
#cylinder: 0.659 0.159 0.000 0.659 0.159 0.002 0.003 m14
#cylinder: 0.879 0.121 0.000 0.879 0.121 0.002 0.004 m7
#cylinder: 0.206 0.180 0.000 0.206 0.180 0.002 0.009 m13
#cylinder: 0.931 0.209 0.000 0.931 0.209 0.002 0.003 m15
#cylinder: 0.135 0.219 0.000 0.135 0.219 0.002 0.008 m15
#cylinder: 1.093 0.119 0.000 1.093 0.119 0.002 0.003 m6
#cylinder: 0.714 0.106 0.000 0.714 0.106 0.002 0.002 m16
#cylinder: 0.307 0.112 0.000 0.307 0.112 0.002 0.009 m13
#cylinder: 0.061 0.111 0.000 0.061 0.111 0.002 0.005 m16
#cylinder: 0.840 0.193 0.000 0.840 0.193 0.002 0.005 m11
#cylinder: 0.588 0.122 0.000 0.588 0.122 0.002 0.009 m11
#cylinder: 0.446 0.196 0.000 0.446 0.196 0.002 0.007 m14
#cylinder: 0.233 0.164 0.000 0.233 0.164 0.002 0.007 m18
#cylinder: 0.516 0.138 0.000 0.516 0.138 0.002 0.006 m4
#cylinder: 0.393 0.118 0.000 0.393 0.118 0.002 0.007 m5
#cylinder: 0.123 0.125 0.000 0.123 0.125 0.002 0.003 m10
#cylinder: 0.051 0.191 0.000 0.051 0.191 0.002 0.009 m6
#cylinder: 0.786 0.210 0.000 0.786 0.210 0.002 0.003 m7
#cylinder: 0.273 0.147 0.000 0.273 0.147 0.002 0.003 m18
#cylinder: 0.510 0.175 0.000 0.510 0.175 0.002 0.008 m6
#cylinder: 0.378 0.157 0.000 0.378 0.157 0.002 0.006 m6
#cylinder: 0.583 0.160 0.000 0.583 0.160 0.002 0.007 m5
#cylinder: 0.319 0.131 0.000 0.319 0.131 0.002 0.009 m2
#cylinder: 0.387 0.195 0.000 0.387 0.195 0.002 0.007 m17
#cylinder: 0.647 0.108 0.000 0.647 0.108 0.002 0.010 m3
#cylinder: 0.214 0.202 0.000 0.214 0.202 0.002 0.004 m12
#cylinder: 0.966 0.138 0.000 0.966 0.138 0.002 0.003 m3
#cylinder: 0.527 0.187 0.000 0.527 0.187 0.002 0.006 m10
#cylinder: 0.852 0.133 0.000 0.852 0.133 0.002 0.009 m3
#cylinder: 0.523 0.131 0.000 0.523 0.131 0.002 0.004 m17
#cylinder: 0.352 0.128 0.000 0.352 0.128 0.002 0.007 m5
#cylinder: 0.698 0.162 0.000 0.698 0.162 0.002 0.009 m2
#cylinder: 0.067 0.198 0.000 0.067 0.198 0.002 0.004 m17
#cylinder: 0.017 0.156 0.000 0.017 0.156 0.002 0.009 m20
#cylinder: 0.894 0.115 0.000 0.894 0.115 0.002 0.009 m9
#cylinder: 0.343 0.113 0.000 0.343 0.113 0.002 0.008 m8
#cylinder: 1.078 0.113 0.000 1.078 0.113 0.002 0.009 m3
#cylinder: 0.601 0.173 0.000 0.601 0.173 0.002 0.009 m20
#cylinder: 0.693 0.124 0.000 0.693 0.124 0.002 0.010 m2
#cylinder: 0.126 0.136 0.000 0.126 0.136 0.002 0.004 m15
#cylinder: 0.424 0.185 0.000 0.424 0.185 0.002 0.004 m1
#cylinder: 0.820 0.186 0.000 0.820 0.186 0.002 0.002 m6
#cylinder: 0.650 0.143 0.000 0.650 0.143 0.002 0.006 m18
#cylinder: 1.097 0.126 0.000 1.097 0.126 0.002 0.009 m5
#cylinder: 0.371 0.162 0.000 0.371 0.162 0.002 0.009 m6
#cylinder: 0.970 0.164 0.000 0.970 0.164 0.002 0.003 m11
#cylinder: 0.117 0.137 0.000 0.117 0.137 0.002 0.006 m14
#cylinder: 0.679 0.103 0.000 0.679 0.103 0.002 0.005 m10
#cylinder: 0.798 0.199 0.000 0.798 0.199 0.002 0.002 m4
#cylinder: 0.506 0.100 0.000 0.506 0.100 0.002 0.007 m20
#cylinder: 1.075 0.133 0.000 1.075 0.133 0.002 0.003 m18
#cylinder: 0.255 0.219 0.000 0.255 0.219 0.002 0.006 m18
#cylinder: 0.378 0.141 0.000 0.378 0.141 0.002 0.006 m9
#cylinder: 0.996 0.107 0.000 0.996 0.107 0.002 0.006 m8
#cylinder: 0.867 0.143 0.000 0.867 0.143 0.002 0.003 m2
#cylinder: 0.005 0.145 0.000 0.005 0.145 0.002 0.006 m7
#cylinder: 0.200 0.169 0.000 0.200 0.169 0.002 0.008 m1
#cylinder: 0.334 0.209 0.000 0.334 0.209 0.002 0.009 m17
#cylinder: 0.595 0.140 0.000 0.595 0.140 0.002 0.009 m13
#cylinder: 0.873 0.182 0.000 0.873 0.182 0.002 0.004 m14
#cylinder: 0.575 0.140 0.000 0.575 0.140 0.002 0.007 m9
#cylinder: 0.884 0.111 0.000 0.884 0.111 0.002 0.010 m3
#cylinder: 1.011 0.186 0.000 1.011 0.186 0.002 0.008 m16
#cylinder: 0.788 0.206 0.000 0.788 0.206 0.002 0.008 m2
#cylinder: 0.727 0.100 0.000 0.727 0.100 0.002 0.005 m2
#cylinder: 0.973 0.112 0.000 0.973 0.112 0.002 0.003 m10
#cylinder: 0.469 0.210 0.000 0.469 0.210 0.002 0.009 m14
#cylinder: 0.844 0.209 0.000 0.844 0.209 0.002 0.005 m19
#cylinder: 0.000 0.209 0.000 0.000 0.209 0.002 0.004 m14
#cylinder: 0.551 0.156 0.000 0.551 0.156 0.002 0.004 m6
#cylinder: 0.949 0.162 0.000 0.949 0.162 0.002 0.006 m10
#cylinder: 0.877 0.208 0.000 0.877 0.208 0.002 0.007 m20
#cylinder: 0.535 0.153 0.000 0.535 0.153 0.002 0.004 m15
#cylinder: 0.549 0.197 0.000 0.549 0.197 0.002 0.010 m12
#cylinder: 1.045 0.138 0.000 1.045 0.138 0.002 0.004 m13
#cylinder: 0.995 0.116 0.000 0.995 0.116 0.002 0.006 m5
#cylinder: 0.733 0.206 0.000 0.733 0.206 0.002 0.006 m4
#cylinder: 0.331 0.128 0.000 0.331 0.128 0.002 0.006 m10
#cylinder: 1.040 0.136 0.000 1.040 0.136 0.002 0.004 m16
#cylinder: 0.783 0.147 0.000 0.783 0.147 0.002 0.006 m5
#cylinder: 0.431 0.183 0.000 0.431 0.183 0.002 0.002 m14
#cylinder: 0.392 0.107 0.000 0.392 0.107 0.002 0.009 m8
#cylinder: 0.364 0.163 0.000 0.364 0.163 0.002 0.009 m3
#cylinder: 0.507 0.155 0.000 0.507 0.155 0.002 0.009 m4
#cylinder: 0.168 0.163 0.000 0.168 0.163 0.002 0.004 m13
#cylinder: 0.290 0.217 0.000 0.290 0.217 0.002 0.006 m8
#cylinder: 0.684 0.105 0.000 0.684 0.105 0.002 0.005 m12
#cylinder: 0.689 0.138 0.000 0.689 0.138 0.002 0.008 m5
#cylinder: 0.329 0.136 0.000 0.329 0.136 0.002 0.006 m8
#cylinder: 0.948 0.181 0.000 0.948 0.181 0.002 0.005 m19
#cylinder: 0.515 0.142 0.000 0.515 0.142 0.002 0.007 m9
#cylinder: 0.273 0.219 0.000 0.273 0.219 0.002 0.009 m14
#cylinder: 0.288 0.159 0.000 0.288 0.159 0.002 0.010 m2
#cylinder: 0.356 0.209 0.000 0.356 0.209 0.002 0.004 m15
#cylinder: 0.746 0.129 0.000 0.746 0.129 0.002 0.003 m8
#cylinder: 0.653 0.175 0.000 0.653 0.175 0.002 0.004 m2
#cylinder: 0.400 0.193 0.000 0.400 0.193 0.002 0.004 m20
#cylinder: 0.097 0.211 0.000 0.097 0.211 0.002 0.010 m19
#cylinder: 0.404 0.190 0.000 0.404 0.190 0.002 0.006 m3
#cylinder: 0.249 0.154 0.000 0.249 0.154 0.002 0.004 m13
#cylinder: 0.197 0.187 0.000 0.197 0.187 0.002 0.007 m20
#cylinder: 0.344 0.122 0.000 0.344 0.122 0.002 0.006 m20
#cylinder: 0.738 0.124 0.000 0.738 0.124 0.002 0.003 m12
#cylinder: 0.960 0.131 0.000 0.960 0.131 0.002 0.003 m2
#cylinder: 1.026 0.149 0.000 1.026 0.149 0.002 0.009 m7
#cylinder: 0.986 0.162 0.000 0.986 0.162 0.002 0.003 m11
#cylinder: 0.220 0.186 0.000 0.220 0.186 0.002 0.009 m1
#cylinder: 0.133 0.184 0.000 0.133 0.184 0.002 0.005 m18
#cylinder: 0.498 0.138 0.000 0.498 0.138 0.002 0.006 m19
#cylinder: 0.782 0.153 0.000 0.782 0.153 0.002 0.009 m16
#cylinder: 0.875 0.125 0.000 0.875 0.125 0.002 0.009 m15
#cylinder: 0.282 0.180 0.000 0.282 0.180 0.002 0.006 m16
#cylinder: 0.269 0.179 0.000 0.269 0.179 0.002 0.009 m8
#cylinder: 0.888 0.194 0.000 0.888 0.194 0.002 0.002 m20
#cylinder: 0.727 0.198 0.000 0.727 0.198 0.002 0.004 m2
#cylinder: 0.344 0.113 0.000 0.344 0.113 0.002 0.005 m11
#cylinder: 0.012 0.162 0.000 0.012 0.162 0.002 0.008 m7
#cylinder: 0.954 0.201 0.000 0.954 0.201 0.002 0.009 m16
#cylinder: 0.110 0.154 0.000 0.110 0.154 0.002 0.004 m13
#cylinder: 0.799 0.208 0.000 0.799 0.208 0.002 0.009 m13
#cylinder: 0.232 0.181 0.000 0.232 0.181 0.002 0.004 m18
#cylinder: 1.062 0.153 0.000 1.062 0.153 0.002 0.007 m17
#cylinder: 0.612 0.103 0.000 0.612 0.103 0.002 0.002 m12
#cylinder: 0.996 0.143 0.000 0.996 0.143 0.002 0.004 m6
#cylinder: 0.043 0.177 0.000 0.043 0.177 0.002 0.004 m1
#cylinder: 0.133 0.198 0.000 0.133 0.198 0.002 0.005 m7
#cylinder: 0.829 0.213 0.000 0.829 0.213 0.002 0.009 m19
#cylinder: 0.208 0.201 0.000 0.208 0.201 0.002 0.004 m19
#cylinder: 0.320 0.121 0.000 0.320 0.121 0.002 0.009 m12
#cylinder: 1.032 0.192 0.000 1.032 0.192 0.002 0.004 m7
#cylinder: 0.223 0.197 0.000 0.223 0.197 0.002 0.003 m13
#cylinder: 0.914 0.145 0.000 0.914 0.145 0.002 0.004 m1
#cylinder: 0.777 0.160 0.000 0.777 0.160 0.002 0.007 m17
#cylinder: 0.733 0.112 0.000 0.733 0.112 0.002 0.004 m10
#cylinder: 0.259 0.214 0.000 0.259 0.214 0.002 0.003 m20
#cylinder: 0.631 0.214 0.000 0.631 0.214 0.002 0.003 m20
#cylinder: 0.157 0.133 0.000 0.157 0.133 0.002 0.006 m20
#cylinder: 0.413 0.206 0.000 0.413 0.206 0.002 0.007 m15
#cylinder: 0.380 0.115 0.000 0.380 0.115 0.002 0.007 m19
#cylinder: 0.088 0.196 0.000 0.088 0.196 0.002 0.010 m15
#cylinder: 0.935 0.121 0.000 0.935 0.121 0.002 0.007 m17
#cylinder: 0.318 0.148 0.000 0.318 0.148 0.002 0.008 m12
#cylinder: 0.456 0.196 0.000 0.456 0.196 0.002 0.004 m14
#cylinder: 0.878 0.142 0.000 0.878 0.142 0.002 0.005 m13
#cylinder: 0.051 0.106 0.000 0.051 0.106 0.002 0.009 m5
#cylinder: 1.077 0.145 0.000 1.077 0.145 0.002 0.005 m20
#cylinder: 0.936 0.201 0.000 0.936 0.201 0.002 0.004 m19
#cylinder: 0.718 0.190 0.000 0.718 0.190 0.002 0.004 m11
#cylinder: 0.889 0.153 0.000 0.889 0.153 0.002 0.009 m4
#cylinder: 0.375 0.145 0.000 0.375 0.145 0.002 0.008 m6
#cylinder: 0.205 0.122 0.000 0.205 0.122 0.002 0.008 m6
#cylinder: 0.386 0.217 0.000 0.386 0.217 0.002 0.004 m1
#cylinder: 0.948 0.139 0.000 0.948 0.139 0.002 0.007 m10
#cylinder: 0.237 0.147 0.000 0.237 0.147 0.002 0.009 m14
#cylinder: 0.620 0.105 0.000 0.620 0.105 0.002 0.004 m18
#cylinder: 1.029 0.161 0.000 1.029 0.161 0.002 0.003 m15
#cylinder: 0.008 0.196 0.000 0.008 0.196 0.002 0.008 m5
#cylinder: 0.720 0.161 0.000 0.720 0.161 0.002 0.006 m20
#cylinder: 0.282 0.206 0.000 0.282 0.206 0.002 0.003 m16
#cylinder: 0.935 0.114 0.000 0.935 0.114 0.002 0.005 m5
#cylinder: 0.818 0.105 0.000 0.818 0.105 0.002 0.004 m11
#cylinder: 0.621 0.215 0.000 0.621 0.215 0.002 0.006 m9
#cylinder: 0.559 0.165 0.000 0.559 0.165 0.002 0.006 m12
#cylinder: 0.997 0.105 0.000 0.997 0.105 0.002 0.009 m2
#cylinder: 0.311 0.167 0.000 0.311 0.167 0.002 0.004 m15
#cylinder: 0.777 0.112 0.000 0.777 0.112 0.002 0.004 m10
#cylinder: 1.091 0.148 0.000 1.091 0.148 0.002 0.007 m15
#cylinder: 0.843 0.148 0.000 0.843 0.148 0.002 0.010 m9
#cylinder: 0.412 0.211 0.000 0.412 0.211 0.002 0.009 m12
#cylinder: 0.675 0.115 0.000 0.675 0.115 0.002 0.009 m7
#cylinder: 0.527 0.161 0.000 0.527 0.161 0.002 0.005 m4
#cylinder: 0.011 0.175 0.000 0.011 0.175 0.002 0.004 m14
#cylinder: 0.965 0.184 0.000 0.965 0.184 0.002 0.009 m15
#cylinder: 0.121 0.141 0.000 0.121 0.141 0.002 0.009 m3
#cylinder: 1.052 0.126 0.000 1.052 0.126 0.002 0.004 m16
#cylinder: 0.815 0.129 0.000 0.815 0.129 0.002 0.003 m7
#cylinder: 0.295 0.136 0.000 0.295 0.136 0.002 0.006 m4
#cylinder: 0.747 0.202 0.000 0.747 0.202 0.002 0.010 m17
#cylinder: 0.830 0.200 0.000 0.830 0.200 0.002 0.007 m19
#cylinder: 0.399 0.191 0.000 0.399 0.191 0.002 0.007 m1
#cylinder: 0.256 0.198 0.000 0.256 0.198 0.002 0.006 m10
#cylinder: 0.000 0.182 0.000 0.000 0.182 0.002 0.005 m1
#cylinder: 0.080 0.157 0.000 0.080 0.157 0.002 0.004 m8
#cylinder: 0.031 0.167 0.000 0.031 0.167 0.002 0.003 m11
#cylinder: 0.740 0.172 0.000 0.740 0.172 0.002 0.007 m4
#cylinder: 0.362 0.168 0.000 0.362 0.168 0.002 0.005 m1
#cylinder: 0.390 0.203 0.000 0.390 0.203 0.002 0.009 m10
#cylinder: 0.309 0.162 0.000 0.309 0.162 0.002 0.005 m6
#cylinder: 0.358 0.185 0.000 0.358 0.185 0.002 0.004 m20
#cylinder: 0.323 0.128 0.000 0.323 0.128 0.002 0.006 m17
#cylinder: 0.990 0.216 0.000 0.990 0.216 0.002 0.006 m6
#cylinder: 0.176 0.213 0.000 0.176 0.213 0.002 0.002 m18
#cylinder: 0.758 0.152 0.000 0.758 0.152 0.002 0.002 m15
#cylinder: 0.018 0.142 0.000 0.018 0.142 0.002 0.003 m9
#cylinder: 0.346 0.197 0.000 0.346 0.197 0.002 0.007 m3
