testingplz 
#domain: 1.200 0.300 0.002 
#dx_dy_dz: 0.002 0.002 0.002 
#time_window: 5.000000e-09 

#excitation_file: mala_source_modified.txt 
#hertzian_dipole: z 0.080 0.250 0 mala_source 
#rx: 0.120 0.250 0.000 
#src_steps: 0.002 0.000 0.000 
#rx_steps: 0.002 0.000 0.000 

#material: 5.000 0.220 1.000 0.000 concrete
#material: 1.000 0.000 1.000 0.000 air
#material: 80.000 0.500 1.000 0.000 water

#material: 1.000 0.000 1.000 0.000 m1
#material: 2.000 0.000 1.000 0.000 m2
#material: 3.000 0.000 1.000 0.000 m3
#material: 4.000 0.000 1.000 0.000 m4
#material: 5.000 0.000 1.000 0.000 m5
#material: 6.000 0.000 1.000 0.000 m6
#material: 7.000 0.000 1.000 0.000 m7
#material: 8.000 0.000 1.000 0.000 m8
#material: 9.000 0.000 1.000 0.000 m9
#material: 10.000 0.000 1.000 0.000 m10
#material: 11.000 0.000 1.000 0.000 m11
#material: 12.000 0.000 1.000 0.000 m12
#material: 13.000 0.000 1.000 0.000 m13
#material: 14.000 0.000 1.000 0.000 m14
#material: 15.000 0.000 1.000 0.000 m15
#material: 16.000 0.000 1.000 0.000 m16
#material: 17.000 0.000 1.000 0.000 m17
#material: 18.000 0.000 1.000 0.000 m18
#material: 19.000 0.000 1.000 0.000 m19
#material: 20.000 0.000 1.000 0.000 m20

#box: 0.000 0.000 0.000 1.200 0.250 0.002 concrete

#box: 0.961 0.151 0.000 1.001 0.198 0.002 m6
#box: 0.922 0.189 0.000 0.927 0.238 0.002 m13
#box: 0.725 0.183 0.000 0.764 0.223 0.002 m1
#box: 0.491 0.217 0.000 0.517 0.241 0.002 m19
#box: 0.835 0.197 0.000 0.853 0.242 0.002 m6
#box: 0.125 0.202 0.000 0.145 0.223 0.002 m14
#box: 0.405 0.102 0.000 0.411 0.151 0.002 m19
#box: 0.786 0.163 0.000 0.802 0.200 0.002 m6
#box: 0.730 0.127 0.000 0.758 0.170 0.002 m16
#box: 0.694 0.153 0.000 0.717 0.181 0.002 m9
#box: 1.077 0.171 0.000 1.087 0.219 0.002 m6
#box: 0.702 0.133 0.000 0.713 0.174 0.002 m7
#box: 0.066 0.127 0.000 0.097 0.157 0.002 m18
#box: 0.247 0.150 0.000 0.282 0.175 0.002 m4
#box: 0.085 0.171 0.000 0.097 0.208 0.002 m17
#box: 0.242 0.213 0.000 0.255 0.235 0.002 m17
#box: 0.995 0.146 0.000 1.030 0.178 0.002 m2
#box: 0.985 0.152 0.000 1.020 0.192 0.002 m3
#box: 0.911 0.183 0.000 0.948 0.205 0.002 m11
#box: 0.488 0.196 0.000 0.527 0.242 0.002 m12
#box: 1.029 0.202 0.000 1.046 0.224 0.002 m3
#box: 0.392 0.139 0.000 0.407 0.189 0.002 m6
#box: 0.553 0.166 0.000 0.572 0.188 0.002 m20
#box: 0.807 0.211 0.000 0.811 0.236 0.002 m12
#box: 0.702 0.166 0.000 0.735 0.216 0.002 m19
#box: 0.533 0.124 0.000 0.538 0.155 0.002 m8
#box: 0.148 0.154 0.000 0.156 0.193 0.002 m12
#box: 1.051 0.199 0.000 1.071 0.226 0.002 m11
#box: 0.601 0.189 0.000 0.629 0.231 0.002 m19
#box: 0.019 0.129 0.000 0.036 0.165 0.002 m19
#box: 0.119 0.141 0.000 0.149 0.191 0.002 m19
#box: 1.075 0.173 0.000 1.082 0.216 0.002 m19
#box: 1.046 0.217 0.000 1.075 0.244 0.002 m16
#box: 0.429 0.153 0.000 0.456 0.200 0.002 m1
#box: 0.463 0.176 0.000 0.467 0.197 0.002 m16
#box: 0.878 0.168 0.000 0.902 0.205 0.002 m7
#box: 1.025 0.156 0.000 1.042 0.197 0.002 m19
#box: 0.175 0.175 0.000 0.215 0.197 0.002 m4
#box: 0.357 0.153 0.000 0.365 0.192 0.002 m3
#box: 0.141 0.182 0.000 0.153 0.202 0.002 m6
#box: 0.240 0.183 0.000 0.261 0.223 0.002 m15
#box: 0.501 0.142 0.000 0.509 0.167 0.002 m4
#box: 0.930 0.180 0.000 0.958 0.209 0.002 m16
#box: 1.083 0.137 0.000 1.104 0.173 0.002 m12
#box: 0.469 0.127 0.000 0.473 0.173 0.002 m15
#box: 0.661 0.136 0.000 0.695 0.172 0.002 m15
#box: 0.887 0.162 0.000 0.924 0.210 0.002 m12
#box: 0.835 0.117 0.000 0.853 0.156 0.002 m1
#box: 0.775 0.184 0.000 0.798 0.219 0.002 m16
#box: 1.039 0.218 0.000 1.054 0.244 0.002 m10
#box: 0.576 0.139 0.000 0.612 0.181 0.002 m4
#box: 0.748 0.140 0.000 0.782 0.174 0.002 m2
#box: 0.944 0.150 0.000 0.979 0.187 0.002 m12
#box: 0.515 0.219 0.000 0.544 0.240 0.002 m8
#box: 0.243 0.192 0.000 0.265 0.232 0.002 m8
#box: 0.284 0.149 0.000 0.288 0.190 0.002 m8
#box: 0.742 0.165 0.000 0.748 0.200 0.002 m6
#box: 0.432 0.212 0.000 0.460 0.239 0.002 m19
#box: 0.670 0.203 0.000 0.687 0.240 0.002 m18
#box: 0.129 0.190 0.000 0.153 0.221 0.002 m20
#box: 0.597 0.144 0.000 0.622 0.167 0.002 m13
#box: 0.672 0.194 0.000 0.697 0.231 0.002 m11
#box: 0.919 0.158 0.000 0.955 0.197 0.002 m3
#box: 0.185 0.124 0.000 0.208 0.174 0.002 m18
#box: 0.593 0.204 0.000 0.613 0.232 0.002 m6
#box: 0.142 0.185 0.000 0.146 0.205 0.002 m18
#box: 0.724 0.205 0.000 0.755 0.232 0.002 m1
#box: 1.069 0.123 0.000 1.109 0.160 0.002 m9
#box: 0.176 0.134 0.000 0.191 0.170 0.002 m19
#box: 0.030 0.171 0.000 0.042 0.202 0.002 m3
#box: 0.074 0.136 0.000 0.083 0.161 0.002 m6
#box: 1.041 0.185 0.000 1.059 0.220 0.002 m6
#box: 0.293 0.165 0.000 0.330 0.204 0.002 m20
#box: 0.787 0.175 0.000 0.821 0.219 0.002 m17
#box: 0.402 0.111 0.000 0.418 0.160 0.002 m4
#box: 0.253 0.216 0.000 0.265 0.245 0.002 m1
#box: 0.929 0.176 0.000 0.965 0.213 0.002 m18
#box: 0.050 0.209 0.000 0.078 0.244 0.002 m16
#box: 0.109 0.121 0.000 0.126 0.162 0.002 m11
#box: 0.151 0.167 0.000 0.157 0.191 0.002 m2
#box: 0.104 0.107 0.000 0.140 0.154 0.002 m8
#box: 0.739 0.134 0.000 0.760 0.163 0.002 m12
#box: 0.056 0.130 0.000 0.088 0.162 0.002 m6
#box: 0.320 0.168 0.000 0.339 0.189 0.002 m14
#box: 0.508 0.144 0.000 0.537 0.177 0.002 m15
#box: 0.611 0.195 0.000 0.648 0.240 0.002 m17
#box: 0.713 0.178 0.000 0.721 0.220 0.002 m11
#box: 0.377 0.183 0.000 0.413 0.229 0.002 m16
#box: 0.923 0.219 0.000 0.943 0.244 0.002 m7
#box: 0.984 0.126 0.000 0.988 0.160 0.002 m9
#box: 0.211 0.129 0.000 0.225 0.158 0.002 m6
#box: 0.885 0.212 0.000 0.925 0.244 0.002 m14
#box: 0.947 0.189 0.000 0.978 0.218 0.002 m9
#box: 0.609 0.190 0.000 0.639 0.236 0.002 m13
#box: 0.093 0.165 0.000 0.122 0.189 0.002 m20
#box: 1.057 0.202 0.000 1.090 0.245 0.002 m17
#box: 1.075 0.167 0.000 1.097 0.215 0.002 m5
#box: 0.497 0.150 0.000 0.516 0.185 0.002 m20
#box: 0.676 0.193 0.000 0.688 0.229 0.002 m15
#box: 0.673 0.150 0.000 0.697 0.172 0.002 m11
#box: 0.082 0.140 0.000 0.122 0.171 0.002 m13
#box: 0.157 0.201 0.000 0.172 0.248 0.002 m12
#box: 0.288 0.145 0.000 0.297 0.193 0.002 m17
#box: 0.244 0.152 0.000 0.261 0.184 0.002 m6
#box: 0.827 0.178 0.000 0.847 0.220 0.002 m2
#box: 0.804 0.155 0.000 0.827 0.186 0.002 m14
#box: 0.061 0.150 0.000 0.095 0.175 0.002 m14
#box: 0.391 0.148 0.000 0.410 0.191 0.002 m19
#box: 0.196 0.117 0.000 0.235 0.167 0.002 m19
#box: 0.448 0.216 0.000 0.467 0.243 0.002 m3
#box: 0.258 0.131 0.000 0.282 0.159 0.002 m10
#box: 0.367 0.186 0.000 0.400 0.224 0.002 m12
#box: 0.899 0.211 0.000 0.913 0.234 0.002 m14
#box: 0.278 0.141 0.000 0.293 0.162 0.002 m12
#box: 0.831 0.213 0.000 0.867 0.248 0.002 m3
#box: 1.077 0.217 0.000 1.081 0.242 0.002 m6
#box: 0.951 0.186 0.000 0.984 0.217 0.002 m15
#box: 0.833 0.186 0.000 0.840 0.210 0.002 m19
#box: 0.935 0.207 0.000 0.974 0.245 0.002 m20
#box: 0.780 0.156 0.000 0.820 0.200 0.002 m11
#box: 1.016 0.152 0.000 1.033 0.186 0.002 m16
#box: 0.976 0.137 0.000 0.999 0.169 0.002 m8
#box: 0.335 0.197 0.000 0.340 0.228 0.002 m3
#box: 0.211 0.164 0.000 0.216 0.192 0.002 m7
#box: 0.713 0.172 0.000 0.750 0.200 0.002 m8
#box: 0.422 0.135 0.000 0.462 0.156 0.002 m7
#box: 0.037 0.205 0.000 0.051 0.226 0.002 m15
#box: 0.501 0.113 0.000 0.512 0.159 0.002 m19
#box: 0.165 0.153 0.000 0.199 0.187 0.002 m14
#box: 1.012 0.149 0.000 1.020 0.194 0.002 m3
#box: 0.389 0.173 0.000 0.415 0.194 0.002 m14
#box: 0.660 0.143 0.000 0.699 0.192 0.002 m6
#box: 0.218 0.112 0.000 0.235 0.152 0.002 m1
#box: 0.769 0.208 0.000 0.774 0.234 0.002 m15
#box: 0.145 0.163 0.000 0.165 0.192 0.002 m13
#box: 1.033 0.176 0.000 1.046 0.206 0.002 m2
#box: 0.056 0.198 0.000 0.063 0.243 0.002 m16
#box: 0.045 0.123 0.000 0.082 0.155 0.002 m6
#box: 0.483 0.122 0.000 0.506 0.165 0.002 m14
#box: 0.511 0.157 0.000 0.522 0.199 0.002 m16
#box: 0.159 0.198 0.000 0.186 0.230 0.002 m12
#box: 0.718 0.172 0.000 0.747 0.198 0.002 m8
#box: 0.273 0.123 0.000 0.312 0.157 0.002 m13
#box: 0.940 0.209 0.000 0.951 0.235 0.002 m16
#box: 0.266 0.126 0.000 0.280 0.169 0.002 m19
#box: 0.003 0.222 0.000 0.019 0.245 0.002 m12
#box: 0.267 0.147 0.000 0.301 0.170 0.002 m8
#box: 0.992 0.163 0.000 1.022 0.211 0.002 m4
#box: 0.090 0.150 0.000 0.105 0.199 0.002 m11
#box: 1.051 0.206 0.000 1.075 0.243 0.002 m9
#box: 1.011 0.156 0.000 1.019 0.206 0.002 m2
#box: 0.619 0.206 0.000 0.655 0.228 0.002 m4
#box: 0.413 0.206 0.000 0.442 0.241 0.002 m20
#box: 0.710 0.194 0.000 0.745 0.240 0.002 m19
#box: 0.446 0.219 0.000 0.475 0.246 0.002 m11
#box: 0.364 0.169 0.000 0.394 0.195 0.002 m13
#box: 0.195 0.147 0.000 0.235 0.191 0.002 m2
#box: 0.674 0.143 0.000 0.689 0.175 0.002 m3
#box: 0.656 0.153 0.000 0.676 0.194 0.002 m17
#box: 0.849 0.164 0.000 0.861 0.210 0.002 m14
#box: 0.667 0.174 0.000 0.697 0.221 0.002 m11
#box: 0.359 0.207 0.000 0.381 0.240 0.002 m5
#box: 0.291 0.117 0.000 0.322 0.161 0.002 m6
#box: 0.047 0.205 0.000 0.074 0.233 0.002 m18
#box: 0.106 0.192 0.000 0.129 0.221 0.002 m3
#box: 1.027 0.186 0.000 1.042 0.230 0.002 m20
#box: 0.029 0.181 0.000 0.053 0.203 0.002 m15
#box: 0.051 0.160 0.000 0.059 0.197 0.002 m5
#box: 1.038 0.217 0.000 1.055 0.250 0.002 m7
#box: 0.233 0.169 0.000 0.259 0.198 0.002 m12
#box: 0.223 0.182 0.000 0.262 0.209 0.002 m12
#box: 0.840 0.174 0.000 0.873 0.204 0.002 m1
#box: 0.258 0.169 0.000 0.277 0.191 0.002 m14
#box: 0.912 0.198 0.000 0.921 0.248 0.002 m4
#box: 0.421 0.186 0.000 0.461 0.219 0.002 m3
#box: 0.911 0.173 0.000 0.949 0.221 0.002 m9
#box: 0.635 0.120 0.000 0.653 0.156 0.002 m15
#box: 0.245 0.194 0.000 0.251 0.232 0.002 m4
#box: 0.771 0.191 0.000 0.784 0.213 0.002 m7
#box: 0.489 0.147 0.000 0.494 0.183 0.002 m1
#box: 0.410 0.188 0.000 0.427 0.232 0.002 m8
#box: 0.275 0.185 0.000 0.287 0.220 0.002 m6
#box: 0.395 0.200 0.000 0.408 0.226 0.002 m13
#box: 0.904 0.121 0.000 0.928 0.165 0.002 m18
#box: 0.957 0.139 0.000 0.977 0.184 0.002 m13
#box: 0.349 0.213 0.000 0.387 0.250 0.002 m5
#box: 0.002 0.181 0.000 0.026 0.226 0.002 m17
#box: 0.129 0.162 0.000 0.150 0.212 0.002 m15
#box: 0.695 0.209 0.000 0.728 0.241 0.002 m1
#box: 0.388 0.158 0.000 0.427 0.197 0.002 m8
#box: 0.407 0.145 0.000 0.420 0.170 0.002 m15
#box: 0.397 0.133 0.000 0.411 0.161 0.002 m5
#box: 0.068 0.170 0.000 0.104 0.210 0.002 m4
#box: 0.241 0.204 0.000 0.280 0.246 0.002 m5
#box: 0.101 0.127 0.000 0.130 0.177 0.002 m3
#box: 0.024 0.176 0.000 0.058 0.226 0.002 m5
#box: 0.989 0.192 0.000 1.002 0.240 0.002 m8
#box: 0.858 0.156 0.000 0.873 0.203 0.002 m14
#box: 0.061 0.129 0.000 0.088 0.162 0.002 m10
#box: 0.492 0.189 0.000 0.522 0.232 0.002 m5
