testingplz 
#domain: 1.200 0.300 0.002 
#dx_dy_dz: 0.002 0.002 0.002 
#time_window: 5.000000e-09 

#excitation_file: mala_source_modified.txt 
#hertzian_dipole: z 0.080 0.250 0 mala_source 
#rx: 0.120 0.250 0.000 
#src_steps: 0.002 0.000 0.000 
#rx_steps: 0.002 0.000 0.000 

#material: 5.000 0.220 1.000 0.000 concrete
#material: 1.000 0.000 1.000 0.000 air
#material: 80.000 0.500 1.000 0.000 water

#material: 1.000 0.000 1.000 0.000 m1
#material: 2.000 0.000 1.000 0.000 m2
#material: 3.000 0.000 1.000 0.000 m3
#material: 4.000 0.000 1.000 0.000 m4
#material: 5.000 0.000 1.000 0.000 m5
#material: 6.000 0.000 1.000 0.000 m6
#material: 7.000 0.000 1.000 0.000 m7
#material: 8.000 0.000 1.000 0.000 m8
#material: 9.000 0.000 1.000 0.000 m9
#material: 10.000 0.000 1.000 0.000 m10
#material: 11.000 0.000 1.000 0.000 m11
#material: 12.000 0.000 1.000 0.000 m12
#material: 13.000 0.000 1.000 0.000 m13
#material: 14.000 0.000 1.000 0.000 m14
#material: 15.000 0.000 1.000 0.000 m15
#material: 16.000 0.000 1.000 0.000 m16
#material: 17.000 0.000 1.000 0.000 m17
#material: 18.000 0.000 1.000 0.000 m18
#material: 19.000 0.000 1.000 0.000 m19
#material: 20.000 0.000 1.000 0.000 m20

#box: 0.000 0.000 0.000 1.200 0.250 0.002 concrete

#cylinder: 0.596 0.162 0.000 0.596 0.162 0.002 0.009 m6
#cylinder: 0.893 0.217 0.000 0.893 0.217 0.002 0.009 m4
#cylinder: 0.762 0.212 0.000 0.762 0.212 0.002 0.009 m14
#cylinder: 0.008 0.194 0.000 0.008 0.194 0.002 0.004 m15
#cylinder: 0.500 0.113 0.000 0.500 0.113 0.002 0.009 m6
#cylinder: 0.807 0.172 0.000 0.807 0.172 0.002 0.009 m3
#cylinder: 0.739 0.146 0.000 0.739 0.146 0.002 0.010 m10
#cylinder: 0.858 0.102 0.000 0.858 0.102 0.002 0.003 m17
#cylinder: 1.022 0.143 0.000 1.022 0.143 0.002 0.003 m7
#cylinder: 0.024 0.120 0.000 0.024 0.120 0.002 0.004 m6
#cylinder: 0.894 0.135 0.000 0.894 0.135 0.002 0.010 m9
#cylinder: 0.307 0.206 0.000 0.307 0.206 0.002 0.009 m13
#cylinder: 0.831 0.179 0.000 0.831 0.179 0.002 0.009 m12
#cylinder: 0.465 0.117 0.000 0.465 0.117 0.002 0.009 m16
#cylinder: 0.509 0.219 0.000 0.509 0.219 0.002 0.006 m5
#cylinder: 0.452 0.181 0.000 0.452 0.181 0.002 0.007 m17
#cylinder: 0.267 0.129 0.000 0.267 0.129 0.002 0.009 m5
#cylinder: 0.186 0.188 0.000 0.186 0.188 0.002 0.005 m14
#cylinder: 0.103 0.201 0.000 0.103 0.201 0.002 0.006 m1
#cylinder: 0.337 0.114 0.000 0.337 0.114 0.002 0.005 m2
#cylinder: 0.557 0.159 0.000 0.557 0.159 0.002 0.004 m19
#cylinder: 0.717 0.158 0.000 0.717 0.158 0.002 0.003 m4
#cylinder: 0.575 0.174 0.000 0.575 0.174 0.002 0.009 m3
#cylinder: 0.944 0.122 0.000 0.944 0.122 0.002 0.004 m11
#cylinder: 0.767 0.134 0.000 0.767 0.134 0.002 0.009 m8
#cylinder: 0.772 0.147 0.000 0.772 0.147 0.002 0.010 m8
#cylinder: 0.826 0.218 0.000 0.826 0.218 0.002 0.007 m16
#cylinder: 0.047 0.194 0.000 0.047 0.194 0.002 0.006 m14
#cylinder: 0.571 0.219 0.000 0.571 0.219 0.002 0.006 m2
#cylinder: 0.676 0.159 0.000 0.676 0.159 0.002 0.004 m18
#cylinder: 0.957 0.153 0.000 0.957 0.153 0.002 0.009 m5
#cylinder: 0.025 0.134 0.000 0.025 0.134 0.002 0.005 m9
#cylinder: 0.497 0.161 0.000 0.497 0.161 0.002 0.002 m15
#cylinder: 0.249 0.106 0.000 0.249 0.106 0.002 0.007 m6
#cylinder: 0.029 0.214 0.000 0.029 0.214 0.002 0.007 m10
#cylinder: 0.651 0.128 0.000 0.651 0.128 0.002 0.009 m18
#cylinder: 0.262 0.118 0.000 0.262 0.118 0.002 0.005 m13
#cylinder: 0.911 0.104 0.000 0.911 0.104 0.002 0.009 m3
#cylinder: 0.843 0.176 0.000 0.843 0.176 0.002 0.004 m5
#cylinder: 0.940 0.210 0.000 0.940 0.210 0.002 0.008 m1
#cylinder: 0.271 0.214 0.000 0.271 0.214 0.002 0.002 m17
#cylinder: 0.903 0.166 0.000 0.903 0.166 0.002 0.005 m13
#cylinder: 0.006 0.159 0.000 0.006 0.159 0.002 0.006 m12
#cylinder: 0.540 0.122 0.000 0.540 0.122 0.002 0.009 m17
#cylinder: 0.360 0.164 0.000 0.360 0.164 0.002 0.009 m4
#cylinder: 0.061 0.207 0.000 0.061 0.207 0.002 0.004 m19
#cylinder: 0.529 0.179 0.000 0.529 0.179 0.002 0.003 m5
#cylinder: 0.657 0.195 0.000 0.657 0.195 0.002 0.007 m19
#cylinder: 0.491 0.140 0.000 0.491 0.140 0.002 0.007 m13
#cylinder: 0.553 0.119 0.000 0.553 0.119 0.002 0.006 m3
#cylinder: 0.191 0.101 0.000 0.191 0.101 0.002 0.009 m2
#cylinder: 0.045 0.173 0.000 0.045 0.173 0.002 0.007 m13
#cylinder: 0.101 0.160 0.000 0.101 0.160 0.002 0.009 m13
#cylinder: 0.578 0.209 0.000 0.578 0.209 0.002 0.009 m2
#cylinder: 0.667 0.203 0.000 0.667 0.203 0.002 0.004 m5
#cylinder: 0.745 0.218 0.000 0.745 0.218 0.002 0.010 m8
#cylinder: 0.065 0.195 0.000 0.065 0.195 0.002 0.010 m3
#cylinder: 0.939 0.115 0.000 0.939 0.115 0.002 0.006 m11
#cylinder: 0.019 0.151 0.000 0.019 0.151 0.002 0.007 m7
#cylinder: 0.658 0.114 0.000 0.658 0.114 0.002 0.007 m8
#cylinder: 0.329 0.106 0.000 0.329 0.106 0.002 0.003 m13
#cylinder: 0.177 0.174 0.000 0.177 0.174 0.002 0.004 m6
#cylinder: 0.403 0.208 0.000 0.403 0.208 0.002 0.003 m2
#cylinder: 0.056 0.122 0.000 0.056 0.122 0.002 0.008 m10
#cylinder: 0.778 0.112 0.000 0.778 0.112 0.002 0.005 m2
#cylinder: 0.449 0.185 0.000 0.449 0.185 0.002 0.004 m19
#cylinder: 0.824 0.146 0.000 0.824 0.146 0.002 0.003 m11
#cylinder: 0.542 0.136 0.000 0.542 0.136 0.002 0.009 m2
#cylinder: 0.047 0.139 0.000 0.047 0.139 0.002 0.008 m4
#cylinder: 0.722 0.145 0.000 0.722 0.145 0.002 0.006 m12
#cylinder: 0.028 0.151 0.000 0.028 0.151 0.002 0.006 m11
#cylinder: 0.453 0.187 0.000 0.453 0.187 0.002 0.007 m14
#cylinder: 0.784 0.109 0.000 0.784 0.109 0.002 0.008 m15
#cylinder: 0.503 0.100 0.000 0.503 0.100 0.002 0.003 m13
#cylinder: 0.814 0.177 0.000 0.814 0.177 0.002 0.004 m11
#cylinder: 0.674 0.122 0.000 0.674 0.122 0.002 0.003 m12
#cylinder: 0.546 0.130 0.000 0.546 0.130 0.002 0.009 m3
#cylinder: 0.159 0.151 0.000 0.159 0.151 0.002 0.003 m20
#cylinder: 0.061 0.126 0.000 0.061 0.126 0.002 0.009 m11
#cylinder: 0.748 0.213 0.000 0.748 0.213 0.002 0.005 m6
#cylinder: 0.494 0.178 0.000 0.494 0.178 0.002 0.008 m13
#cylinder: 0.809 0.170 0.000 0.809 0.170 0.002 0.004 m14
#cylinder: 0.212 0.117 0.000 0.212 0.117 0.002 0.006 m8
#cylinder: 0.220 0.128 0.000 0.220 0.128 0.002 0.006 m1
#cylinder: 0.095 0.195 0.000 0.095 0.195 0.002 0.008 m17
#cylinder: 0.765 0.143 0.000 0.765 0.143 0.002 0.010 m8
#cylinder: 0.322 0.142 0.000 0.322 0.142 0.002 0.009 m16
#cylinder: 0.465 0.167 0.000 0.465 0.167 0.002 0.008 m19
#cylinder: 0.592 0.193 0.000 0.592 0.193 0.002 0.005 m12
#cylinder: 0.337 0.111 0.000 0.337 0.111 0.002 0.010 m4
#cylinder: 0.795 0.175 0.000 0.795 0.175 0.002 0.009 m2
#cylinder: 0.731 0.106 0.000 0.731 0.106 0.002 0.007 m10
#cylinder: 0.209 0.100 0.000 0.209 0.100 0.002 0.005 m3
#cylinder: 0.981 0.171 0.000 0.981 0.171 0.002 0.010 m18
#cylinder: 1.040 0.167 0.000 1.040 0.167 0.002 0.006 m3
#cylinder: 0.032 0.163 0.000 0.032 0.163 0.002 0.007 m16
#cylinder: 0.579 0.133 0.000 0.579 0.133 0.002 0.008 m4
#cylinder: 0.864 0.211 0.000 0.864 0.211 0.002 0.009 m2
#cylinder: 0.859 0.176 0.000 0.859 0.176 0.002 0.003 m2
#cylinder: 0.535 0.159 0.000 0.535 0.159 0.002 0.004 m11
#cylinder: 0.843 0.192 0.000 0.843 0.192 0.002 0.007 m6
#cylinder: 0.596 0.149 0.000 0.596 0.149 0.002 0.008 m20
#cylinder: 0.747 0.126 0.000 0.747 0.126 0.002 0.005 m12
#cylinder: 0.036 0.115 0.000 0.036 0.115 0.002 0.005 m3
#cylinder: 0.882 0.108 0.000 0.882 0.108 0.002 0.003 m13
#cylinder: 0.339 0.183 0.000 0.339 0.183 0.002 0.003 m17
#cylinder: 0.659 0.116 0.000 0.659 0.116 0.002 0.004 m15
#cylinder: 0.490 0.124 0.000 0.490 0.124 0.002 0.004 m6
#cylinder: 0.744 0.163 0.000 0.744 0.163 0.002 0.002 m18
#cylinder: 0.093 0.189 0.000 0.093 0.189 0.002 0.004 m17
#cylinder: 0.900 0.193 0.000 0.900 0.193 0.002 0.007 m16
#cylinder: 0.836 0.212 0.000 0.836 0.212 0.002 0.009 m10
#cylinder: 0.320 0.176 0.000 0.320 0.176 0.002 0.004 m7
#cylinder: 0.989 0.159 0.000 0.989 0.159 0.002 0.009 m12
#cylinder: 1.096 0.202 0.000 1.096 0.202 0.002 0.007 m3
#cylinder: 1.095 0.108 0.000 1.095 0.108 0.002 0.006 m14
#cylinder: 0.015 0.205 0.000 0.015 0.205 0.002 0.006 m15
#cylinder: 0.812 0.174 0.000 0.812 0.174 0.002 0.004 m2
#cylinder: 0.166 0.149 0.000 0.166 0.149 0.002 0.009 m16
#cylinder: 0.025 0.146 0.000 0.025 0.146 0.002 0.005 m15
#cylinder: 0.568 0.189 0.000 0.568 0.189 0.002 0.005 m19
#cylinder: 0.455 0.127 0.000 0.455 0.127 0.002 0.009 m10
#cylinder: 0.423 0.193 0.000 0.423 0.193 0.002 0.004 m20
#cylinder: 0.059 0.180 0.000 0.059 0.180 0.002 0.010 m7
#cylinder: 0.163 0.115 0.000 0.163 0.115 0.002 0.004 m19
#cylinder: 0.210 0.164 0.000 0.210 0.164 0.002 0.005 m14
#cylinder: 0.112 0.106 0.000 0.112 0.106 0.002 0.004 m3
#cylinder: 0.774 0.162 0.000 0.774 0.162 0.002 0.004 m20
#cylinder: 0.840 0.123 0.000 0.840 0.123 0.002 0.003 m16
#cylinder: 0.832 0.114 0.000 0.832 0.114 0.002 0.003 m6
#cylinder: 0.452 0.208 0.000 0.452 0.208 0.002 0.008 m14
#cylinder: 0.658 0.203 0.000 0.658 0.203 0.002 0.003 m7
#cylinder: 0.663 0.215 0.000 0.663 0.215 0.002 0.005 m15
#cylinder: 0.968 0.211 0.000 0.968 0.211 0.002 0.005 m1
#cylinder: 0.125 0.167 0.000 0.125 0.167 0.002 0.006 m7
#cylinder: 0.138 0.189 0.000 0.138 0.189 0.002 0.004 m17
#cylinder: 0.307 0.192 0.000 0.307 0.192 0.002 0.004 m17
#cylinder: 0.352 0.161 0.000 0.352 0.161 0.002 0.009 m14
#cylinder: 0.967 0.125 0.000 0.967 0.125 0.002 0.006 m4
#cylinder: 0.005 0.148 0.000 0.005 0.148 0.002 0.004 m15
#cylinder: 0.800 0.155 0.000 0.800 0.155 0.002 0.003 m18
#cylinder: 0.873 0.141 0.000 0.873 0.141 0.002 0.004 m13
#cylinder: 0.761 0.164 0.000 0.761 0.164 0.002 0.008 m9
#cylinder: 0.140 0.142 0.000 0.140 0.142 0.002 0.009 m7
#cylinder: 0.766 0.126 0.000 0.766 0.126 0.002 0.003 m3
#cylinder: 0.040 0.138 0.000 0.040 0.138 0.002 0.002 m20
#cylinder: 0.313 0.107 0.000 0.313 0.107 0.002 0.009 m20
#cylinder: 0.143 0.174 0.000 0.143 0.174 0.002 0.007 m10
#cylinder: 0.940 0.141 0.000 0.940 0.141 0.002 0.005 m18
#cylinder: 0.974 0.144 0.000 0.974 0.144 0.002 0.007 m3
#cylinder: 0.424 0.181 0.000 0.424 0.181 0.002 0.004 m16
#cylinder: 0.675 0.108 0.000 0.675 0.108 0.002 0.006 m6
#cylinder: 0.054 0.183 0.000 0.054 0.183 0.002 0.009 m15
#cylinder: 0.969 0.141 0.000 0.969 0.141 0.002 0.008 m12
#cylinder: 0.208 0.215 0.000 0.208 0.215 0.002 0.005 m11
#cylinder: 0.561 0.117 0.000 0.561 0.117 0.002 0.004 m10
#cylinder: 0.519 0.198 0.000 0.519 0.198 0.002 0.004 m6
#cylinder: 0.005 0.164 0.000 0.005 0.164 0.002 0.004 m16
#cylinder: 0.957 0.175 0.000 0.957 0.175 0.002 0.006 m3
#cylinder: 0.059 0.193 0.000 0.059 0.193 0.002 0.005 m20
#cylinder: 0.725 0.103 0.000 0.725 0.103 0.002 0.004 m6
#cylinder: 1.092 0.100 0.000 1.092 0.100 0.002 0.007 m7
#cylinder: 0.685 0.119 0.000 0.685 0.119 0.002 0.005 m12
#cylinder: 0.057 0.198 0.000 0.057 0.198 0.002 0.010 m1
#cylinder: 0.399 0.182 0.000 0.399 0.182 0.002 0.006 m8
#cylinder: 0.575 0.141 0.000 0.575 0.141 0.002 0.004 m16
#cylinder: 0.775 0.139 0.000 0.775 0.139 0.002 0.002 m3
#cylinder: 0.105 0.195 0.000 0.105 0.195 0.002 0.005 m14
#cylinder: 0.998 0.186 0.000 0.998 0.186 0.002 0.006 m2
#cylinder: 0.987 0.166 0.000 0.987 0.166 0.002 0.009 m11
#cylinder: 0.623 0.203 0.000 0.623 0.203 0.002 0.002 m7
#cylinder: 0.879 0.114 0.000 0.879 0.114 0.002 0.009 m11
#cylinder: 0.256 0.114 0.000 0.256 0.114 0.002 0.006 m20
#cylinder: 0.495 0.208 0.000 0.495 0.208 0.002 0.003 m4
#cylinder: 0.112 0.174 0.000 0.112 0.174 0.002 0.009 m15
#cylinder: 0.981 0.102 0.000 0.981 0.102 0.002 0.009 m8
#cylinder: 0.371 0.121 0.000 0.371 0.121 0.002 0.004 m12
#cylinder: 0.341 0.140 0.000 0.341 0.140 0.002 0.009 m20
#cylinder: 0.458 0.165 0.000 0.458 0.165 0.002 0.009 m4
#cylinder: 0.065 0.106 0.000 0.065 0.106 0.002 0.006 m10
#cylinder: 0.300 0.155 0.000 0.300 0.155 0.002 0.009 m16
#cylinder: 0.034 0.159 0.000 0.034 0.159 0.002 0.009 m12
#cylinder: 0.249 0.171 0.000 0.249 0.171 0.002 0.007 m10
#cylinder: 0.496 0.161 0.000 0.496 0.161 0.002 0.007 m19
#cylinder: 0.392 0.157 0.000 0.392 0.157 0.002 0.004 m6
#cylinder: 0.992 0.134 0.000 0.992 0.134 0.002 0.006 m17
#cylinder: 0.717 0.217 0.000 0.717 0.217 0.002 0.002 m3
#cylinder: 0.785 0.190 0.000 0.785 0.190 0.002 0.008 m2
#cylinder: 0.312 0.213 0.000 0.312 0.213 0.002 0.004 m1
#cylinder: 0.617 0.118 0.000 0.617 0.118 0.002 0.009 m13
#cylinder: 0.847 0.110 0.000 0.847 0.110 0.002 0.006 m16
#cylinder: 0.643 0.136 0.000 0.643 0.136 0.002 0.007 m13
#cylinder: 0.561 0.212 0.000 0.561 0.212 0.002 0.002 m10
#cylinder: 1.054 0.112 0.000 1.054 0.112 0.002 0.006 m9
#cylinder: 0.236 0.172 0.000 0.236 0.172 0.002 0.008 m7
#cylinder: 0.957 0.143 0.000 0.957 0.143 0.002 0.007 m12
#cylinder: 0.096 0.172 0.000 0.096 0.172 0.002 0.005 m5
#cylinder: 0.964 0.112 0.000 0.964 0.112 0.002 0.004 m6
#cylinder: 0.806 0.189 0.000 0.806 0.189 0.002 0.005 m3
#cylinder: 0.353 0.115 0.000 0.353 0.115 0.002 0.006 m1
